Date,Close,High,Low,Open,Volume,Signal Open Price
2008-04-01,51.36000061035156,51.36000061035156,50.90999984741211,50.90999984741211,1100,
2008-04-02,51.86000061035156,52.029998779296875,51.849998474121094,51.849998474121094,2000,
2008-04-03,52.31999969482422,52.36000061035156,52.11000061035156,52.11000061035156,1800,
2008-04-04,52.45000076293945,57.54999923706055,52.2599983215332,57.54999923706055,1700,
2008-04-07,52.709999084472656,52.709999084472656,50.81999969482422,52.209999084472656,800,
2008-04-08,52.459999084472656,68.16999816894531,52.09000015258789,66.16999816894531,4500,
2008-04-09,52.279998779296875,52.279998779296875,52.27000045776367,52.27000045776367,600,
2008-04-10,51.97999954223633,55.9900016784668,51.68000030517578,55.9900016784668,15200,
2008-04-11,51.47999954223633,52.880001068115234,51.47999954223633,51.79999923706055,8300,
2008-04-14,51.13999938964844,51.459999084472656,47.7400016784668,50.040000915527344,8900,
2008-04-15,51.650001525878906,52.380001068115234,51.59000015258789,52.380001068115234,1600,
2008-04-16,53.11000061035156,54.400001525878906,52.959999084472656,52.959999084472656,13200,
2008-04-17,53.04999923706055,53.04999923706055,52.81999969482422,52.81999969482422,3600,
2008-04-18,53.5099983215332,53.630001068115234,53.189998626708984,53.189998626708984,3200,
2008-04-21,53.95000076293945,54.04999923706055,53.58000183105469,54.04999923706055,4000,
2008-04-22,53.369998931884766,53.91999816894531,53.369998931884766,53.91999816894531,1000,
2008-04-23,53.65999984741211,53.81999969482422,53.59000015258789,53.59000015258789,2300,
2008-04-24,53.66999816894531,53.66999816894531,53.0,53.11000061035156,2700,
2008-04-25,53.54999923706055,53.650001525878906,53.54999923706055,53.650001525878906,2800,
2008-04-28,54.560001373291016,55.20000076293945,54.040000915527344,54.040000915527344,4900,
2008-04-29,53.61000061035156,53.90999984741211,53.540000915527344,53.90999984741211,11500,
2008-04-30,54.439998626708984,55.38999938964844,53.88999938964844,53.88999938964844,5900,
2008-05-01,53.84000015258789,53.970001220703125,53.529998779296875,53.72999954223633,6700,
2008-05-02,54.15999984741211,55.900001525878906,54.130001068115234,54.529998779296875,74200,
2008-05-05,54.599998474121094,54.619998931884766,54.470001220703125,54.540000915527344,10300,
2008-05-06,55.02000045776367,55.029998779296875,54.529998779296875,54.529998779296875,20400,
2008-05-07,54.150001525878906,54.84000015258789,54.150001525878906,54.84000015258789,7100,
2008-05-08,54.279998779296875,54.52000045776367,54.279998779296875,54.38999938964844,8200,
2008-05-09,54.2400016784668,54.310001373291016,54.11000061035156,54.11000061035156,10800,
2008-05-12,54.810001373291016,54.83000183105469,54.369998931884766,54.4900016784668,2000,
2008-05-13,54.70000076293945,54.7599983215332,54.54999923706055,54.65999984741211,3400,
2008-05-14,54.720001220703125,55.06999969482422,54.720001220703125,54.9900016784668,6600,
2008-05-15,55.459999084472656,55.47999954223633,55.15999984741211,55.209999084472656,6900,
2008-05-16,56.209999084472656,56.220001220703125,55.84000015258789,56.029998779296875,8100,
2008-05-19,56.400001525878906,56.630001068115234,56.349998474121094,56.470001220703125,5000,
2008-05-20,55.70000076293945,55.900001525878906,55.630001068115234,55.72999954223633,41900,
2008-05-21,55.09000015258789,55.86000061035156,55.09000015258789,55.779998779296875,34600,
2008-05-22,55.52000045776367,55.7400016784668,55.08000183105469,55.58000183105469,39500,
2008-05-23,54.959999084472656,55.4900016784668,54.810001373291016,55.4900016784668,9700,
2008-05-27,54.470001220703125,56.40999984741211,54.459999084472656,56.40999984741211,24400,
2008-05-28,54.459999084472656,54.52000045776367,54.29999923706055,54.31999969482422,3500,
2008-05-29,54.7599983215332,54.959999084472656,54.619998931884766,54.619998931884766,2500,
2008-05-30,54.869998931884766,55.029998779296875,54.869998931884766,54.91999816894531,1700,
2008-06-02,54.70000076293945,56.0,54.459999084472656,54.650001525878906,25700,
2008-06-03,54.33000183105469,54.70000076293945,54.279998779296875,54.689998626708984,9400,
2008-06-04,53.900001525878906,54.220001220703125,53.79999923706055,53.959999084472656,7600,
2008-06-05,54.709999084472656,54.709999084472656,54.150001525878906,54.20000076293945,2000,
2008-06-06,53.560001373291016,54.2599983215332,53.560001373291016,54.2400016784668,5700,
2008-06-09,53.099998474121094,53.650001525878906,53.029998779296875,53.650001525878906,2500,
2008-06-10,52.439998626708984,52.540000915527344,52.310001373291016,52.540000915527344,7300,
2008-06-11,51.810001373291016,52.540000915527344,51.810001373291016,52.40999984741211,11400,
2008-06-12,51.619998931884766,51.91999816894531,51.599998474121094,51.599998474121094,44300,
2008-06-13,52.0,52.04999923706055,51.47999954223633,51.560001373291016,14700,
2008-06-16,52.529998779296875,52.689998626708984,52.16999816894531,52.16999816894531,18900,
2008-06-17,52.83000183105469,52.849998474121094,52.54999923706055,52.54999923706055,7200,
2008-06-18,52.369998931884766,52.400001525878906,52.27000045776367,52.369998931884766,6700,
2008-06-19,52.130001068115234,52.130001068115234,52.130001068115234,52.130001068115234,100,
2008-06-20,50.97999954223633,51.5,50.97999954223633,51.5,13000,
2008-06-23,50.93000030517578,51.13999938964844,50.83000183105469,50.849998474121094,10200,
2008-06-24,50.650001525878906,51.04999923706055,50.650001525878906,50.70000076293945,10200,
2008-06-25,51.25,51.47999954223633,51.13999938964844,51.150001525878906,4100,
2008-06-26,50.22999954223633,50.849998474121094,50.029998779296875,50.790000915527344,38000,
2008-06-27,50.33000183105469,50.459999084472656,50.13999938964844,50.25,35000,
2008-06-30,50.2400016784668,50.61000061035156,50.209999084472656,50.540000915527344,18700,
2008-07-01,49.65999984741211,49.81999969482422,49.36000061035156,49.709999084472656,17500,
2008-07-02,49.310001373291016,49.31999969482422,49.310001373291016,49.310001373291016,102300,
2008-07-03,49.25,49.5,49.25,49.5,53700,
2008-07-07,48.68000030517578,49.380001068115234,48.459999084472656,49.09000015258789,11600,
2008-07-08,49.38999938964844,49.38999938964844,48.029998779296875,48.41999816894531,63500,
2008-07-09,48.529998779296875,49.36000061035156,48.5,49.29999923706055,21700,
2008-07-10,48.560001373291016,48.88999938964844,48.20000076293945,48.63999938964844,10400,
2008-07-11,48.25,48.43000030517578,47.34000015258789,48.43000030517578,4300,
2008-07-14,48.34000015258789,48.40999984741211,48.08000183105469,48.349998474121094,1900,
2008-07-15,47.84000015258789,47.86000061035156,47.400001525878906,47.400001525878906,13000,
2008-07-16,47.95000076293945,47.95000076293945,47.119998931884766,47.220001220703125,5900,
2008-07-17,48.790000915527344,48.84000015258789,48.5099983215332,48.84000015258789,8100,
2008-07-18,48.81999969482422,48.900001525878906,48.689998626708984,48.810001373291016,5900,
2008-07-21,49.209999084472656,49.31999969482422,49.18000030517578,49.290000915527344,13700,
2008-07-22,49.27000045776367,49.27000045776367,48.72999954223633,48.77000045776367,5600,
2008-07-23,49.40999984741211,49.5099983215332,49.349998474121094,49.36000061035156,3500,
2008-07-24,48.439998626708984,49.41999816894531,48.439998626708984,49.41999816894531,98000,
2008-07-25,48.380001068115234,48.5099983215332,48.20000076293945,48.47999954223633,17900,
2008-07-28,47.90999984741211,48.43000030517578,47.86000061035156,48.36000061035156,22200,
2008-07-29,48.16999816894531,48.2599983215332,47.70000076293945,47.70000076293945,12100,
2008-07-30,48.630001068115234,48.630001068115234,48.16999816894531,48.36000061035156,6700,
2008-07-31,48.33000183105469,49.099998474121094,48.31999969482422,49.099998474121094,11700,
2008-08-01,47.689998626708984,59.16999816894531,47.529998779296875,48.16999816894531,25000,
2008-08-04,47.11000061035156,47.619998931884766,46.959999084472656,47.59000015258789,106000,
2008-08-05,47.619998931884766,47.86000061035156,47.279998779296875,47.29999923706055,18200,
2008-08-06,47.95000076293945,48.06999969482422,47.38999938964844,47.4900016784668,4700,
2008-08-07,47.130001068115234,47.68000030517578,47.09000015258789,47.369998931884766,30400,
2008-08-08,47.099998474121094,47.34000015258789,46.4900016784668,46.4900016784668,5400,
2008-08-11,47.02000045776367,47.40999984741211,46.959999084472656,47.279998779296875,85800,
2008-08-12,46.5,46.900001525878906,46.5,46.900001525878906,13700,
2008-08-13,46.2599983215332,46.2599983215332,45.77000045776367,46.06999969482422,3800,
2008-08-14,46.099998474121094,46.220001220703125,45.9900016784668,46.0,9600,
2008-08-15,45.720001220703125,45.91999816894531,45.599998474121094,45.81999969482422,2500,
2008-08-18,45.279998779296875,45.81999969482422,45.279998779296875,45.81999969482422,1900,
2008-08-19,44.72999954223633,44.90999984741211,44.59000015258789,44.83000183105469,5000,
2008-08-20,45.0,45.09000015258789,44.79999923706055,45.0099983215332,22100,
2008-08-21,45.529998779296875,45.68000030517578,45.099998474121094,45.2599983215332,119300,
2008-08-22,45.380001068115234,45.72999954223633,45.34000015258789,45.59000015258789,68000,
2008-08-25,44.66999816894531,45.7400016784668,44.66999816894531,45.7400016784668,18200,
2008-08-26,45.0099983215332,45.08000183105469,44.70000076293945,44.79999923706055,12400,
2008-08-27,45.5,45.54999923706055,45.27000045776367,45.27000045776367,5400,
2008-08-28,45.9900016784668,46.04999923706055,45.810001373291016,45.9900016784668,36600,
2008-08-29,45.95000076293945,46.189998626708984,45.900001525878906,46.130001068115234,291100,
2008-09-02,44.97999954223633,45.560001373291016,44.88999938964844,45.15999984741211,82000,
2008-09-03,44.709999084472656,44.810001373291016,44.439998626708984,44.779998779296875,24900,
2008-09-04,42.97999954223633,44.119998931884766,42.97999954223633,44.119998931884766,5300,
2008-09-05,42.72999954223633,42.7400016784668,42.099998474121094,42.650001525878906,40900,
2008-09-08,43.54999923706055,43.72999954223633,42.790000915527344,43.72999954223633,5800,
2008-09-09,41.81999969482422,43.119998931884766,41.81999969482422,43.11000061035156,36700,
2008-09-10,42.349998474121094,42.540000915527344,42.18000030517578,42.2400016784668,16000,
2008-09-11,41.63999938964844,41.709999084472656,41.11000061035156,41.380001068115234,128600,
2008-09-12,42.88999938964844,42.959999084472656,42.029998779296875,42.130001068115234,67500,
2008-09-15,40.83000183105469,41.63999938964844,40.83000183105469,41.38999938964844,11500,
2008-09-16,40.5,40.540000915527344,39.529998779296875,39.689998626708984,120700,
2008-09-17,39.11000061035156,39.84000015258789,38.63999938964844,39.84000015258789,25000,
2008-09-18,40.83000183105469,40.83000183105469,38.970001220703125,39.650001525878906,19300,
2008-09-19,43.59000015258789,45.02000045776367,43.22999954223633,43.59000015258789,13200,
2008-09-22,42.93000030517578,43.9900016784668,42.93000030517578,43.70000076293945,67100,
2008-09-23,42.040000915527344,42.86000061035156,41.849998474121094,42.81999969482422,18700,
2008-09-24,42.25,42.58000183105469,41.97999954223633,42.40999984741211,72900,
2008-09-25,43.06999969482422,43.27000045776367,42.560001373291016,42.709999084472656,48400,
2008-09-26,42.54999923706055,44.70000076293945,42.04999923706055,42.290000915527344,286500,
2008-09-29,38.099998474121094,40.540000915527344,35.0,40.540000915527344,29600,
2008-09-30,39.90999984741211,40.29999923706055,38.0,39.209999084472656,475700,
2008-10-01,39.689998626708984,39.970001220703125,39.0,39.619998931884766,114500,
2008-10-02,37.720001220703125,38.81999969482422,37.720001220703125,38.810001373291016,47700,
2008-10-03,37.38999938964844,38.81999969482422,37.369998931884766,38.41999816894531,13900,
2008-10-06,35.02000045776367,36.0099983215332,33.529998779296875,36.0099983215332,138400,
2008-10-07,33.189998626708984,39.0,33.15999984741211,39.0,58400,
2008-10-08,32.650001525878906,33.540000915527344,32.150001525878906,32.7400016784668,166200,
2008-10-09,30.420000076293945,33.58000183105469,30.260000228881836,33.56999969482422,51000,
2008-10-10,29.8799991607666,30.5,28.229999542236328,29.3799991607666,74100,
2008-10-13,34.38999938964844,34.38999938964844,31.639999389648438,31.639999389648438,227600,
2008-10-14,33.56999969482422,35.4900016784668,33.220001220703125,35.029998779296875,160800,
2008-10-15,29.90999984741211,32.709999084472656,29.90999984741211,32.709999084472656,108300,
2008-10-16,31.329999923706055,31.329999923706055,28.84000015258789,30.34000015258789,52100,
2008-10-17,31.040000915527344,33.290000915527344,30.030000686645508,30.040000915527344,74100,
2008-10-20,32.599998474121094,32.599998474121094,31.389999389648438,31.399999618530273,47900,
2008-10-21,30.8799991607666,31.989999771118164,30.75,31.75,103100,
2008-10-22,28.5,29.809999465942383,27.93000030517578,29.809999465942383,80300,
2008-10-23,28.299999237060547,29.1200008392334,27.440000534057617,28.309999465942383,81600,
2008-10-24,27.09000015258789,27.579999923706055,26.25,26.610000610351562,72100,
2008-10-27,25.540000915527344,26.649999618530273,25.540000915527344,26.149999618530273,167200,
2008-10-28,28.600000381469727,28.600000381469727,26.34000015258789,26.68000030517578,52800,
2008-10-29,29.260000228881836,30.020000457763672,28.559999465942383,28.559999465942383,84200,
2008-10-30,30.489999771118164,30.979999542236328,30.209999084472656,30.649999618530273,37700,
2008-10-31,30.729999542236328,31.190000534057617,29.850000381469727,29.850000381469727,31800,
2008-11-03,31.06999969482422,32.400001525878906,30.6299991607666,30.6299991607666,74200,
2008-11-04,33.040000915527344,33.2599983215332,30.899999618530273,31.979999542236328,236400,
2008-11-05,31.540000915527344,32.939998626708984,31.489999771118164,32.650001525878906,107400,
2008-11-06,29.329999923706055,31.75,29.270000457763672,30.399999618530273,1561700,
2008-11-07,30.93000030517578,30.93000030517578,30.0,30.0,71200,
2008-11-10,30.610000610351562,31.389999389648438,30.139999389648438,31.290000915527344,146700,
2008-11-11,29.1200008392334,31.850000381469727,28.920000076293945,31.850000381469727,1023100,
2008-11-12,27.579999923706055,28.639999389648438,26.309999465942383,28.639999389648438,244700,
2008-11-13,29.780000686645508,29.780000686645508,26.149999618530273,27.989999771118164,237900,
2008-11-14,27.860000610351562,29.010000228881836,27.43000030517578,28.739999771118164,47100,
2008-11-17,27.899999618530273,28.149999618530273,27.25,28.010000228881836,95600,
2008-11-18,27.549999237060547,27.65999984741211,26.780000686645508,27.229999542236328,203500,
2008-11-19,25.489999771118164,27.1299991607666,25.469999313354492,27.1299991607666,84800,
2008-11-20,24.1299991607666,25.510000228881836,23.809999465942383,25.450000762939453,167700,
2008-11-21,25.700000762939453,25.700000762939453,24.079999923706055,25.09000015258789,259800,
2008-11-24,27.690000534057617,27.989999771118164,26.1299991607666,26.1299991607666,278300,
2008-11-25,27.899999618530273,28.420000076293945,27.170000076293945,28.420000076293945,153200,
2008-11-26,28.59000015258789,28.600000381469727,27.170000076293945,27.170000076293945,208900,
2008-11-28,28.579999923706055,28.68000030517578,27.889999389648438,28.299999237060547,76600,
2008-12-01,26.5,27.860000610351562,26.34000015258789,27.860000610351562,169300,
2008-12-02,27.399999618530273,27.600000381469727,26.739999771118164,27.06999969482422,329500,
2008-12-03,27.670000076293945,27.670000076293945,26.5,26.84000015258789,1083500,
2008-12-04,26.639999389648438,27.350000381469727,26.18000030517578,27.1299991607666,290500,
2008-12-05,27.239999771118164,27.239999771118164,25.809999465942383,26.6299991607666,342600,
2008-12-08,28.690000534057617,28.899999618530273,28.110000610351562,28.209999084472656,183900,
2008-12-09,28.459999084472656,29.09000015258789,28.18000030517578,28.5,437800,
2008-12-10,29.3799991607666,29.469999313354492,28.889999389648438,29.020000457763672,391000,
2008-12-11,29.350000381469727,30.049999237060547,29.010000228881836,29.600000381469727,543600,
2008-12-12,29.5,29.700000762939453,28.59000015258789,28.75,309400,
2008-12-15,29.479999542236328,29.729999542236328,29.030000686645508,29.729999542236328,387800,
2008-12-16,31.0,31.06999969482422,29.399999618530273,29.549999237060547,544000,
2008-12-17,30.90999984741211,31.31999969482422,30.40999984741211,30.40999984741211,454800,
2008-12-18,30.030000686645508,31.3799991607666,29.760000228881836,31.3799991607666,324500,
2008-12-19,29.6200008392334,30.200000762939453,29.469999313354492,29.93000030517578,624500,
2008-12-22,29.389999389648438,29.8700008392334,28.950000762939453,29.8700008392334,329900,
2008-12-23,29.0,29.520000457763672,28.850000381469727,29.450000762939453,522400,
2008-12-24,29.18000030517578,29.219999313354492,29.020000457763672,29.100000381469727,147000,
2008-12-26,29.489999771118164,29.530000686645508,29.200000762939453,29.350000381469727,114900,
2008-12-29,29.639999389648438,29.979999542236328,29.260000228881836,29.8799991607666,221300,
2008-12-30,30.350000381469727,30.350000381469727,29.790000915527344,30.020000457763672,313600,
2008-12-31,30.719999313354492,30.90999984741211,30.290000915527344,30.290000915527344,261900,
2009-01-02,31.209999084472656,31.360000610351562,30.549999237060547,30.549999237060547,184200,
2009-01-05,31.170000076293945,31.299999237060547,30.780000686645508,30.780000686645508,654400,
2009-01-06,31.56999969482422,31.809999465942383,31.149999618530273,31.360000610351562,274800,
2009-01-07,30.760000228881836,31.360000610351562,30.56999969482422,31.309999465942383,215300,
2009-01-08,31.010000228881836,31.030000686645508,30.420000076293945,30.790000915527344,198700,
2009-01-09,30.100000381469727,30.75,30.06999969482422,30.75,124600,
2009-01-12,29.200000762939453,29.940000534057617,29.059999465942383,29.940000534057617,266300,
2009-01-13,28.56999969482422,28.93000030517578,28.360000610351562,28.649999618530273,372300,
2009-01-14,27.40999984741211,28.030000686645508,27.200000762939453,27.989999771118164,240000,
2009-01-15,27.760000228881836,27.969999313354492,26.829999923706055,27.489999771118164,179700,
2009-01-16,27.809999465942383,28.3700008392334,27.229999542236328,28.290000915527344,166900,
2009-01-20,25.760000228881836,27.25,25.719999313354492,27.25,327500,
2009-01-21,27.1299991607666,27.139999389648438,26.110000610351562,26.329999923706055,255200,
2009-01-22,26.34000015258789,26.75,25.8799991607666,26.290000915527344,387900,
2009-01-23,26.209999084472656,26.420000076293945,25.440000534057617,25.5,147900,
2009-01-26,26.65999984741211,27.110000610351562,26.360000610351562,26.56999969482422,182900,
2009-01-27,27.329999923706055,27.389999389648438,26.969999313354492,27.1299991607666,122200,
2009-01-28,28.25,28.40999984741211,27.959999084472656,28.219999313354492,237600,
2009-01-29,26.959999084472656,27.600000381469727,26.959999084472656,27.56999969482422,142000,
2009-01-30,26.600000381469727,27.40999984741211,26.450000762939453,27.40999984741211,142800,
2009-02-02,26.43000030517578,26.5,26.059999465942383,26.219999313354492,167600,
2009-02-03,27.190000534057617,27.260000228881836,26.5,26.690000534057617,85900,
2009-02-04,27.06999969482422,27.6200008392334,26.84000015258789,27.200000762939453,435600,
2009-02-05,27.530000686645508,27.68000030517578,26.780000686645508,27.020000457763672,120500,
2009-02-06,28.309999465942383,28.43000030517578,27.6200008392334,27.68000030517578,92600,
2009-02-09,28.34000015258789,28.469999313354492,28.170000076293945,28.239999771118164,39600,
2009-02-10,26.829999923706055,28.239999771118164,26.700000762939453,28.15999984741211,84000,
2009-02-11,27.200000762939453,27.43000030517578,26.799999237060547,27.3700008392334,497100,
2009-02-12,27.020000457763672,27.170000076293945,26.3799991607666,26.719999313354492,88500,
2009-02-13,26.780000686645508,27.170000076293945,26.780000686645508,27.1200008392334,86600,
2009-02-17,25.280000686645508,25.950000762939453,25.280000686645508,25.8700008392334,96400,
2009-02-18,25.18000030517578,25.6200008392334,24.959999084472656,25.6200008392334,71200,
2009-02-19,25.100000381469727,25.860000610351562,24.610000610351562,25.700000762939453,459900,
2009-02-20,24.649999618530273,24.889999389648438,23.739999771118164,24.40999984741211,1062300,
2009-02-23,23.84000015258789,24.920000076293945,23.770000457763672,24.889999389648438,88300,
2009-02-24,24.790000915527344,24.90999984741211,23.90999984741211,24.1200008392334,259800,
2009-02-25,24.260000228881836,24.65999984741211,23.899999618530273,24.540000915527344,128200,
2009-02-26,24.139999389648438,24.889999389648438,24.139999389648438,24.6200008392334,85300,
2009-02-27,24.040000915527344,24.43000030517578,23.809999465942383,23.959999084472656,92400,
2009-03-02,22.65999984741211,23.489999771118164,22.600000381469727,23.459999084472656,128100,
2009-03-03,22.670000076293945,23.09000015258789,22.350000381469727,23.09000015258789,96000,
2009-03-04,23.610000610351562,23.90999984741211,23.110000610351562,23.110000610351562,68900,
2009-03-05,22.690000534057617,23.219999313354492,22.489999771118164,23.049999237060547,80800,
2009-03-06,22.729999542236328,23.239999771118164,22.239999771118164,23.09000015258789,160800,
2009-03-09,22.229999542236328,22.6200008392334,22.0,22.110000610351562,83700,
2009-03-10,23.639999389648438,23.780000686645508,22.989999771118164,23.020000457763672,128800,
2009-03-11,23.829999923706055,24.149999618530273,23.59000015258789,24.049999237060547,252100,
2009-03-12,24.520000457763672,24.56999969482422,23.5,23.639999389648438,19700,
2009-03-13,24.760000228881836,24.809999465942383,24.420000076293945,24.6200008392334,31500,
2009-03-16,25.030000686645508,25.540000915527344,24.979999542236328,25.190000534057617,85600,
2009-03-17,25.639999389648438,25.639999389648438,24.809999465942383,24.8700008392334,59000,
2009-03-18,26.260000228881836,26.360000610351562,25.049999237060547,25.100000381469727,67200,
2009-03-19,26.239999771118164,26.899999618530273,26.229999542236328,26.899999618530273,103800,
2009-03-20,25.90999984741211,26.31999969482422,25.829999923706055,26.299999237060547,24900,
2009-03-23,27.829999923706055,27.829999923706055,26.729999542236328,26.729999542236328,76200,
2009-03-24,27.020000457763672,27.549999237060547,27.010000228881836,27.139999389648438,54500,
2009-03-25,27.3799991607666,27.739999771118164,26.93000030517578,27.290000915527344,791500,
2009-03-26,27.940000534057617,28.020000457763672,27.56999969482422,27.809999465942383,68900,
2009-03-27,26.979999542236328,27.309999465942383,26.979999542236328,27.270000457763672,71700,
2009-03-30,25.93000030517578,26.18000030517578,25.68000030517578,26.100000381469727,48300,
2009-03-31,26.549999237060547,26.809999465942383,26.25,26.360000610351562,118900,
2009-04-01,27.31999969482422,27.389999389648438,26.3799991607666,26.510000228881836,35500,
2009-04-02,28.549999237060547,28.989999771118164,28.270000457763672,28.350000381469727,32800,
2009-04-03,28.81999969482422,28.84000015258789,28.329999923706055,28.579999923706055,115800,
2009-04-06,28.389999389648438,28.420000076293945,28.0,28.389999389648438,56600,
2009-04-07,27.809999465942383,28.059999465942383,27.75,27.969999313354492,73500,
2009-04-08,28.030000686645508,28.15999984741211,27.780000686645508,27.920000076293945,57300,
2009-04-09,28.979999542236328,28.979999542236328,28.59000015258789,28.799999237060547,71300,
2009-04-13,29.270000457763672,29.540000915527344,28.34000015258789,28.34000015258789,16100,
2009-04-14,28.989999771118164,29.3700008392334,28.979999542236328,29.1299991607666,136900,
2009-04-15,29.149999618530273,29.25,28.850000381469727,28.93000030517578,785000,
2009-04-16,29.420000076293945,29.559999465942383,29.040000915527344,29.389999389648438,133100,
2009-04-17,29.469999313354492,29.610000610351562,29.280000686645508,29.549999237060547,77400,
2009-04-20,28.239999771118164,28.81999969482422,28.200000762939453,28.81999969482422,71400,
2009-04-21,28.809999465942383,28.809999465942383,27.889999389648438,27.969999313354492,33700,
2009-04-22,28.540000915527344,29.06999969482422,28.360000610351562,28.389999389648438,52500,
2009-04-23,29.299999237060547,29.299999237060547,28.770000457763672,28.979999542236328,106600,
2009-04-24,29.729999542236328,29.950000762939453,29.549999237060547,29.68000030517578,62600,
2009-04-27,29.25,29.639999389648438,29.1200008392334,29.440000534057617,50200,
2009-04-28,29.15999984741211,29.290000915527344,28.6299991607666,28.780000686645508,326500,
2009-04-29,29.920000076293945,30.190000534057617,29.610000610351562,29.610000610351562,22500,
2009-04-30,30.190000534057617,30.649999618530273,29.979999542236328,30.43000030517578,22200,
2009-05-01,30.530000686645508,30.670000076293945,30.309999465942383,30.43000030517578,35100,
2009-05-04,32.08000183105469,32.08000183105469,31.0,31.25,99200,
2009-05-05,31.809999465942383,32.04999923706055,31.649999618530273,32.04999923706055,48500,
2009-05-06,32.540000915527344,32.599998474121094,32.0,32.5,62700,
2009-05-07,31.959999084472656,32.81999969482422,31.780000686645508,32.79999923706055,92000,
2009-05-08,33.31999969482422,33.349998474121094,32.560001373291016,32.720001220703125,49800,
2009-05-11,32.4900016784668,32.720001220703125,32.40999984741211,32.63999938964844,22500,
2009-05-12,32.66999816894531,32.939998626708984,32.33000183105469,32.93000030517578,28000,
2009-05-13,31.510000228881836,31.979999542236328,31.5,31.979999542236328,172800,
2009-05-14,31.860000610351562,32.06999969482422,31.420000076293945,31.479999542236328,43000,
2009-05-15,31.549999237060547,32.060001373291016,31.479999542236328,32.0099983215332,413000,
2009-05-18,32.9900016784668,32.9900016784668,32.220001220703125,32.220001220703125,117900,
2009-05-19,33.16999816894531,33.470001220703125,33.0,33.04999923706055,69200,
2009-05-20,33.439998626708984,33.900001525878906,33.439998626708984,33.61000061035156,21400,
2009-05-21,33.04999923706055,33.08000183105469,32.7400016784668,32.97999954223633,269000,
2009-05-22,33.25,33.470001220703125,33.22999954223633,33.41999816894531,17900,
2009-05-26,33.83000183105469,33.97999954223633,32.79999923706055,32.93000030517578,44900,
2009-05-27,33.29999923706055,33.970001220703125,33.25,33.970001220703125,140100,
2009-05-28,33.849998474121094,33.900001525878906,33.27000045776367,33.540000915527344,110500,
2009-05-29,34.4900016784668,34.4900016784668,34.09000015258789,34.349998474121094,50300,
2009-06-01,35.41999816894531,35.66999816894531,35.220001220703125,35.38999938964844,59700,
2009-06-02,35.61000061035156,35.63999938964844,35.18000030517578,35.29999923706055,92800,
2009-06-03,34.470001220703125,34.970001220703125,34.130001068115234,34.970001220703125,53800,
2009-06-04,34.779998779296875,34.849998474121094,34.43000030517578,34.470001220703125,25400,
2009-06-05,34.33000183105469,34.90999984741211,34.27000045776367,34.900001525878906,132500,
2009-06-08,34.2400016784668,34.470001220703125,33.72999954223633,33.810001373291016,65600,
2009-06-09,34.66999816894531,34.790000915527344,34.400001525878906,34.52000045776367,58800,
2009-06-10,34.849998474121094,35.2400016784668,34.41999816894531,35.2400016784668,48100,
2009-06-11,35.470001220703125,35.81999969482422,35.209999084472656,35.209999084472656,22000,
2009-06-12,35.20000076293945,35.25,34.939998626708984,35.119998931884766,68200,
2009-06-15,33.90999984741211,34.560001373291016,33.689998626708984,34.560001373291016,186900,
2009-06-16,33.599998474121094,34.119998931884766,33.45000076293945,34.0099983215332,114900,
2009-06-17,33.52000045776367,33.709999084472656,33.2400016784668,33.54999923706055,34800,
2009-06-18,33.209999084472656,33.59000015258789,33.09000015258789,33.380001068115234,286900,
2009-06-19,33.72999954223633,34.02000045776367,33.63999938964844,34.02000045776367,14400,
2009-06-22,32.52000045776367,33.279998779296875,32.52000045776367,33.279998779296875,119600,
2009-06-23,32.220001220703125,32.439998626708984,31.959999084472656,32.2599983215332,32600,
2009-06-24,32.40999984741211,33.060001373291016,32.34000015258789,32.790000915527344,1441900,
2009-06-25,33.290000915527344,33.31999969482422,32.220001220703125,32.220001220703125,1319800,
2009-06-26,33.33000183105469,33.34000015258789,33.099998474121094,33.2400016784668,63400,
2009-06-29,33.630001068115234,33.66999816894531,33.279998779296875,33.5,234100,
2009-06-30,33.209999084472656,33.650001525878906,33.0,33.61000061035156,67700,
2009-07-01,33.75,34.04999923706055,33.650001525878906,33.68000030517578,65000,
2009-07-02,32.79999923706055,33.220001220703125,32.779998779296875,33.220001220703125,51100,
2009-07-06,32.709999084472656,32.709999084472656,32.290000915527344,32.459999084472656,49200,
2009-07-07,31.940000534057617,32.560001373291016,31.899999618530273,32.560001373291016,36400,
2009-07-08,31.780000686645508,32.09000015258789,31.40999984741211,32.04999923706055,84100,
2009-07-09,32.189998626708984,32.36000061035156,31.979999542236328,32.209999084472656,40600,
2009-07-10,31.8700008392334,31.959999084472656,31.600000381469727,31.760000228881836,23100,
2009-07-13,32.36000061035156,32.45000076293945,31.6200008392334,31.899999618530273,24900,
2009-07-14,32.630001068115234,32.68000030517578,32.459999084472656,32.66999816894531,37300,
2009-07-15,33.90999984741211,34.0,33.369998931884766,33.470001220703125,21100,
2009-07-16,34.18000030517578,34.310001373291016,33.79999923706055,33.91999816894531,53600,
2009-07-17,34.13999938964844,34.2599983215332,33.900001525878906,34.060001373291016,49500,
2009-07-20,35.040000915527344,35.060001373291016,34.61000061035156,34.81999969482422,84500,
2009-07-21,35.13999938964844,35.45000076293945,34.81999969482422,35.45000076293945,28400,
2009-07-22,35.15999984741211,35.36000061035156,34.88999938964844,34.90999984741211,156700,
2009-07-23,35.93000030517578,36.099998474121094,35.18000030517578,35.220001220703125,66800,
2009-07-24,36.09000015258789,36.099998474121094,35.65999984741211,35.880001068115234,44100,
2009-07-27,36.13999938964844,36.15999984741211,35.81999969482422,36.040000915527344,52800,
2009-07-28,35.95000076293945,36.04999923706055,35.59000015258789,35.93000030517578,30800,
2009-07-29,35.63999938964844,35.810001373291016,35.400001525878906,35.810001373291016,310300,
2009-07-30,36.380001068115234,36.61000061035156,36.11000061035156,36.25,42200,
2009-07-31,36.79999923706055,37.0,36.31999969482422,36.599998474121094,187500,
2009-08-03,37.75,37.86000061035156,37.400001525878906,37.45000076293945,108100,
2009-08-04,37.66999816894531,37.75,37.38999938964844,37.43000030517578,31700,
2009-08-05,37.52000045776367,37.61000061035156,37.0,37.61000061035156,32300,
2009-08-06,37.11000061035156,37.66999816894531,36.869998931884766,37.66999816894531,46000,
2009-08-07,37.31999969482422,37.529998779296875,37.08000183105469,37.380001068115234,201500,
2009-08-10,37.0099983215332,37.16999816894531,36.72999954223633,37.119998931884766,69700,
2009-08-11,36.599998474121094,36.84000015258789,36.47999954223633,36.84000015258789,40000,
2009-08-12,37.0,37.29999923706055,36.619998931884766,36.619998931884766,201900,
2009-08-13,37.59000015258789,37.70000076293945,37.2599983215332,37.5,43600,
2009-08-14,37.290000915527344,37.66999816894531,37.029998779296875,37.66999816894531,30200,
2009-08-17,36.0,36.15999984741211,35.88999938964844,36.15999984741211,45100,
2009-08-18,36.689998626708984,36.689998626708984,36.220001220703125,36.25,43100,
2009-08-19,36.790000915527344,36.91999816894531,36.150001525878906,36.18000030517578,36000,
2009-08-20,37.31999969482422,37.34000015258789,36.779998779296875,36.779998779296875,19800,
2009-08-21,37.970001220703125,38.040000915527344,37.70000076293945,37.709999084472656,51300,
2009-08-24,37.93000030517578,38.400001525878906,37.900001525878906,38.130001068115234,33600,
2009-08-25,38.2599983215332,38.630001068115234,38.22999954223633,38.40999984741211,40900,
2009-08-26,38.040000915527344,38.11000061035156,37.7400016784668,38.0,27800,
2009-08-27,38.27000045776367,38.380001068115234,37.630001068115234,38.040000915527344,74000,
2009-08-28,38.189998626708984,38.560001373291016,38.11000061035156,38.560001373291016,14200,
2009-08-31,37.83000183105469,37.88999938964844,37.599998474121094,37.880001068115234,51700,
2009-09-01,36.9900016784668,37.900001525878906,36.900001525878906,37.470001220703125,50100,
2009-09-02,37.0,37.18000030517578,36.79999923706055,36.93000030517578,12300,
2009-09-03,37.40999984741211,37.439998626708984,37.13999938964844,37.439998626708984,27500,
2009-09-04,37.9900016784668,38.06999969482422,37.33000183105469,37.61000061035156,34200,
2009-09-08,38.779998779296875,38.900001525878906,38.61000061035156,38.900001525878906,39300,
2009-09-09,39.11000061035156,39.349998474121094,38.880001068115234,39.040000915527344,48900,
2009-09-10,39.529998779296875,39.560001373291016,38.95000076293945,39.09000015258789,27900,
2009-09-11,39.529998779296875,39.720001220703125,39.38999938964844,39.689998626708984,37800,
2009-09-14,39.58000183105469,39.58000183105469,39.04999923706055,39.04999923706055,20300,
2009-09-15,39.650001525878906,39.720001220703125,39.220001220703125,39.36000061035156,55400,
2009-09-16,40.40999984741211,40.45000076293945,40.029998779296875,40.29999923706055,180700,
2009-09-17,40.15999984741211,40.560001373291016,40.0099983215332,40.2599983215332,120100,
2009-09-18,40.25,40.4900016784668,40.08000183105469,40.4900016784668,46000,
2009-09-21,39.939998626708984,39.939998626708984,39.47999954223633,39.619998931884766,47600,
2009-09-22,40.43000030517578,40.5,40.20000076293945,40.5,48200,
2009-09-23,40.02000045776367,40.75,40.02000045776367,40.5099983215332,72800,
2009-09-24,39.349998474121094,40.33000183105469,39.150001525878906,40.33000183105469,78900,
2009-09-25,39.2599983215332,39.540000915527344,39.11000061035156,39.33000183105469,44700,
2009-09-28,39.720001220703125,40.029998779296875,39.290000915527344,39.34000015258789,26200,
2009-09-29,39.68000030517578,39.84000015258789,39.41999816894531,39.84000015258789,13900,
2009-09-30,39.869998931884766,40.040000915527344,39.369998931884766,40.040000915527344,46600,
2009-10-01,38.63999938964844,39.66999816894531,38.63999938964844,39.66999816894531,26800,
2009-10-02,38.31999969482422,38.58000183105469,37.970001220703125,38.16999816894531,49400,
2009-10-05,38.97999954223633,39.029998779296875,38.400001525878906,38.400001525878906,23600,
2009-10-06,39.59000015258789,39.90999984741211,39.369998931884766,39.4900016784668,48200,
2009-10-07,39.7400016784668,39.7599983215332,39.439998626708984,39.52000045776367,25600,
2009-10-08,40.36000061035156,40.58000183105469,40.15999984741211,40.290000915527344,22200,
2009-10-09,40.369998931884766,40.369998931884766,40.130001068115234,40.27000045776367,60300,
2009-10-12,40.599998474121094,40.869998931884766,40.4900016784668,40.779998779296875,1762700,
2009-10-13,40.630001068115234,40.720001220703125,40.31999969482422,40.720001220703125,59900,
2009-10-14,41.599998474121094,41.650001525878906,41.290000915527344,41.54999923706055,51600,
2009-10-15,41.72999954223633,41.72999954223633,41.38999938964844,41.38999938964844,31700,
2009-10-16,41.09000015258789,41.22999954223633,40.79999923706055,41.11000061035156,1660300,
2009-10-19,41.72999954223633,41.86000061035156,41.310001373291016,41.5,88000,
2009-10-20,41.40999984741211,41.810001373291016,41.15999984741211,41.810001373291016,101500,
2009-10-21,41.349998474121094,41.900001525878906,41.31999969482422,41.31999969482422,58500,
2009-10-22,41.720001220703125,41.77000045776367,40.93000030517578,41.27000045776367,150400,
2009-10-23,41.08000183105469,41.65999984741211,40.900001525878906,41.65999984741211,52000,
2009-10-26,40.470001220703125,41.4900016784668,40.290000915527344,41.22999954223633,119800,
2009-10-27,40.06999969482422,40.59000015258789,40.0,40.59000015258789,16600,
2009-10-28,38.77000045776367,39.72999954223633,38.77000045776367,39.72999954223633,216400,
2009-10-29,40.130001068115234,40.209999084472656,39.5,39.54999923706055,63900,
2009-10-30,38.709999084472656,39.849998474121094,38.63999938964844,39.849998474121094,455800,
2009-11-02,39.18000030517578,39.66999816894531,38.68000030517578,38.939998626708984,1506000,
2009-11-03,39.099998474121094,39.119998931884766,38.279998779296875,38.290000915527344,84300,
2009-11-04,39.47999954223633,39.95000076293945,39.45000076293945,39.619998931884766,1132000,
2009-11-05,40.11000061035156,40.130001068115234,39.72999954223633,39.72999954223633,288400,
2009-11-06,40.15999984741211,40.20000076293945,39.79999923706055,39.79999923706055,121800,
2009-11-09,41.400001525878906,41.41999816894531,40.900001525878906,41.04999923706055,186900,
2009-11-10,41.22999954223633,41.279998779296875,40.939998626708984,41.040000915527344,124700,
2009-11-11,41.400001525878906,41.7400016784668,41.220001220703125,41.650001525878906,144100,
2009-11-12,40.7400016784668,41.349998474121094,40.650001525878906,41.20000076293945,275500,
2009-11-13,41.29999923706055,41.38999938964844,40.7400016784668,41.029998779296875,66200,
2009-11-16,41.9900016784668,42.220001220703125,41.70000076293945,41.900001525878906,65300,
2009-11-17,41.779998779296875,41.779998779296875,41.380001068115234,41.58000183105469,25500,
2009-11-18,41.75,41.86000061035156,41.439998626708984,41.810001373291016,184400,
2009-11-19,40.93000030517578,41.099998474121094,40.52000045776367,41.09000015258789,81000,
2009-11-20,40.689998626708984,40.720001220703125,40.27000045776367,40.470001220703125,120100,
2009-11-23,41.400001525878906,41.70000076293945,41.34000015258789,41.619998931884766,78400,
2009-11-24,41.15999984741211,41.349998474121094,40.88999938964844,41.349998474121094,42600,
2009-11-25,41.7599983215332,41.7599983215332,41.349998474121094,41.5,33400,
2009-11-27,40.400001525878906,40.72999954223633,39.66999816894531,40.02000045776367,36800,
2009-11-30,40.59000015258789,40.810001373291016,40.279998779296875,40.599998474121094,72900,
2009-12-01,41.7599983215332,41.869998931884766,41.369998931884766,41.459999084472656,172600,
2009-12-02,41.880001068115234,42.0,41.72999954223633,41.810001373291016,67400,
2009-12-03,41.630001068115234,42.209999084472656,41.56999969482422,42.130001068115234,42900,
2009-12-04,41.59000015258789,42.279998779296875,41.29999923706055,42.040000915527344,661800,
2009-12-07,41.400001525878906,41.70000076293945,41.369998931884766,41.38999938964844,77500,
2009-12-08,40.619998931884766,41.08000183105469,40.540000915527344,41.08000183105469,72000,
2009-12-09,40.66999816894531,40.68000030517578,40.22999954223633,40.65999984741211,32200,
2009-12-10,40.75,40.91999816894531,40.619998931884766,40.88999938964844,51600,
2009-12-11,40.75,40.93000030517578,40.709999084472656,40.77000045776367,53500,
2009-12-14,41.150001525878906,41.22999954223633,40.970001220703125,40.97999954223633,53500,
2009-12-15,40.77000045776367,41.0099983215332,40.65999984741211,40.77000045776367,105700,
2009-12-16,41.189998626708984,41.349998474121094,41.040000915527344,41.18000030517578,66400,
2009-12-17,40.2400016784668,40.47999954223633,40.08000183105469,40.45000076293945,132200,
2009-12-18,40.310001373291016,40.459999084472656,39.939998626708984,40.36000061035156,37700,
2009-12-21,40.439998626708984,40.66999816894531,40.34000015258789,40.58000183105469,38100,
2009-12-22,40.459999084472656,40.47999954223633,40.189998626708984,40.47999954223633,130600,
2009-12-23,40.7599983215332,40.81999969482422,40.470001220703125,40.560001373291016,146600,
2009-12-24,41.060001373291016,41.099998474121094,40.9900016784668,41.09000015258789,10600,
2009-12-28,41.04999923706055,41.20000076293945,40.97999954223633,41.11000061035156,300500,
2009-12-29,41.220001220703125,41.47999954223633,41.11000061035156,41.47999954223633,204500,
2009-12-30,41.060001373291016,41.099998474121094,40.84000015258789,41.0,69100,
2009-12-31,40.90999984741211,41.25,40.90999984741211,41.13999938964844,40900,
2010-01-04,42.060001373291016,42.099998474121094,41.689998626708984,41.689998626708984,42000,
2010-01-05,42.209999084472656,42.349998474121094,42.0,42.25,90100,
2010-01-06,42.36000061035156,42.41999816894531,42.13999938964844,42.20000076293945,59700,
2010-01-07,42.060001373291016,42.150001525878906,41.880001068115234,42.099998474121094,166000,
2010-01-08,42.380001068115234,42.41999816894531,42.09000015258789,42.2400016784668,40300,
2010-01-11,42.75,42.880001068115234,42.5,42.880001068115234,821400,
2010-01-12,42.27000045776367,42.400001525878906,42.040000915527344,42.18000030517578,304100,
2010-01-13,42.529998779296875,42.599998474121094,42.06999969482422,42.369998931884766,112200,
2010-01-14,42.650001525878906,42.709999084472656,42.459999084472656,42.54999923706055,52900,
2010-01-15,42.04999923706055,42.45000076293945,41.84000015258789,42.45000076293945,75000,
2010-01-19,42.58000183105469,42.59000015258789,42.040000915527344,42.099998474121094,402500,
2010-01-20,41.459999084472656,41.75,41.09000015258789,41.75,65600,
2010-01-21,40.4900016784668,41.43000030517578,40.41999816894531,41.43000030517578,47200,
2010-01-22,39.619998931884766,40.439998626708984,39.56999969482422,40.34000015258789,95600,
2010-01-25,40.15999984741211,40.43000030517578,40.0,40.43000030517578,103600,
2010-01-26,39.79999923706055,40.11000061035156,39.61000061035156,39.779998779296875,76800,
2010-01-27,39.63999938964844,39.70000076293945,39.04999923706055,39.630001068115234,103700,
2010-01-28,38.9900016784668,39.810001373291016,38.86000061035156,39.810001373291016,192300,
2010-01-29,38.52000045776367,39.33000183105469,38.369998931884766,39.130001068115234,73300,
2010-02-01,39.29999923706055,39.31999969482422,38.90999984741211,38.90999984741211,51800,
2010-02-02,39.90999984741211,40.0,39.45000076293945,39.619998931884766,91000,
2010-02-03,39.63999938964844,39.83000183105469,39.40999984741211,39.810001373291016,64300,
2010-02-04,37.970001220703125,38.91999816894531,37.900001525878906,38.91999816894531,105200,
2010-02-05,37.45000076293945,37.790000915527344,36.58000183105469,37.66999816894531,535300,
2010-02-08,37.099998474121094,37.689998626708984,37.09000015258789,37.380001068115234,72200,
2010-02-09,38.2400016784668,38.61000061035156,37.59000015258789,37.81999969482422,85600,
2010-02-10,38.11000061035156,38.22999954223633,37.72999954223633,38.040000915527344,43600,
2010-02-11,38.599998474121094,38.650001525878906,37.77000045776367,38.119998931884766,88000,
2010-02-12,38.31999969482422,38.31999969482422,37.810001373291016,38.04999923706055,91600,
2010-02-16,39.20000076293945,39.25,38.47999954223633,38.7400016784668,66100,
2010-02-17,39.29999923706055,39.439998626708984,39.130001068115234,39.439998626708984,116600,
2010-02-18,39.54999923706055,39.560001373291016,39.220001220703125,39.220001220703125,33700,
2010-02-19,39.29999923706055,39.349998474121094,38.91999816894531,38.97999954223633,35300,
2010-02-22,39.34000015258789,39.619998931884766,39.2599983215332,39.619998931884766,42400,
2010-02-23,38.790000915527344,39.27000045776367,38.619998931884766,39.27000045776367,154300,
2010-02-24,39.02000045776367,39.130001068115234,38.689998626708984,38.90999984741211,104500,
2010-02-25,38.779998779296875,38.779998779296875,38.099998474121094,38.25,139900,
2010-02-26,39.02000045776367,39.11000061035156,38.54999923706055,38.81999969482422,69200,
2010-03-01,39.47999954223633,39.52000045776367,39.099998474121094,39.15999984741211,101100,
2010-03-02,39.81999969482422,40.029998779296875,39.630001068115234,39.650001525878906,106300,
2010-03-03,40.18000030517578,40.41999816894531,40.06999969482422,40.15999984741211,81000,
2010-03-04,40.02000045776367,40.25,39.81999969482422,40.25,713300,
2010-03-05,40.84000015258789,40.84000015258789,40.31999969482422,40.38999938964844,55800,
2010-03-08,40.849998474121094,40.959999084472656,40.72999954223633,40.959999084472656,118200,
2010-03-09,40.75,40.900001525878906,40.54999923706055,40.599998474121094,552900,
2010-03-10,40.91999816894531,41.08000183105469,40.77000045776367,40.779998779296875,49900,
2010-03-11,41.11000061035156,41.11000061035156,40.65999984741211,40.83000183105469,43000,
2010-03-12,41.2599983215332,41.41999816894531,41.099998474121094,41.290000915527344,42200,
2010-03-15,41.029998779296875,41.040000915527344,40.720001220703125,41.0,302000,
2010-03-16,41.54999923706055,41.58000183105469,41.08000183105469,41.08000183105469,175500,
2010-03-17,41.84000015258789,42.0,41.720001220703125,41.7400016784668,74000,
2010-03-18,41.560001373291016,41.75,41.41999816894531,41.75,38500,
2010-03-19,41.189998626708984,41.59000015258789,41.0099983215332,41.189998626708984,36200,
2010-03-22,41.279998779296875,41.29999923706055,40.529998779296875,40.77000045776367,122600,
2010-03-23,41.599998474121094,41.599998474121094,41.16999816894531,41.31999969482422,18400,
2010-03-24,40.93000030517578,41.099998474121094,40.83000183105469,41.04999923706055,35100,
2010-03-25,40.86000061035156,41.400001525878906,40.86000061035156,41.310001373291016,56600,
2010-03-26,41.189998626708984,41.36000061035156,40.9900016784668,41.11000061035156,85500,
2010-03-29,41.68000030517578,41.68000030517578,41.40999984741211,41.5099983215332,27200,
2010-03-30,41.720001220703125,41.88999938964844,41.540000915527344,41.75,30800,
2010-03-31,41.689998626708984,41.81999969482422,41.47999954223633,41.63999938964844,33100,
2010-04-01,42.439998626708984,42.459999084472656,42.099998474121094,42.209999084472656,69400,
2010-04-05,42.599998474121094,42.77000045776367,42.41999816894531,42.56999969482422,95900,
2010-04-06,42.650001525878906,42.650001525878906,42.220001220703125,42.369998931884766,37800,
2010-04-07,42.2599983215332,42.43000030517578,42.130001068115234,42.43000030517578,27500,
2010-04-08,42.279998779296875,42.310001373291016,41.77000045776367,41.970001220703125,32800,
2010-04-09,42.75,42.779998779296875,42.45000076293945,42.45000076293945,116000,
2010-04-12,42.810001373291016,42.91999816894531,42.75,42.79999923706055,167300,
2010-04-13,42.72999954223633,42.880001068115234,42.40999984741211,42.81999969482422,285300,
2010-04-14,43.2599983215332,43.29999923706055,42.90999984741211,43.09000015258789,296900,
2010-04-15,43.189998626708984,43.31999969482422,42.97999954223633,43.189998626708984,45300,
2010-04-16,42.2400016784668,42.91999816894531,42.060001373291016,42.86000061035156,65300,
2010-04-19,42.130001068115234,42.15999984741211,41.61000061035156,41.970001220703125,142900,
2010-04-20,42.5099983215332,42.58000183105469,42.31999969482422,42.38999938964844,104100,
2010-04-21,42.2400016784668,42.400001525878906,41.9900016784668,42.380001068115234,43600,
2010-04-22,42.02000045776367,42.029998779296875,41.41999816894531,41.709999084472656,30100,
2010-04-23,42.27000045776367,42.27000045776367,41.709999084472656,41.869998931884766,39500,
2010-04-26,42.25,42.4900016784668,42.22999954223633,42.43000030517578,32700,
2010-04-27,40.689998626708984,41.9900016784668,40.560001373291016,41.81999969482422,105100,
2010-04-28,40.779998779296875,41.119998931884766,40.33000183105469,41.119998931884766,191300,
2010-04-29,41.380001068115234,41.47999954223633,41.13999938964844,41.16999816894531,54200,
2010-04-30,40.7400016784668,41.47999954223633,40.68000030517578,41.47999954223633,1695300,
2010-05-03,41.06999969482422,41.209999084472656,40.790000915527344,40.939998626708984,145800,
2010-05-04,39.52000045776367,40.220001220703125,39.36000061035156,40.220001220703125,683800,
2010-05-05,38.68000030517578,39.16999816894531,38.52000045776367,38.540000915527344,257100,
2010-05-06,37.20000076293945,38.720001220703125,30.649999618530273,38.41999816894531,429500,
2010-05-07,37.15999984741211,38.08000183105469,36.369998931884766,37.20000076293945,750400,
2010-05-10,39.33000183105469,39.689998626708984,39.04999923706055,39.380001068115234,246800,
2010-05-11,38.810001373291016,39.38999938964844,38.470001220703125,39.02000045776367,220000,
2010-05-12,39.310001373291016,39.439998626708984,38.79999923706055,39.290000915527344,35800,
2010-05-13,38.849998474121094,39.36000061035156,38.849998474121094,39.209999084472656,71700,
2010-05-14,37.88999938964844,38.52000045776367,37.5,38.5099983215332,212600,
2010-05-17,37.810001373291016,37.9900016784668,37.150001525878906,37.93000030517578,101000,
2010-05-18,37.08000183105469,38.22999954223633,36.849998474121094,38.22999954223633,105400,
2010-05-19,36.97999954223633,37.20000076293945,36.41999816894531,36.91999816894531,110900,
2010-05-20,35.470001220703125,36.09000015258789,35.20000076293945,35.72999954223633,171900,
2010-05-21,36.400001525878906,36.45000076293945,35.040000915527344,35.040000915527344,512500,
2010-05-24,35.7599983215332,36.790000915527344,35.7599983215332,36.790000915527344,53000,
2010-05-25,35.630001068115234,35.63999938964844,34.459999084472656,34.720001220703125,629800,
2010-05-26,35.2400016784668,36.02000045776367,35.18000030517578,35.810001373291016,118600,
2010-05-27,37.20000076293945,37.20000076293945,36.279998779296875,36.36000061035156,149400,
2010-05-28,36.540000915527344,37.029998779296875,36.33000183105469,36.900001525878906,229200,
2010-06-01,36.099998474121094,36.90999984741211,36.0099983215332,36.34000015258789,858900,
2010-06-02,37.150001525878906,37.150001525878906,36.150001525878906,36.310001373291016,67400,
2010-06-03,36.970001220703125,37.380001068115234,36.63999938964844,37.380001068115234,40700,
2010-06-04,35.470001220703125,38.2400016784668,35.470001220703125,36.470001220703125,56900,
2010-06-07,35.04999923706055,35.79999923706055,35.04999923706055,35.7599983215332,20400,
2010-06-08,35.689998626708984,35.689998626708984,35.02000045776367,35.15999984741211,36100,
2010-06-09,35.34000015258789,36.209999084472656,35.310001373291016,36.0,55500,
2010-06-10,36.81999969482422,36.849998474121094,36.2400016784668,36.34000015258789,608600,
2010-06-11,36.810001373291016,36.84000015258789,36.41999816894531,36.52000045776367,298300,
2010-06-14,36.959999084472656,37.54999923706055,36.959999084472656,37.5,69400,
2010-06-15,38.06999969482422,38.08000183105469,37.4900016784668,37.59000015258789,44700,
2010-06-16,37.959999084472656,38.15999984741211,37.650001525878906,37.81999969482422,95600,
2010-06-17,38.130001068115234,38.150001525878906,37.72999954223633,38.150001525878906,108900,
2010-06-18,38.18000030517578,38.290000915527344,38.0099983215332,38.08000183105469,60100,
2010-06-21,38.18000030517578,38.86000061035156,38.040000915527344,38.779998779296875,104700,
2010-06-22,37.619998931884766,38.38999938964844,37.56999969482422,38.20000076293945,289100,
2010-06-23,37.290000915527344,37.54999923706055,36.9900016784668,37.40999984741211,47300,
2010-06-24,36.66999816894531,37.13999938964844,36.619998931884766,37.13999938964844,71600,
2010-06-25,36.970001220703125,37.06999969482422,36.52000045776367,36.91999816894531,119900,
2010-06-28,36.7599983215332,37.15999984741211,36.66999816894531,36.97999954223633,174800,
2010-06-29,35.459999084472656,36.08000183105469,35.220001220703125,36.08000183105469,72300,
2010-06-30,35.150001525878906,35.7599983215332,35.04999923706055,35.279998779296875,163300,
2010-07-01,35.5,35.560001373291016,34.95000076293945,35.400001525878906,114300,
2010-07-02,35.400001525878906,35.779998779296875,35.22999954223633,35.619998931884766,115700,
2010-07-06,36.11000061035156,36.529998779296875,35.79999923706055,36.5099983215332,94100,
2010-07-07,37.119998931884766,37.119998931884766,36.20000076293945,36.20000076293945,75400,
2010-07-08,37.349998474121094,37.400001525878906,36.970001220703125,37.22999954223633,60500,
2010-07-09,37.59000015258789,37.619998931884766,37.15999984741211,37.2400016784668,42000,
2010-07-12,37.349998474121094,37.470001220703125,37.150001525878906,37.41999816894531,74000,
2010-07-13,37.97999954223633,38.04999923706055,37.779998779296875,37.869998931884766,20000,
2010-07-14,38.08000183105469,38.15999984741211,37.790000915527344,37.869998931884766,58300,
2010-07-15,38.13999938964844,38.16999816894531,37.689998626708984,38.06999969482422,26500,
2010-07-16,37.040000915527344,37.83000183105469,36.97999954223633,37.83000183105469,41100,
2010-07-19,37.2400016784668,37.439998626708984,36.959999084472656,37.41999816894531,60500,
2010-07-20,37.68000030517578,37.689998626708984,36.75,36.869998931884766,50000,
2010-07-21,37.099998474121094,37.779998779296875,36.959999084472656,37.779998779296875,16600,
2010-07-22,38.27000045776367,38.400001525878906,38.15999984741211,38.279998779296875,43200,
2010-07-23,38.65999984741211,38.689998626708984,38.20000076293945,38.279998779296875,52800,
2010-07-26,38.91999816894531,38.95000076293945,38.439998626708984,38.54999923706055,50200,
2010-07-27,38.939998626708984,39.150001525878906,38.779998779296875,39.09000015258789,117900,
2010-07-28,38.720001220703125,38.939998626708984,38.619998931884766,38.77000045776367,26200,
2010-07-29,39.0,39.40999984741211,38.709999084472656,39.22999954223633,126100,
2010-07-30,39.060001373291016,39.06999969482422,38.5,38.61000061035156,137400,
2010-08-02,40.08000183105469,40.16999816894531,39.709999084472656,39.810001373291016,61900,
2010-08-03,40.0099983215332,40.099998474121094,39.779998779296875,39.90999984741211,32100,
2010-08-04,40.099998474121094,40.119998931884766,39.7599983215332,39.91999816894531,65000,
2010-08-05,40.029998779296875,40.04999923706055,39.77000045776367,39.95000076293945,38300,
2010-08-06,40.02000045776367,40.06999969482422,39.650001525878906,39.79999923706055,19900,
2010-08-09,40.130001068115234,40.2599983215332,40.04999923706055,40.22999954223633,20500,
2010-08-10,39.83000183105469,39.91999816894531,39.25,39.5,43700,
2010-08-11,38.119998931884766,38.68000030517578,38.09000015258789,38.68000030517578,46700,
2010-08-12,38.099998474121094,38.209999084472656,37.849998474121094,37.849998474121094,51200,
2010-08-13,38.099998474121094,38.29999923706055,38.040000915527344,38.040000915527344,21900,
2010-08-16,38.400001525878906,38.52000045776367,38.08000183105469,38.08000183105469,677700,
2010-08-17,38.86000061035156,39.02000045776367,38.63999938964844,38.93000030517578,51800,
2010-08-18,38.90999984741211,39.060001373291016,38.689998626708984,38.88999938964844,56400,
2010-08-19,38.38999938964844,38.95000076293945,38.119998931884766,38.849998474121094,56200,
2010-08-20,38.06999969482422,38.06999969482422,37.790000915527344,38.029998779296875,31700,
2010-08-23,37.93000030517578,38.38999938964844,37.90999984741211,38.15999984741211,57900,
2010-08-24,37.33000183105469,37.52000045776367,37.18000030517578,37.41999816894531,114900,
2010-08-25,37.349998474121094,37.41999816894531,36.77000045776367,37.02000045776367,176400,
2010-08-26,37.279998779296875,37.689998626708984,37.16999816894531,37.52000045776367,49400,
2010-08-27,38.06999969482422,38.06999969482422,37.220001220703125,37.61000061035156,39500,
2010-08-30,37.619998931884766,37.91999816894531,37.540000915527344,37.86000061035156,35000,
2010-08-31,37.540000915527344,37.81999969482422,37.36000061035156,37.41999816894531,49300,
2010-09-01,38.88999938964844,38.90999984741211,38.40999984741211,38.459999084472656,63100,
2010-09-02,39.04999923706055,39.099998474121094,38.79999923706055,38.88999938964844,44600,
2010-09-03,39.470001220703125,39.54999923706055,39.279998779296875,39.439998626708984,28600,
2010-09-07,38.869998931884766,39.220001220703125,38.810001373291016,39.220001220703125,653000,
2010-09-08,39.189998626708984,39.40999984741211,39.04999923706055,39.04999923706055,80600,
2010-09-09,39.529998779296875,39.79999923706055,39.349998474121094,39.79999923706055,1593500,
2010-09-10,39.61000061035156,39.689998626708984,39.470001220703125,39.58000183105469,45100,
2010-09-13,40.380001068115234,40.380001068115234,40.20000076293945,40.290000915527344,108500,
2010-09-14,40.56999969482422,40.7599983215332,40.15999984741211,40.279998779296875,36500,
2010-09-15,40.58000183105469,40.619998931884766,40.22999954223633,40.349998474121094,59300,
2010-09-16,40.439998626708984,40.470001220703125,40.25,40.38999938964844,633400,
2010-09-17,40.279998779296875,40.58000183105469,40.13999938964844,40.529998779296875,14700,
2010-09-20,40.95000076293945,41.0099983215332,40.45000076293945,40.45000076293945,27900,
2010-09-21,40.90999984741211,41.16999816894531,40.58000183105469,41.060001373291016,126900,
2010-09-22,40.83000183105469,41.189998626708984,40.709999084472656,41.0,45200,
2010-09-23,40.45000076293945,40.75,40.34000015258789,40.529998779296875,86900,
2010-09-24,41.369998931884766,41.400001525878906,41.04999923706055,41.04999923706055,114400,
2010-09-27,41.209999084472656,41.439998626708984,41.150001525878906,41.439998626708984,93900,
2010-09-28,41.52000045776367,41.540000915527344,41.02000045776367,41.33000183105469,74400,
2010-09-29,41.470001220703125,41.689998626708984,41.33000183105469,41.41999816894531,39200,
2010-09-30,41.369998931884766,41.869998931884766,41.13999938964844,41.650001525878906,181600,
2010-10-01,41.77000045776367,41.869998931884766,41.58000183105469,41.75,103300,
2010-10-04,41.310001373291016,41.650001525878906,41.15999984741211,41.619998931884766,76500,
2010-10-05,42.369998931884766,42.459999084472656,41.88999938964844,41.90999984741211,54500,
2010-10-06,42.68000030517578,42.689998626708984,42.5,42.540000915527344,66100,
2010-10-07,42.52000045776367,42.900001525878906,42.279998779296875,42.880001068115234,28200,
2010-10-08,42.81999969482422,42.880001068115234,42.56999969482422,42.56999969482422,266600,
2010-10-11,42.650001525878906,42.900001525878906,42.650001525878906,42.7599983215332,19700,
2010-10-12,42.689998626708984,42.779998779296875,42.150001525878906,42.5,50200,
2010-10-13,43.220001220703125,43.40999984741211,43.02000045776367,43.040000915527344,25800,
2010-10-14,43.40999984741211,43.54999923706055,43.20000076293945,43.47999954223633,32900,
2010-10-15,43.2400016784668,43.560001373291016,43.0,43.54999923706055,38800,
2010-10-18,43.400001525878906,43.459999084472656,43.130001068115234,43.150001525878906,81800,
2010-10-19,42.290000915527344,42.75,42.06999969482422,42.529998779296875,55400,
2010-10-20,43.040000915527344,43.20000076293945,42.58000183105469,42.58000183105469,30400,
2010-10-21,42.79999923706055,43.31999969482422,42.56999969482422,43.2400016784668,39700,
2010-10-22,42.939998626708984,43.06999969482422,42.79999923706055,43.06999969482422,40500,
2010-10-25,43.09000015258789,43.4900016784668,43.09000015258789,43.41999816894531,145500,
2010-10-26,42.90999984741211,42.90999984741211,42.61000061035156,42.7599983215332,1186100,
2010-10-27,42.40999984741211,42.560001373291016,42.0,42.560001373291016,50600,
2010-10-28,42.77000045776367,42.880001068115234,42.54999923706055,42.849998474121094,37700,
2010-10-29,42.810001373291016,42.84000015258789,42.630001068115234,42.709999084472656,88200,
2010-11-01,42.709999084472656,43.040000915527344,42.5,43.0,47700,
2010-11-02,43.36000061035156,43.439998626708984,43.22999954223633,43.400001525878906,141100,
2010-11-03,43.65999984741211,43.65999984741211,43.0,43.5,37400,
2010-11-04,44.709999084472656,44.709999084472656,44.349998474121094,44.349998474121094,58000,
2010-11-05,44.599998474121094,44.65999984741211,44.36000061035156,44.4900016784668,55600,
2010-11-08,44.41999816894531,44.47999954223633,44.16999816894531,44.310001373291016,39500,
2010-11-09,43.959999084472656,44.75,43.72999954223633,44.689998626708984,57400,
2010-11-10,44.20000076293945,44.22999954223633,43.58000183105469,44.150001525878906,40700,
2010-11-11,43.83000183105469,43.84000015258789,43.59000015258789,43.779998779296875,35800,
2010-11-12,43.279998779296875,43.720001220703125,43.06999969482422,43.61000061035156,56500,
2010-11-15,43.2599983215332,43.619998931884766,43.220001220703125,43.45000076293945,134500,
2010-11-16,42.279998779296875,42.86000061035156,42.099998474121094,42.86000061035156,387100,
2010-11-17,42.4900016784668,42.59000015258789,42.349998474121094,42.40999984741211,48500,
2010-11-18,43.43000030517578,43.47999954223633,43.2599983215332,43.290000915527344,53000,
2010-11-19,43.5099983215332,43.5099983215332,42.970001220703125,43.18000030517578,53600,
2010-11-22,43.20000076293945,43.279998779296875,42.650001525878906,43.15999984741211,106400,
2010-11-23,41.95000076293945,42.279998779296875,41.84000015258789,42.27000045776367,92800,
2010-11-24,42.599998474121094,42.619998931884766,42.29999923706055,42.380001068115234,88400,
2010-11-26,41.970001220703125,42.08000183105469,41.83000183105469,41.939998626708984,26200,
2010-11-29,41.63999938964844,41.75,41.15999984741211,41.59000015258789,76400,
2010-11-30,41.279998779296875,41.4900016784668,40.90999984741211,41.02000045776367,55000,
2010-12-01,42.43000030517578,42.470001220703125,42.06999969482422,42.099998474121094,85600,
2010-12-02,43.2400016784668,43.2400016784668,42.369998931884766,42.459999084472656,185500,
2010-12-03,43.560001373291016,43.59000015258789,43.189998626708984,43.2400016784668,67600,
2010-12-06,43.380001068115234,43.470001220703125,43.209999084472656,43.29999923706055,62200,
2010-12-07,43.34000015258789,43.95000076293945,43.34000015258789,43.95000076293945,72400,
2010-12-08,43.41999816894531,43.529998779296875,43.06999969482422,43.349998474121094,93300,
2010-12-09,43.439998626708984,43.59000015258789,43.13999938964844,43.59000015258789,97900,
2010-12-10,43.59000015258789,43.619998931884766,43.220001220703125,43.400001525878906,79600,
2010-12-13,43.959999084472656,44.15999984741211,43.79999923706055,43.95000076293945,74500,
2010-12-14,44.06999969482422,44.27000045776367,43.91999816894531,43.93000030517578,74700,
2010-12-15,43.52000045776367,43.900001525878906,43.38999938964844,43.77000045776367,91500,
2010-12-16,43.66999816894531,43.68000030517578,43.33000183105469,43.5099983215332,85800,
2010-12-17,43.5,43.54999923706055,43.2599983215332,43.54999923706055,54300,
2010-12-20,43.5099983215332,43.68000030517578,43.310001373291016,43.68000030517578,546000,
2010-12-21,43.43000030517578,43.47999954223633,43.290000915527344,43.290000915527344,70800,
2010-12-22,43.52000045776367,43.540000915527344,43.38999938964844,43.439998626708984,39900,
2010-12-23,43.560001373291016,43.599998474121094,43.380001068115234,43.41999816894531,133200,
2010-12-27,43.4900016784668,43.5,43.27000045776367,43.349998474121094,66400,
2010-12-28,43.439998626708984,43.7400016784668,43.400001525878906,43.7400016784668,288300,
2010-12-29,43.88999938964844,43.97999954223633,43.75,43.86000061035156,42900,
2010-12-30,43.84000015258789,43.959999084472656,43.66999816894531,43.849998474121094,76600,
2010-12-31,44.040000915527344,44.2400016784668,43.79999923706055,43.90999984741211,144700,
2011-01-03,44.40999984741211,44.529998779296875,44.29999923706055,44.38999938964844,135900,
2011-01-04,44.16999816894531,44.720001220703125,43.93000030517578,44.61000061035156,411900,
2011-01-05,44.130001068115234,44.16999816894531,43.650001525878906,43.7599983215332,342300,
2011-01-06,43.7400016784668,44.15999984741211,43.599998474121094,44.150001525878906,324300,
2011-01-07,43.52000045776367,43.81999969482422,43.2599983215332,43.790000915527344,52300,
2011-01-10,43.29999923706055,43.310001373291016,43.0,43.18000030517578,97400,
2011-01-11,43.61000061035156,43.72999954223633,43.439998626708984,43.61000061035156,96700,
2011-01-12,44.5099983215332,44.5099983215332,44.09000015258789,44.099998474121094,121300,
2011-01-13,44.540000915527344,44.790000915527344,44.40999984741211,44.75,57900,
2011-01-14,44.7599983215332,44.790000915527344,44.40999984741211,44.439998626708984,42000,
2011-01-18,44.9900016784668,45.040000915527344,44.84000015258789,44.900001525878906,54200,
2011-01-19,44.66999816894531,45.11000061035156,44.529998779296875,45.04999923706055,75000,
2011-01-20,44.220001220703125,44.349998474121094,43.88999938964844,44.31999969482422,80100,
2011-01-21,44.27000045776367,44.599998474121094,44.2599983215332,44.45000076293945,93500,
2011-01-24,44.720001220703125,44.720001220703125,44.279998779296875,44.31999969482422,323700,
2011-01-25,44.66999816894531,44.66999816894531,44.22999954223633,44.4900016784668,204400,
2011-01-26,44.90999984741211,44.97999954223633,44.75,44.90999984741211,42000,
2011-01-27,44.970001220703125,45.119998931884766,44.81999969482422,44.95000076293945,92400,
2011-01-28,43.939998626708984,44.86000061035156,43.880001068115234,44.79999923706055,84300,
2011-01-31,44.279998779296875,44.470001220703125,44.18000030517578,44.22999954223633,455400,
2011-02-01,45.34000015258789,45.380001068115234,44.72999954223633,44.72999954223633,154200,
2011-02-02,45.31999969482422,45.45000076293945,45.189998626708984,45.279998779296875,98800,
2011-02-03,45.36000061035156,45.36000061035156,44.939998626708984,45.189998626708984,97400,
2011-02-04,45.31999969482422,45.31999969482422,45.0,45.290000915527344,28600,
2011-02-07,45.40999984741211,45.4900016784668,45.25,45.25,63700,
2011-02-08,45.56999969482422,45.56999969482422,45.22999954223633,45.40999984741211,60900,
2011-02-09,45.25,45.43000030517578,45.130001068115234,45.29999923706055,131900,
2011-02-10,44.95000076293945,44.9900016784668,44.5,44.70000076293945,97600,
2011-02-11,45.029998779296875,45.11000061035156,44.599998474121094,44.599998474121094,40800,
2011-02-14,45.13999938964844,45.220001220703125,44.9900016784668,45.02000045776367,221100,
2011-02-15,45.060001373291016,45.220001220703125,44.9900016784668,45.189998626708984,118800,
2011-02-16,45.59000015258789,45.650001525878906,45.15999984741211,45.15999984741211,107000,
2011-02-17,45.779998779296875,45.86000061035156,45.540000915527344,45.58000183105469,56200,
2011-02-18,45.91999816894531,46.0,45.720001220703125,45.75,70400,
2011-02-22,44.560001373291016,45.36000061035156,44.5099983215332,45.099998474121094,205500,
2011-02-23,44.63999938964844,44.90999984741211,44.349998474121094,44.790000915527344,147300,
2011-02-24,44.720001220703125,44.84000015258789,44.349998474121094,44.779998779296875,54500,
2011-02-25,45.290000915527344,45.31999969482422,45.060001373291016,45.06999969482422,120500,
2011-02-28,45.720001220703125,45.849998474121094,45.459999084472656,45.61000061035156,245600,
2011-03-01,45.099998474121094,45.95000076293945,45.06999969482422,45.95000076293945,193200,
2011-03-02,45.47999954223633,45.599998474121094,45.31999969482422,45.31999969482422,151800,
2011-03-03,46.04999923706055,46.08000183105469,45.70000076293945,45.709999084472656,269400,
2011-03-04,45.7599983215332,46.0099983215332,45.470001220703125,46.0099983215332,100000,
2011-03-07,45.2400016784668,46.04999923706055,45.13999938964844,46.04999923706055,46300,
2011-03-08,45.52000045776367,45.63999938964844,45.08000183105469,45.29999923706055,86100,
2011-03-09,45.470001220703125,45.540000915527344,45.31999969482422,45.45000076293945,310100,
2011-03-10,44.31999969482422,44.70000076293945,44.2400016784668,44.70000076293945,246800,
2011-03-11,44.45000076293945,44.54999923706055,43.939998626708984,44.0099983215332,68500,
2011-03-14,43.90999984741211,43.939998626708984,43.439998626708984,43.66999816894531,81800,
2011-03-15,43.0099983215332,43.209999084472656,41.529998779296875,41.7599983215332,251500,
2011-03-16,41.81999969482422,42.849998474121094,41.400001525878906,42.75,151300,
2011-03-17,43.02000045776367,43.2400016784668,42.790000915527344,43.15999984741211,1436800,
2011-03-18,43.560001373291016,43.70000076293945,43.38999938964844,43.66999816894531,219300,
2011-03-21,44.58000183105469,44.630001068115234,44.27000045776367,44.439998626708984,125500,
2011-03-22,44.31999969482422,44.4900016784668,44.18000030517578,44.439998626708984,485200,
2011-03-23,44.43000030517578,44.599998474121094,44.0099983215332,44.209999084472656,419100,
2011-03-24,45.0,45.060001373291016,44.529998779296875,44.650001525878906,36500,
2011-03-25,44.66999816894531,44.959999084472656,44.63999938964844,44.849998474121094,81600,
2011-03-28,44.630001068115234,44.900001525878906,44.599998474121094,44.77000045776367,52100,
2011-03-29,44.939998626708984,44.939998626708984,44.439998626708984,44.52000045776367,42700,
2011-03-30,45.529998779296875,45.529998779296875,45.2400016784668,45.29999923706055,155600,
2011-03-31,45.45000076293945,45.54999923706055,45.25,45.310001373291016,49600,
2011-04-01,45.91999816894531,46.02000045776367,45.5099983215332,45.599998474121094,122200,
2011-04-04,46.06999969482422,46.119998931884766,45.880001068115234,45.9900016784668,101500,
2011-04-05,46.029998779296875,46.13999938964844,45.68000030517578,45.7400016784668,82300,
2011-04-06,46.2400016784668,46.380001068115234,46.13999938964844,46.34000015258789,98800,
2011-04-07,46.11000061035156,46.34000015258789,45.88999938964844,46.220001220703125,109700,
2011-04-08,46.34000015258789,46.560001373291016,46.2599983215332,46.529998779296875,27300,
2011-04-11,46.150001525878906,46.529998779296875,46.0,46.4900016784668,59400,
2011-04-12,45.58000183105469,45.91999816894531,45.439998626708984,45.91999816894531,67600,
2011-04-13,45.79999923706055,46.15999984741211,45.58000183105469,46.06999969482422,77600,
2011-04-14,45.93000030517578,45.97999954223633,45.52000045776367,45.63999938964844,85500,
2011-04-15,45.88999938964844,45.970001220703125,45.63999938964844,45.83000183105469,128300,
2011-04-18,44.97999954223633,45.04999923706055,44.439998626708984,45.04999923706055,64900,
2011-04-19,45.380001068115234,45.40999984741211,45.11000061035156,45.209999084472656,46600,
2011-04-20,46.47999954223633,46.47999954223633,46.310001373291016,46.380001068115234,30200,
2011-04-21,46.7400016784668,46.83000183105469,46.59000015258789,46.83000183105469,33100,
2011-04-25,46.560001373291016,46.810001373291016,46.470001220703125,46.709999084472656,74300,
2011-04-26,46.97999954223633,46.97999954223633,46.599998474121094,46.7400016784668,47400,
2011-04-27,47.29999923706055,47.369998931884766,46.70000076293945,47.119998931884766,85400,
2011-04-28,47.47999954223633,47.5099983215332,47.25,47.279998779296875,74200,
2011-04-29,47.720001220703125,47.720001220703125,47.470001220703125,47.529998779296875,94000,
2011-05-02,47.61000061035156,47.95000076293945,47.540000915527344,47.88999938964844,94400,
2011-05-03,47.02000045776367,47.41999816894531,46.900001525878906,47.27000045776367,32000,
2011-05-04,46.630001068115234,47.02000045776367,46.470001220703125,47.0099983215332,121000,
2011-05-05,45.779998779296875,46.25,45.58000183105469,46.130001068115234,71500,
2011-05-06,45.939998626708984,46.630001068115234,45.72999954223633,46.45000076293945,433200,
2011-05-09,46.25,46.29999923706055,45.79999923706055,46.0099983215332,247100,
2011-05-10,46.56999969482422,46.70000076293945,46.27000045776367,46.380001068115234,88600,
2011-05-11,45.779998779296875,46.41999816894531,45.5099983215332,46.41999816894531,85000,
2011-05-12,45.84000015258789,45.970001220703125,45.33000183105469,45.52000045776367,185200,
2011-05-13,45.13999938964844,45.75,44.880001068115234,45.75,84200,
2011-05-16,45.0,45.470001220703125,44.90999984741211,45.029998779296875,102000,
2011-05-17,45.11000061035156,45.150001525878906,44.66999816894531,44.84000015258789,51900,
2011-05-18,45.5099983215332,45.619998931884766,45.04999923706055,45.11000061035156,46100,
2011-05-19,45.689998626708984,45.75,45.36000061035156,45.65999984741211,72700,
2011-05-20,45.09000015258789,45.45000076293945,44.95000076293945,45.369998931884766,41300,
2011-05-23,44.16999816894531,44.290000915527344,43.939998626708984,44.18000030517578,127700,
2011-05-24,44.4900016784668,44.709999084472656,44.349998474121094,44.5,46000,
2011-05-25,44.65999984741211,44.83000183105469,44.279998779296875,44.279998779296875,69100,
2011-05-26,45.150001525878906,45.189998626708984,44.619998931884766,44.900001525878906,88800,
2011-05-27,45.38999938964844,45.529998779296875,45.310001373291016,45.40999984741211,65400,
2011-05-31,46.27000045776367,46.27000045776367,45.900001525878906,46.189998626708984,242400,
2011-06-01,45.27000045776367,46.11000061035156,45.22999954223633,46.11000061035156,161100,
2011-06-02,45.5,45.560001373291016,45.0099983215332,45.38999938964844,165800,
2011-06-03,45.459999084472656,45.68000030517578,44.9900016784668,45.0,71700,
2011-06-06,44.849998474121094,45.369998931884766,44.81999969482422,45.310001373291016,125100,
2011-06-07,45.2599983215332,45.58000183105469,45.22999954223633,45.400001525878906,43100,
2011-06-08,44.72999954223633,45.060001373291016,44.650001525878906,45.060001373291016,34200,
2011-06-09,45.13999938964844,45.27000045776367,44.75,44.849998474121094,48100,
2011-06-10,44.20000076293945,44.720001220703125,44.040000915527344,44.650001525878906,58100,
2011-06-13,44.2400016784668,44.470001220703125,44.0,44.459999084472656,23400,
2011-06-14,44.900001525878906,45.040000915527344,44.81999969482422,44.84000015258789,48700,
2011-06-15,43.61000061035156,44.34000015258789,43.560001373291016,44.189998626708984,678000,
2011-06-16,43.45000076293945,43.68000030517578,43.099998474121094,43.43000030517578,67400,
2011-06-17,43.75,43.939998626708984,43.630001068115234,43.88999938964844,84500,
2011-06-20,43.720001220703125,43.7400016784668,43.470001220703125,43.52000045776367,26000,
2011-06-21,44.529998779296875,44.599998474121094,44.04999923706055,44.04999923706055,61300,
2011-06-22,43.5,43.91999816894531,43.5,43.7400016784668,663400,
2011-06-23,43.189998626708984,43.209999084472656,42.470001220703125,42.79999923706055,83300,
2011-06-24,42.84000015258789,43.2400016784668,42.7599983215332,43.20000076293945,56000,
2011-06-27,43.18000030517578,43.27000045776367,42.77000045776367,42.77000045776367,103200,
2011-06-28,43.720001220703125,43.720001220703125,43.27000045776367,43.29999923706055,86300,
2011-06-29,44.349998474121094,44.40999984741211,43.900001525878906,44.06999969482422,61600,
2011-06-30,45.040000915527344,45.060001373291016,44.560001373291016,44.61000061035156,88000,
2011-07-01,45.4900016784668,45.4900016784668,44.81999969482422,44.93000030517578,368300,
2011-07-05,45.27000045776367,45.43000030517578,45.099998474121094,45.349998474121094,227700,
2011-07-06,44.9900016784668,45.029998779296875,44.70000076293945,44.86000061035156,341300,
2011-07-07,45.400001525878906,45.540000915527344,45.2599983215332,45.400001525878906,164900,
2011-07-08,44.90999984741211,45.060001373291016,44.650001525878906,44.90999984741211,60200,
2011-07-11,43.560001373291016,44.04999923706055,43.5099983215332,44.0099983215332,312500,
2011-07-12,43.349998474121094,43.77000045776367,43.29999923706055,43.41999816894531,39700,
2011-07-13,43.90999984741211,44.2599983215332,43.619998931884766,43.849998474121094,1493300,
2011-07-14,43.560001373291016,44.130001068115234,43.43000030517578,44.11000061035156,80600,
2011-07-15,43.709999084472656,43.88999938964844,43.47999954223633,43.84000015258789,66800,
2011-07-18,43.06999969482422,43.29999923706055,42.790000915527344,43.20000076293945,82300,
2011-07-19,43.689998626708984,43.7400016784668,43.400001525878906,43.459999084472656,196200,
2011-07-20,44.029998779296875,44.15999984741211,43.810001373291016,44.099998474121094,33100,
2011-07-21,44.95000076293945,45.0,44.380001068115234,44.380001068115234,139900,
2011-07-22,45.040000915527344,45.04999923706055,44.65999984741211,44.9900016784668,33100,
2011-07-25,44.709999084472656,44.880001068115234,44.599998474121094,44.720001220703125,96600,
2011-07-26,44.869998931884766,45.08000183105469,44.7400016784668,44.90999984741211,59800,
2011-07-27,43.93000030517578,44.689998626708984,43.83000183105469,44.689998626708984,90800,
2011-07-28,43.79999923706055,44.2400016784668,43.779998779296875,44.029998779296875,90200,
2011-07-29,43.83000183105469,44.119998931884766,43.5099983215332,43.689998626708984,86300,
2011-08-01,43.5099983215332,44.36000061035156,43.119998931884766,44.36000061035156,71700,
2011-08-02,42.34000015258789,43.310001373291016,42.33000183105469,42.95000076293945,101200,
2011-08-03,42.470001220703125,42.599998474121094,41.720001220703125,42.529998779296875,158700,
2011-08-04,39.849998474121094,41.189998626708984,39.84000015258789,41.13999938964844,862300,
2011-08-05,40.119998931884766,40.68000030517578,38.79999923706055,40.56999969482422,439200,
2011-08-08,37.02000045776367,39.0099983215332,36.95000076293945,38.59000015258789,342200,
2011-08-09,39.27000045776367,39.279998779296875,37.2599983215332,38.22999954223633,1294500,
2011-08-10,37.29999923706055,38.349998474121094,37.2599983215332,38.27000045776367,729000,
2011-08-11,38.97999954223633,39.310001373291016,37.47999954223633,37.54999923706055,525500,
2011-08-12,39.36000061035156,39.599998474121094,38.88999938964844,39.380001068115234,168100,
2011-08-15,40.16999816894531,40.20000076293945,39.84000015258789,39.86000061035156,355000,
2011-08-16,39.63999938964844,40.099998474121094,39.369998931884766,39.58000183105469,97900,
2011-08-17,39.849998474121094,40.33000183105469,39.66999816894531,40.13999938964844,83000,
2011-08-18,38.130001068115234,38.529998779296875,37.689998626708984,38.529998779296875,430300,
2011-08-19,37.5099983215332,38.560001373291016,37.439998626708984,37.70000076293945,120900,
2011-08-22,37.65999984741211,38.58000183105469,37.65999984741211,38.58000183105469,173000,
2011-08-23,38.91999816894531,38.91999816894531,37.900001525878906,38.04999923706055,320900,
2011-08-24,38.7400016784668,39.0099983215332,38.31999969482422,38.540000915527344,62100,
2011-08-25,38.02000045776367,38.83000183105469,37.849998474121094,38.7599983215332,86600,
2011-08-26,38.459999084472656,38.58000183105469,37.439998626708984,37.84000015258789,130400,
2011-08-29,39.5,39.5,39.06999969482422,39.13999938964844,70100,
2011-08-30,39.349998474121094,39.56999969482422,38.95000076293945,39.130001068115234,32800,
2011-08-31,39.970001220703125,40.279998779296875,39.790000915527344,39.959999084472656,446600,
2011-09-01,39.75,40.34000015258789,39.709999084472656,39.939998626708984,241400,
2011-09-02,38.810001373291016,39.20000076293945,38.70000076293945,38.9900016784668,114800,
2011-09-06,37.7400016784668,37.790000915527344,37.060001373291016,37.060001373291016,107600,
2011-09-07,38.900001525878906,38.900001525878906,38.189998626708984,38.31999969482422,63600,
2011-09-08,38.15999984741211,38.7599983215332,38.08000183105469,38.41999816894531,63500,
2011-09-09,36.880001068115234,37.54999923706055,36.689998626708984,37.54999923706055,93100,
2011-09-12,36.63999938964844,36.63999938964844,35.88999938964844,36.13999938964844,156000,
2011-09-13,36.93000030517578,37.0,36.45000076293945,36.689998626708984,197000,
2011-09-14,37.220001220703125,37.58000183105469,36.310001373291016,36.97999954223633,153600,
2011-09-15,37.95000076293945,38.0,37.5099983215332,37.849998474121094,176000,
2011-09-16,38.04999923706055,38.16999816894531,37.70000076293945,38.16999816894531,168600,
2011-09-19,36.97999954223633,37.18000030517578,36.650001525878906,36.93000030517578,141600,
2011-09-20,37.0099983215332,37.5,36.86000061035156,37.099998474121094,95800,
2011-09-21,36.0,37.09000015258789,36.0,37.0,141700,
2011-09-22,34.4900016784668,34.84000015258789,34.099998474121094,34.75,641600,
2011-09-23,34.88999938964844,34.90999984741211,34.18000030517578,34.2599983215332,389300,
2011-09-26,35.439998626708984,35.459999084472656,34.40999984741211,34.970001220703125,134900,
2011-09-27,36.369998931884766,37.0099983215332,36.22999954223633,36.56999969482422,281400,
2011-09-28,35.720001220703125,36.7400016784668,35.709999084472656,36.619998931884766,239700,
2011-09-29,36.27000045776367,36.779998779296875,35.790000915527344,36.68000030517578,82100,
2011-09-30,35.04999923706055,35.77000045776367,35.04999923706055,35.470001220703125,97500,
2011-10-03,34.04999923706055,35.220001220703125,34.04999923706055,34.790000915527344,141100,
2011-10-04,34.560001373291016,34.560001373291016,33.22999954223633,33.709999084472656,316300,
2011-10-05,35.20000076293945,35.22999954223633,34.22999954223633,34.439998626708984,215900,
2011-10-06,36.189998626708984,36.189998626708984,35.150001525878906,35.220001220703125,69700,
2011-10-07,35.90999984741211,36.560001373291016,35.86000061035156,36.459999084472656,183700,
2011-10-10,37.36000061035156,37.38999938964844,36.849998474121094,36.91999816894531,129300,
2011-10-11,37.31999969482422,37.36000061035156,36.849998474121094,37.0099983215332,113400,
2011-10-12,38.04999923706055,38.400001525878906,37.90999984741211,37.959999084472656,80700,
2011-10-13,37.88999938964844,37.95000076293945,37.400001525878906,37.75,208900,
2011-10-14,38.47999954223633,38.47999954223633,38.13999938964844,38.369998931884766,109100,
2011-10-17,37.619998931884766,38.18000030517578,37.5,38.18000030517578,389700,
2011-10-18,38.189998626708984,38.439998626708984,37.18000030517578,37.5,90500,
2011-10-19,37.45000076293945,38.0,37.400001525878906,37.9900016784668,59600,
2011-10-20,37.369998931884766,37.4900016784668,36.849998474121094,37.38999938964844,78500,
2011-10-21,38.25,38.310001373291016,37.95000076293945,37.970001220703125,67700,
2011-10-24,38.97999954223633,39.130001068115234,38.369998931884766,38.369998931884766,690200,
2011-10-25,38.29999923706055,38.83000183105469,38.25,38.7400016784668,228800,
2011-10-26,38.90999984741211,39.04999923706055,38.189998626708984,39.0099983215332,68300,
2011-10-27,41.040000915527344,41.27000045776367,40.33000183105469,40.5,554600,
2011-10-28,40.810001373291016,40.83000183105469,40.459999084472656,40.52000045776367,151000,
2011-10-31,38.97999954223633,39.84000015258789,38.95000076293945,39.65999984741211,509900,
2011-11-01,37.65999984741211,38.119998931884766,37.310001373291016,37.470001220703125,156300,
2011-11-02,38.29999923706055,38.54999923706055,37.970001220703125,38.150001525878906,121200,
2011-11-03,39.150001525878906,39.2599983215332,38.27000045776367,38.93000030517578,117800,
2011-11-04,38.7400016784668,38.869998931884766,38.25,38.630001068115234,394500,
2011-11-07,38.95000076293945,39.0,38.45000076293945,38.720001220703125,94500,
2011-11-08,39.36000061035156,39.43000030517578,38.7400016784668,39.130001068115234,300000,
2011-11-09,37.31999969482422,38.040000915527344,37.290000915527344,37.869998931884766,333100,
2011-11-10,37.7400016784668,38.11000061035156,37.369998931884766,38.11000061035156,617100,
2011-11-11,38.65999984741211,38.72999954223633,38.2400016784668,38.29999923706055,217700,
2011-11-14,38.029998779296875,38.33000183105469,37.810001373291016,38.2400016784668,116700,
2011-11-15,38.0,38.22999954223633,37.709999084472656,37.91999816894531,420400,
2011-11-16,37.310001373291016,37.970001220703125,37.29999923706055,37.58000183105469,222600,
2011-11-17,36.849998474121094,37.560001373291016,36.720001220703125,37.45000076293945,256300,
2011-11-18,36.93000030517578,37.22999954223633,36.790000915527344,37.22999954223633,1068300,
2011-11-21,35.95000076293945,36.189998626708984,35.630001068115234,36.119998931884766,370400,
2011-11-22,35.83000183105469,36.040000915527344,35.59000015258789,35.90999984741211,359900,
2011-11-23,34.790000915527344,35.400001525878906,34.7599983215332,35.400001525878906,507200,
2011-11-25,34.56999969482422,35.06999969482422,34.54999923706055,34.709999084472656,138000,
2011-11-28,36.13999938964844,36.189998626708984,35.88999938964844,36.150001525878906,233300,
2011-11-29,36.33000183105469,36.4900016784668,36.119998931884766,36.15999984741211,259000,
2011-11-30,38.13999938964844,38.189998626708984,37.689998626708984,37.75,320000,
2011-12-01,38.0099983215332,38.2400016784668,37.83000183105469,37.95000076293945,391500,
2011-12-02,37.9900016784668,38.529998779296875,37.970001220703125,38.529998779296875,357700,
2011-12-05,38.380001068115234,38.720001220703125,38.2400016784668,38.63999938964844,481700,
2011-12-06,38.15999984741211,38.43000030517578,37.9900016784668,38.209999084472656,284800,
2011-12-07,38.400001525878906,38.52000045776367,37.83000183105469,37.939998626708984,346400,
2011-12-08,37.279998779296875,37.91999816894531,37.209999084472656,37.79999923706055,490200,
2011-12-09,38.099998474121094,38.13999938964844,37.54999923706055,37.599998474121094,406400,
2011-12-12,37.0,37.27000045776367,36.75,37.2599983215332,249900,
2011-12-13,36.459999084472656,37.41999816894531,36.380001068115234,37.20000076293945,325300,
2011-12-14,36.11000061035156,36.400001525878906,35.970001220703125,36.33000183105469,301200,
2011-12-15,35.90999984741211,36.560001373291016,35.86000061035156,36.560001373291016,1366900,
2011-12-16,36.099998474121094,36.31999969482422,35.84000015258789,36.290000915527344,715900,
2011-12-19,35.689998626708984,36.209999084472656,35.68000030517578,36.060001373291016,753600,
2011-12-20,36.400001525878906,36.459999084472656,36.060001373291016,36.09000015258789,931200,
2011-12-21,36.33000183105469,36.33000183105469,35.970001220703125,36.31999969482422,1133000,
2011-12-22,36.650001525878906,36.689998626708984,36.20000076293945,36.380001068115234,712800,
2011-12-23,36.790000915527344,36.81999969482422,36.59000015258789,36.779998779296875,519300,
2011-12-27,36.77000045776367,36.83000183105469,36.63999938964844,36.709999084472656,503700,
2011-12-28,35.9900016784668,36.70000076293945,35.9900016784668,36.70000076293945,630100,
2011-12-29,36.619998931884766,36.63999938964844,36.11000061035156,36.13999938964844,1341300,
2011-12-30,36.810001373291016,36.93000030517578,36.529998779296875,36.650001525878906,629700,
2012-01-03,37.709999084472656,37.88999938964844,37.5,37.5,515800,
2012-01-04,37.4900016784668,37.56999969482422,37.27000045776367,37.4900016784668,384000,
2012-01-05,37.060001373291016,37.189998626708984,36.810001373291016,37.0,296700,
2012-01-06,36.56999969482422,36.95000076293945,36.54999923706055,36.95000076293945,192500,
2012-01-09,36.900001525878906,36.90999984741211,36.540000915527344,36.7599983215332,633100,
2012-01-10,37.400001525878906,37.630001068115234,37.369998931884766,37.4900016784668,350500,
2012-01-11,37.22999954223633,37.27000045776367,36.97999954223633,37.15999984741211,205100,
2012-01-12,37.380001068115234,37.5,37.16999816894531,37.5,157700,
2012-01-13,36.959999084472656,37.060001373291016,36.599998474121094,37.060001373291016,199600,
2012-01-17,37.33000183105469,37.61000061035156,37.29999923706055,37.59000015258789,526000,
2012-01-18,38.08000183105469,38.09000015258789,37.560001373291016,37.61000061035156,340400,
2012-01-19,38.4900016784668,38.529998779296875,38.2400016784668,38.369998931884766,208800,
2012-01-20,38.59000015258789,38.599998474121094,38.349998474121094,38.40999984741211,514200,
2012-01-23,38.83000183105469,38.959999084472656,38.65999984741211,38.709999084472656,394600,
2012-01-24,38.65999984741211,38.70000076293945,38.349998474121094,38.38999938964844,594700,
2012-01-25,39.11000061035156,39.25,38.36000061035156,38.5,424100,
2012-01-26,39.150001525878906,39.5099983215332,39.06999969482422,39.4900016784668,419800,
2012-01-27,39.310001373291016,39.349998474121094,39.060001373291016,39.09000015258789,329000,
2012-01-30,38.880001068115234,38.90999984741211,38.540000915527344,38.66999816894531,386300,
2012-01-31,39.11000061035156,39.31999969482422,38.86000061035156,39.290000915527344,3118300,
2012-02-01,39.720001220703125,39.93000030517578,39.560001373291016,39.650001525878906,523000,
2012-02-02,39.86000061035156,40.060001373291016,39.75,39.869998931884766,177100,
2012-02-03,40.45000076293945,40.459999084472656,40.11000061035156,40.2599983215332,305400,
2012-02-06,40.209999084472656,40.279998779296875,40.0,40.04999923706055,199700,
2012-02-07,40.4900016784668,40.4900016784668,40.060001373291016,40.25,90800,
2012-02-08,40.650001525878906,40.72999954223633,40.400001525878906,40.599998474121094,92700,
2012-02-09,40.619998931884766,40.79999923706055,40.470001220703125,40.79999923706055,196500,
2012-02-10,39.84000015258789,39.959999084472656,39.77000045776367,39.880001068115234,195600,
2012-02-13,40.279998779296875,40.40999984741211,40.16999816894531,40.310001373291016,90800,
2012-02-14,40.0,40.13999938964844,39.75,40.08000183105469,181800,
2012-02-15,40.13999938964844,40.400001525878906,40.029998779296875,40.38999938964844,174000,
2012-02-16,40.58000183105469,40.599998474121094,39.93000030517578,40.06999969482422,177000,
2012-02-17,40.7599983215332,40.849998474121094,40.56999969482422,40.849998474121094,92900,
2012-02-21,40.83000183105469,41.060001373291016,40.72999954223633,40.95000076293945,126900,
2012-02-22,40.7599983215332,40.86000061035156,40.63999938964844,40.72999954223633,235900,
2012-02-23,40.95000076293945,41.04999923706055,40.599998474121094,40.869998931884766,204000,
2012-02-24,41.27000045776367,41.349998474121094,41.150001525878906,41.189998626708984,71200,
2012-02-27,41.029998779296875,41.119998931884766,40.59000015258789,40.77000045776367,172700,
2012-02-28,41.439998626708984,41.45000076293945,41.06999969482422,41.22999954223633,105800,
2012-02-29,41.029998779296875,41.68000030517578,40.9900016784668,41.599998474121094,213500,
2012-03-01,41.5,41.540000915527344,41.2400016784668,41.27000045776367,251800,
2012-03-02,41.189998626708984,41.29999923706055,41.06999969482422,41.25,353800,
2012-03-05,40.88999938964844,41.060001373291016,40.720001220703125,41.040000915527344,154900,
2012-03-06,39.560001373291016,39.91999816894531,39.439998626708984,39.900001525878906,183100,
2012-03-07,40.0099983215332,40.060001373291016,39.72999954223633,39.869998931884766,116200,
2012-03-08,40.86000061035156,41.0,40.5099983215332,40.630001068115234,128000,
2012-03-09,40.77000045776367,40.900001525878906,40.63999938964844,40.70000076293945,137800,
2012-03-12,40.630001068115234,40.65999984741211,40.40999984741211,40.63999938964844,192000,
2012-03-13,41.31999969482422,41.349998474121094,40.77000045776367,40.79999923706055,191100,
2012-03-14,40.959999084472656,41.290000915527344,40.810001373291016,41.2599983215332,151000,
2012-03-15,41.29999923706055,41.33000183105469,40.9900016784668,41.130001068115234,95100,
2012-03-16,41.4900016784668,41.63999938964844,41.45000076293945,41.459999084472656,127500,
2012-03-19,41.619998931884766,41.72999954223633,41.349998474121094,41.400001525878906,302000,
2012-03-20,41.11000061035156,41.13999938964844,40.849998474121094,41.060001373291016,118700,
2012-03-21,40.900001525878906,41.02000045776367,40.7599983215332,40.9900016784668,206800,
2012-03-22,40.58000183105469,40.619998931884766,40.380001068115234,40.459999084472656,135500,
2012-03-23,40.79999923706055,40.79999923706055,40.36000061035156,40.59000015258789,95400,
2012-03-26,41.349998474121094,41.38999938964844,41.099998474121094,41.2400016784668,381100,
2012-03-27,41.130001068115234,41.40999984741211,41.099998474121094,41.369998931884766,142500,
2012-03-28,40.83000183105469,41.15999984741211,40.59000015258789,41.15999984741211,87600,
2012-03-29,40.560001373291016,40.56999969482422,40.15999984741211,40.36000061035156,191600,
2012-03-30,40.83000183105469,40.939998626708984,40.59000015258789,40.939998626708984,194100,
2012-04-02,41.349998474121094,41.4900016784668,40.65999984741211,40.68000030517578,301400,
2012-04-03,40.779998779296875,41.22999954223633,40.59000015258789,41.20000076293945,122000,
2012-04-04,39.93000030517578,40.130001068115234,39.7599983215332,40.04999923706055,139600,
2012-04-05,39.810001373291016,40.0099983215332,39.66999816894531,39.720001220703125,93100,
2012-04-09,39.540000915527344,39.63999938964844,39.33000183105469,39.36000061035156,89600,
2012-04-10,38.720001220703125,39.470001220703125,38.689998626708984,39.369998931884766,220400,
2012-04-11,39.220001220703125,39.459999084472656,39.15999984741211,39.43000030517578,127500,
2012-04-12,40.029998779296875,40.04999923706055,39.40999984741211,39.40999984741211,94500,
2012-04-13,39.29999923706055,39.779998779296875,39.290000915527344,39.779998779296875,150000,
2012-04-16,39.459999084472656,39.689998626708984,39.2400016784668,39.630001068115234,144000,
2012-04-17,40.029998779296875,40.11000061035156,39.68000030517578,39.86000061035156,300400,
2012-04-18,39.83000183105469,39.9900016784668,39.68000030517578,39.68000030517578,187200,
2012-04-19,39.65999984741211,40.0099983215332,39.45000076293945,39.84000015258789,104300,
2012-04-20,39.880001068115234,40.099998474121094,39.880001068115234,39.939998626708984,139100,
2012-04-23,39.2599983215332,39.279998779296875,38.91999816894531,39.27000045776367,129700,
2012-04-24,39.5,39.650001525878906,39.38999938964844,39.400001525878906,92900,
2012-04-25,39.91999816894531,39.9900016784668,39.72999954223633,39.90999984741211,177000,
2012-04-26,40.16999816894531,40.209999084472656,39.75,39.79999923706055,222600,
2012-04-27,40.290000915527344,40.38999938964844,40.09000015258789,40.349998474121094,85000,
2012-04-30,40.150001525878906,40.2400016784668,39.97999954223633,40.2400016784668,84100,
2012-05-01,40.310001373291016,40.5099983215332,40.04999923706055,40.04999923706055,69000,
2012-05-02,40.04999923706055,40.08000183105469,39.75,39.88999938964844,71000,
2012-05-03,39.70000076293945,40.040000915527344,39.59000015258789,40.0099983215332,97500,
2012-05-04,39.06999969482422,39.52000045776367,38.9900016784668,39.47999954223633,341800,
2012-05-07,39.220001220703125,39.279998779296875,38.97999954223633,39.0099983215332,189800,
2012-05-08,38.63999938964844,38.79999923706055,38.2400016784668,38.79999923706055,145500,
2012-05-09,38.06999969482422,38.369998931884766,37.75,37.97999954223633,222300,
2012-05-10,38.349998474121094,38.58000183105469,38.290000915527344,38.54999923706055,92000,
2012-05-11,38.09000015258789,38.45000076293945,37.93000030517578,37.93000030517578,89900,
2012-05-14,37.29999923706055,37.56999969482422,37.29999923706055,37.52000045776367,106000,
2012-05-15,36.84000015258789,37.33000183105469,36.81999969482422,37.18000030517578,215100,
2012-05-16,36.43000030517578,37.040000915527344,36.43000030517578,36.880001068115234,195000,
2012-05-17,36.029998779296875,36.47999954223633,36.029998779296875,36.45000076293945,159100,
2012-05-18,35.79999923706055,36.189998626708984,35.72999954223633,36.16999816894531,164000,
2012-05-21,36.529998779296875,36.560001373291016,35.9900016784668,36.09000015258789,157500,
2012-05-22,36.369998931884766,36.810001373291016,36.220001220703125,36.599998474121094,136500,
2012-05-23,36.099998474121094,36.099998474121094,35.470001220703125,36.0,106900,
2012-05-24,35.869998931884766,36.13999938964844,35.650001525878906,36.06999969482422,104700,
2012-05-25,35.790000915527344,35.939998626708984,35.720001220703125,35.72999954223633,155400,
2012-05-29,36.29999923706055,36.5099983215332,36.08000183105469,36.279998779296875,136500,
2012-05-30,35.52000045776367,35.790000915527344,35.470001220703125,35.790000915527344,106600,
2012-05-31,35.689998626708984,35.83000183105469,35.2599983215332,35.61000061035156,662600,
2012-06-01,34.79999923706055,35.220001220703125,34.779998779296875,35.08000183105469,187700,
2012-06-04,35.029998779296875,35.150001525878906,34.7599983215332,35.04999923706055,535200,
2012-06-05,35.220001220703125,35.2599983215332,34.970001220703125,35.029998779296875,759800,
2012-06-06,36.27000045776367,36.279998779296875,35.540000915527344,35.58000183105469,538100,
2012-06-07,36.25,36.81999969482422,36.189998626708984,36.79999923706055,477400,
2012-06-08,36.060001373291016,36.099998474121094,35.65999984741211,35.77000045776367,497400,
2012-06-11,35.72999954223633,36.54999923706055,35.70000076293945,36.5099983215332,171600,
2012-06-12,36.349998474121094,36.349998474121094,35.79999923706055,36.060001373291016,122000,
2012-06-13,36.09000015258789,36.38999938964844,36.0,36.18000030517578,132400,
2012-06-14,36.34000015258789,36.439998626708984,35.95000076293945,36.13999938964844,121300,
2012-06-15,36.70000076293945,36.72999954223633,36.45000076293945,36.54999923706055,245400,
2012-06-18,36.75,36.790000915527344,36.5,36.560001373291016,239900,
2012-06-19,37.36000061035156,37.56999969482422,37.099998474121094,37.099998474121094,283900,
2012-06-20,37.459999084472656,37.77000045776367,37.16999816894531,37.470001220703125,226500,
2012-06-21,35.77000045776367,36.790000915527344,35.77000045776367,36.790000915527344,168300,
2012-06-22,36.09000015258789,36.16999816894531,35.83000183105469,36.15999984741211,204800,
2012-06-25,35.349998474121094,35.470001220703125,35.22999954223633,35.40999984741211,247900,
2012-06-26,35.65999984741211,35.720001220703125,35.279998779296875,35.540000915527344,197700,
2012-06-27,35.939998626708984,36.0,35.68000030517578,35.7400016784668,308400,
2012-06-28,35.90999984741211,35.939998626708984,35.47999954223633,35.689998626708984,276500,
2012-06-29,37.189998626708984,37.220001220703125,36.95000076293945,37.060001373291016,257100,
2012-07-02,37.400001525878906,37.40999984741211,37.11000061035156,37.22999954223633,214900,
2012-07-03,37.810001373291016,37.849998474121094,37.38999938964844,37.38999938964844,119600,
2012-07-05,37.34000015258789,37.45000076293945,37.130001068115234,37.25,168600,
2012-07-06,36.849998474121094,37.02000045776367,36.66999816894531,36.959999084472656,106300,
2012-07-09,36.7400016784668,36.7400016784668,36.52000045776367,36.68000030517578,154000,
2012-07-10,36.47999954223633,36.959999084472656,36.34000015258789,36.959999084472656,316300,
2012-07-11,36.619998931884766,36.72999954223633,36.40999984741211,36.630001068115234,205300,
2012-07-12,36.20000076293945,36.2599983215332,35.86000061035156,36.130001068115234,218800,
2012-07-13,36.70000076293945,36.75,36.209999084472656,36.209999084472656,206700,
2012-07-16,36.689998626708984,36.7599983215332,36.40999984741211,36.59000015258789,156900,
2012-07-17,36.900001525878906,36.93000030517578,36.380001068115234,36.79999923706055,379600,
2012-07-18,37.04999923706055,37.099998474121094,36.63999938964844,36.66999816894531,183400,
2012-07-19,37.34000015258789,37.43000030517578,37.16999816894531,37.27000045776367,91600,
2012-07-20,36.61000061035156,36.790000915527344,36.56999969482422,36.7599983215332,79300,
2012-07-23,35.869998931884766,35.95000076293945,35.47999954223633,35.66999816894531,103300,
2012-07-24,35.529998779296875,35.88999938964844,35.310001373291016,35.849998474121094,90800,
2012-07-25,35.70000076293945,35.900001525878906,35.529998779296875,35.81999969482422,142200,
2012-07-26,36.66999816894531,36.709999084472656,36.47999954223633,36.560001373291016,219600,
2012-07-27,37.470001220703125,37.630001068115234,36.959999084472656,37.02000045776367,121600,
2012-07-30,37.470001220703125,37.529998779296875,37.290000915527344,37.290000915527344,333800,
2012-07-31,37.290000915527344,37.59000015258789,37.290000915527344,37.470001220703125,184000,
2012-08-01,37.25,37.61000061035156,37.25,37.560001373291016,330500,
2012-08-02,36.75,37.20000076293945,36.560001373291016,36.88999938964844,177800,
2012-08-03,37.869998931884766,37.97999954223633,37.540000915527344,37.599998474121094,129100,
2012-08-06,38.119998931884766,38.27000045776367,37.97999954223633,38.040000915527344,55400,
2012-08-07,38.439998626708984,38.61000061035156,38.36000061035156,38.36000061035156,82400,
2012-08-08,38.459999084472656,38.54999923706055,38.209999084472656,38.25,110000,
2012-08-09,38.560001373291016,38.650001525878906,38.349998474121094,38.349998474121094,227700,
2012-08-10,38.59000015258789,38.61000061035156,38.189998626708984,38.279998779296875,75300,
2012-08-13,38.43000030517578,38.59000015258789,38.279998779296875,38.52000045776367,62700,
2012-08-14,38.4900016784668,38.61000061035156,38.400001525878906,38.58000183105469,1119600,
2012-08-15,38.40999984741211,38.47999954223633,38.31999969482422,38.40999984741211,181400,
2012-08-16,38.779998779296875,38.880001068115234,38.459999084472656,38.4900016784668,122000,
2012-08-17,38.790000915527344,38.849998474121094,38.650001525878906,38.849998474121094,108200,
2012-08-20,38.72999954223633,38.79999923706055,38.540000915527344,38.68000030517578,147400,
2012-08-21,38.900001525878906,39.22999954223633,38.81999969482422,39.0099983215332,114300,
2012-08-22,38.869998931884766,38.91999816894531,38.529998779296875,38.599998474121094,87700,
2012-08-23,38.5099983215332,38.72999954223633,38.41999816894531,38.72999954223633,1590700,
2012-08-24,38.470001220703125,38.63999938964844,38.20000076293945,38.2400016784668,83000,
2012-08-27,38.380001068115234,38.599998474121094,38.349998474121094,38.5099983215332,906100,
2012-08-28,38.31999969482422,38.439998626708984,38.25,38.349998474121094,211800,
2012-08-29,38.25,38.380001068115234,38.15999984741211,38.380001068115234,56000,
2012-08-30,37.720001220703125,38.060001373291016,37.66999816894531,38.04999923706055,151900,
2012-08-31,38.060001373291016,38.279998779296875,37.81999969482422,38.18000030517578,192700,
2012-09-04,37.86000061035156,38.06999969482422,37.7400016784668,38.06999969482422,78700,
2012-09-05,37.75,37.880001068115234,37.65999984741211,37.880001068115234,82100,
2012-09-06,38.650001525878906,38.720001220703125,38.040000915527344,38.06999969482422,76500,
2012-09-07,39.25,39.279998779296875,39.0099983215332,39.0099983215332,132700,
2012-09-10,38.93000030517578,39.2400016784668,38.90999984741211,39.11000061035156,235900,
2012-09-11,39.41999816894531,39.47999954223633,39.099998474121094,39.11000061035156,92800,
2012-09-12,39.619998931884766,39.72999954223633,39.4900016784668,39.54999923706055,176600,
2012-09-13,40.400001525878906,40.540000915527344,39.47999954223633,39.619998931884766,453100,
2012-09-14,40.97999954223633,41.16999816894531,40.720001220703125,40.720001220703125,206600,
2012-09-17,40.68000030517578,40.900001525878906,40.58000183105469,40.880001068115234,127200,
2012-09-18,40.540000915527344,40.630001068115234,40.43000030517578,40.4900016784668,88300,
2012-09-19,40.650001525878906,40.720001220703125,40.470001220703125,40.599998474121094,61400,
2012-09-20,40.400001525878906,40.400001525878906,40.029998779296875,40.220001220703125,56500,
2012-09-21,40.40999984741211,40.68000030517578,40.400001525878906,40.68000030517578,38800,
2012-09-24,40.310001373291016,40.369998931884766,40.029998779296875,40.029998779296875,64800,
2012-09-25,39.91999816894531,40.540000915527344,39.90999984741211,40.459999084472656,83600,
2012-09-26,39.599998474121094,39.70000076293945,39.400001525878906,39.63999938964844,250700,
2012-09-27,40.08000183105469,40.209999084472656,39.7400016784668,39.880001068115234,152300,
2012-09-28,39.38999938964844,39.709999084472656,39.38999938964844,39.709999084472656,3175700,
2012-10-01,39.79999923706055,40.16999816894531,39.72999954223633,39.91999816894531,267200,
2012-10-02,39.939998626708984,40.15999984741211,39.79999923706055,40.099998474121094,440700,
2012-10-03,39.75,39.91999816894531,39.68000030517578,39.91999816894531,179600,
2012-10-04,40.189998626708984,40.22999954223633,39.939998626708984,39.959999084472656,64100,
2012-10-05,40.25,40.599998474121094,40.18000030517578,40.45000076293945,456400,
2012-10-08,39.7599983215332,39.939998626708984,38.29999923706055,39.90999984741211,4160500,
2012-10-09,39.33000183105469,39.650001525878906,39.279998779296875,39.560001373291016,293900,
2012-10-10,39.119998931884766,39.349998474121094,39.060001373291016,39.29999923706055,458400,
2012-10-11,39.41999816894531,39.619998931884766,39.41999816894531,39.540000915527344,55600,
2012-10-12,39.33000183105469,39.619998931884766,39.2400016784668,39.5,195400,
2012-10-15,39.619998931884766,39.66999816894531,39.36000061035156,39.52000045776367,951200,
2012-10-16,40.18000030517578,40.25,39.95000076293945,39.95000076293945,317600,
2012-10-17,40.619998931884766,40.63999938964844,40.310001373291016,40.34000015258789,136300,
2012-10-18,40.439998626708984,40.63999938964844,40.349998474121094,40.540000915527344,136800,
2012-10-19,39.91999816894531,40.279998779296875,39.849998474121094,40.279998779296875,62700,
2012-10-22,40.27000045776367,40.27000045776367,39.97999954223633,40.220001220703125,136300,
2012-10-23,39.45000076293945,39.54999923706055,39.20000076293945,39.54999923706055,75200,
2012-10-24,39.459999084472656,39.7599983215332,39.439998626708984,39.72999954223633,62100,
2012-10-25,39.7599983215332,40.0,39.58000183105469,39.95000076293945,83400,
2012-10-26,39.58000183105469,39.72999954223633,39.4900016784668,39.650001525878906,185400,
2012-10-31,39.63999938964844,39.849998474121094,39.5,39.849998474121094,88900,
2012-11-01,40.099998474121094,40.099998474121094,39.849998474121094,39.849998474121094,132900,
2012-11-02,39.75,40.13999938964844,39.689998626708984,40.13999938964844,95600,
2012-11-05,39.75,39.810001373291016,39.599998474121094,39.619998931884766,252000,
2012-11-06,40.099998474121094,40.15999984741211,39.81999969482422,39.81999969482422,106100,
2012-11-07,39.45000076293945,39.70000076293945,39.27000045776367,39.68000030517578,271200,
2012-11-08,39.11000061035156,39.5,39.06999969482422,39.369998931884766,112600,
2012-11-09,39.09000015258789,39.29999923706055,38.91999816894531,39.060001373291016,244600,
2012-11-12,39.119998931884766,39.189998626708984,39.029998779296875,39.09000015258789,86500,
2012-11-13,38.900001525878906,39.130001068115234,38.720001220703125,38.83000183105469,183500,
2012-11-14,38.45000076293945,39.02000045776367,38.380001068115234,39.02000045776367,600000,
2012-11-15,38.560001373291016,38.68000030517578,38.41999816894531,38.65999984741211,80900,
2012-11-16,38.59000015258789,38.63999938964844,38.20000076293945,38.63999938964844,193000,
2012-11-19,39.36000061035156,39.380001068115234,39.0099983215332,39.0099983215332,133200,
2012-11-20,39.400001525878906,39.400001525878906,39.11000061035156,39.2599983215332,152300,
2012-11-21,39.5099983215332,39.52000045776367,39.349998474121094,39.349998474121094,79100,
2012-11-23,40.290000915527344,40.290000915527344,40.0,40.0,87000,
2012-11-26,40.150001525878906,40.18000030517578,39.9900016784668,40.02000045776367,104500,
2012-11-27,39.95000076293945,40.20000076293945,39.95000076293945,40.150001525878906,127900,
2012-11-28,40.27000045776367,40.27000045776367,39.650001525878906,39.7599983215332,209600,
2012-11-29,40.59000015258789,40.63999938964844,40.36000061035156,40.529998779296875,132100,
2012-11-30,40.59000015258789,40.7400016784668,40.4900016784668,40.5,322000,
2012-12-03,40.58000183105469,40.84000015258789,40.560001373291016,40.7599983215332,726800,
2012-12-04,40.689998626708984,40.79999923706055,40.650001525878906,40.650001525878906,100900,
2012-12-05,40.869998931884766,41.040000915527344,40.70000076293945,40.75,380700,
2012-12-06,40.970001220703125,41.0099983215332,40.810001373291016,41.0099983215332,145000,
2012-12-07,40.93000030517578,41.0099983215332,40.84000015258789,41.0099983215332,561200,
2012-12-10,41.08000183105469,41.119998931884766,40.91999816894531,41.0,253200,
2012-12-11,41.27000045776367,41.380001068115234,41.099998474121094,41.099998474121094,326700,
2012-12-12,41.5,41.720001220703125,41.40999984741211,41.5,124900,
2012-12-13,41.369998931884766,41.52000045776367,41.25,41.470001220703125,294600,
2012-12-14,41.52000045776367,41.630001068115234,41.400001525878906,41.4900016784668,203000,
2012-12-17,41.68000030517578,41.68000030517578,41.45000076293945,41.540000915527344,269500,
2012-12-18,41.61000061035156,41.66999816894531,41.279998779296875,41.439998626708984,597800,
2012-12-19,41.72999954223633,41.9900016784668,41.70000076293945,41.9900016784668,311300,
2012-12-20,41.959999084472656,41.9900016784668,41.7400016784668,41.849998474121094,219300,
2012-12-21,41.63999938964844,41.63999938964844,41.34000015258789,41.45000076293945,434400,
2012-12-24,41.4900016784668,41.880001068115234,41.119998931884766,41.529998779296875,103800,
2012-12-26,41.56999969482422,41.77000045776367,41.439998626708984,41.7599983215332,237700,
2012-12-27,41.63999938964844,41.849998474121094,41.38999938964844,41.83000183105469,504300,
2012-12-28,41.380001068115234,41.61000061035156,41.310001373291016,41.529998779296875,316100,
2012-12-31,41.880001068115234,42.06999969482422,41.369998931884766,41.66999816894531,564100,
2013-01-02,42.63999938964844,42.70000076293945,42.349998474121094,42.63999938964844,1108600,
2013-01-03,42.2599983215332,42.560001373291016,42.20000076293945,42.380001068115234,273200,
2013-01-04,42.4900016784668,42.52000045776367,42.150001525878906,42.2400016784668,297200,
2013-01-07,42.20000076293945,42.2599983215332,42.06999969482422,42.08000183105469,258700,
2013-01-08,41.91999816894531,42.09000015258789,41.810001373291016,42.09000015258789,90400,
2013-01-09,42.189998626708984,42.22999954223633,42.04999923706055,42.16999816894531,156000,
2013-01-10,42.66999816894531,42.72999954223633,42.43000030517578,42.619998931884766,187300,
2013-01-11,42.70000076293945,42.7400016784668,42.5099983215332,42.720001220703125,219800,
2013-01-14,42.790000915527344,42.810001373291016,42.619998931884766,42.810001373291016,265900,
2013-01-15,42.720001220703125,42.72999954223633,42.47999954223633,42.560001373291016,369200,
2013-01-16,42.529998779296875,42.58000183105469,42.310001373291016,42.45000076293945,308700,
2013-01-17,42.810001373291016,42.959999084472656,42.720001220703125,42.72999954223633,392100,
2013-01-18,42.869998931884766,42.880001068115234,42.68000030517578,42.880001068115234,669400,
2013-01-22,42.91999816894531,42.91999816894531,42.630001068115234,42.72999954223633,431400,
2013-01-23,42.790000915527344,42.84000015258789,42.650001525878906,42.84000015258789,250500,
2013-01-24,42.849998474121094,43.02000045776367,42.81999969482422,42.849998474121094,299400,
2013-01-25,43.18000030517578,43.189998626708984,42.970001220703125,43.150001525878906,248000,
2013-01-28,42.90999984741211,43.08000183105469,42.849998474121094,43.08000183105469,236000,
2013-01-29,43.310001373291016,43.36000061035156,43.029998779296875,43.029998779296875,831800,
2013-01-30,43.279998779296875,43.40999984741211,43.2400016784668,43.29999923706055,160900,
2013-01-31,43.060001373291016,43.29999923706055,43.060001373291016,43.27000045776367,1032800,
2013-02-01,43.4900016784668,43.540000915527344,43.2400016784668,43.29999923706055,257000,
2013-02-04,42.75,43.06999969482422,42.66999816894531,43.06999969482422,334700,
2013-02-05,42.95000076293945,43.09000015258789,42.86000061035156,42.869998931884766,200400,
2013-02-06,42.970001220703125,42.970001220703125,42.70000076293945,42.7400016784668,254400,
2013-02-07,42.66999816894531,42.93000030517578,42.439998626708984,42.93000030517578,398000,
2013-02-08,42.880001068115234,42.939998626708984,42.7400016784668,42.7400016784668,224800,
2013-02-11,42.84000015258789,42.880001068115234,42.70000076293945,42.880001068115234,117600,
2013-02-12,43.02000045776367,43.119998931884766,42.81999969482422,42.849998474121094,198000,
2013-02-13,43.15999984741211,43.290000915527344,43.08000183105469,43.130001068115234,158400,
2013-02-14,42.959999084472656,42.97999954223633,42.810001373291016,42.869998931884766,118800,
2013-02-15,42.86000061035156,43.02000045776367,42.720001220703125,43.0099983215332,131000,
2013-02-19,43.2400016784668,43.2599983215332,43.040000915527344,43.11000061035156,173900,
2013-02-20,42.779998779296875,43.38999938964844,42.77000045776367,43.310001373291016,430200,
2013-02-21,42.22999954223633,42.439998626708984,42.060001373291016,42.439998626708984,433700,
2013-02-22,42.70000076293945,42.70000076293945,42.36000061035156,42.4900016784668,192900,
2013-02-25,41.810001373291016,43.029998779296875,41.790000915527344,43.02000045776367,253900,
2013-02-26,42.06999969482422,42.279998779296875,41.880001068115234,42.209999084472656,347800,
2013-02-27,42.630001068115234,42.65999984741211,42.02000045776367,42.060001373291016,208300,
2013-02-28,42.54999923706055,42.81999969482422,42.540000915527344,42.599998474121094,179000,
2013-03-01,42.58000183105469,42.59000015258789,42.15999984741211,42.380001068115234,100200,
2013-03-04,42.560001373291016,42.58000183105469,42.2599983215332,42.349998474121094,224900,
2013-03-05,43.0,43.060001373291016,42.81999969482422,42.81999969482422,321200,
2013-03-06,43.08000183105469,43.209999084472656,42.900001525878906,43.20000076293945,291200,
2013-03-07,43.209999084472656,43.2400016784668,43.13999938964844,43.189998626708984,114700,
2013-03-08,43.310001373291016,43.349998474121094,43.11000061035156,43.31999969482422,104400,
2013-03-11,43.400001525878906,43.400001525878906,43.15999984741211,43.27000045776367,63400,
2013-03-12,43.15999984741211,43.40999984741211,43.099998474121094,43.369998931884766,244400,
2013-03-13,43.02000045776367,43.13999938964844,42.880001068115234,43.119998931884766,131900,
2013-03-14,43.41999816894531,43.43000030517578,43.119998931884766,43.119998931884766,105600,
2013-03-15,43.38999938964844,43.47999954223633,43.290000915527344,43.349998474121094,149500,
2013-03-18,42.90999984741211,43.16999816894531,42.81999969482422,42.900001525878906,142300,
2013-03-19,42.75,43.040000915527344,42.5,43.02000045776367,129300,
2013-03-20,42.9900016784668,43.09000015258789,42.93000030517578,43.04999923706055,118900,
2013-03-21,42.650001525878906,42.86000061035156,42.61000061035156,42.650001525878906,165400,
2013-03-22,42.880001068115234,42.959999084472656,42.72999954223633,42.84000015258789,174700,
2013-03-25,42.5099983215332,43.0,42.34000015258789,43.0,245000,
2013-03-26,42.79999923706055,42.79999923706055,42.619998931884766,42.689998626708984,86200,
2013-03-27,42.65999984741211,42.689998626708984,42.310001373291016,42.369998931884766,122200,
2013-03-28,42.86000061035156,42.86000061035156,42.599998474121094,42.66999816894531,316600,
2013-04-01,42.41999816894531,42.689998626708984,42.34000015258789,42.63999938964844,252300,
2013-04-02,42.720001220703125,42.869998931884766,42.599998474121094,42.709999084472656,661600,
2013-04-03,42.31999969482422,42.79999923706055,42.2599983215332,42.709999084472656,134800,
2013-04-04,42.5,42.59000015258789,42.290000915527344,42.310001373291016,310800,
2013-04-05,42.33000183105469,42.33000183105469,41.79999923706055,41.970001220703125,241700,
2013-04-08,42.38999938964844,42.400001525878906,42.15999984741211,42.33000183105469,67400,
2013-04-09,42.650001525878906,42.79999923706055,42.29999923706055,42.45000076293945,152900,
2013-04-10,43.279998779296875,43.31999969482422,42.959999084472656,42.959999084472656,173000,
2013-04-11,43.47999954223633,43.63999938964844,43.36000061035156,43.459999084472656,167200,
2013-04-12,43.2599983215332,43.27000045776367,42.970001220703125,43.2400016784668,172300,
2013-04-15,42.290000915527344,42.900001525878906,42.279998779296875,42.900001525878906,458900,
2013-04-16,42.95000076293945,42.959999084472656,42.63999938964844,42.790000915527344,92300,
2013-04-17,42.130001068115234,42.529998779296875,41.900001525878906,42.529998779296875,265800,
2013-04-18,42.09000015258789,42.25,41.91999816894531,42.25,609900,
2013-04-19,42.45000076293945,42.47999954223633,42.2599983215332,42.33000183105469,153400,
2013-04-22,42.58000183105469,42.650001525878906,42.2400016784668,42.4900016784668,123100,
2013-04-23,43.02000045776367,43.06999969482422,42.81999969482422,42.849998474121094,256300,
2013-04-24,43.40999984741211,43.47999954223633,43.18000030517578,43.18000030517578,180600,
2013-04-25,43.63999938964844,43.849998474121094,43.560001373291016,43.560001373291016,154700,
2013-04-26,43.61000061035156,43.63999938964844,43.5,43.52000045776367,146500,
2013-04-29,44.189998626708984,44.2400016784668,43.7599983215332,43.7599983215332,553000,
2013-04-30,44.36000061035156,44.380001068115234,44.04999923706055,44.2400016784668,352900,
2013-05-01,44.029998779296875,44.41999816894531,43.970001220703125,44.41999816894531,167500,
2013-05-02,44.189998626708984,44.2400016784668,43.959999084472656,44.08000183105469,383200,
2013-05-03,44.61000061035156,44.72999954223633,44.470001220703125,44.470001220703125,542800,
2013-05-06,44.58000183105469,44.619998931884766,44.459999084472656,44.470001220703125,407300,
2013-05-07,44.79999923706055,44.83000183105469,44.59000015258789,44.66999816894531,501700,
2013-05-08,45.2400016784668,45.2599983215332,45.02000045776367,45.040000915527344,96600,
2013-05-09,44.88999938964844,45.130001068115234,44.72999954223633,45.04999923706055,1129600,
2013-05-10,44.84000015258789,44.86000061035156,44.59000015258789,44.75,135100,
2013-05-13,44.77000045776367,44.779998779296875,44.650001525878906,44.68000030517578,143400,
2013-05-14,44.900001525878906,44.95000076293945,44.68000030517578,44.72999954223633,118500,
2013-05-15,44.9900016784668,44.9900016784668,44.7400016784668,44.7400016784668,195600,
2013-05-16,44.70000076293945,44.97999954223633,44.650001525878906,44.83000183105469,135400,
2013-05-17,44.97999954223633,45.0,44.66999816894531,44.7599983215332,524600,
2013-05-20,45.220001220703125,45.2400016784668,44.91999816894531,44.91999816894531,102100,
2013-05-21,45.310001373291016,45.43000030517578,44.9900016784668,45.119998931884766,283700,
2013-05-22,44.79999923706055,45.720001220703125,44.70000076293945,45.310001373291016,476700,
2013-05-23,44.349998474121094,44.369998931884766,43.66999816894531,44.0,309200,
2013-05-24,43.9900016784668,44.0,43.720001220703125,43.86000061035156,126100,
2013-05-28,44.11000061035156,44.5,44.029998779296875,44.41999816894531,153700,
2013-05-29,43.68000030517578,43.849998474121094,43.54999923706055,43.849998474121094,844500,
2013-05-30,43.86000061035156,43.959999084472656,43.650001525878906,43.709999084472656,135500,
2013-05-31,43.0,43.40999984741211,42.959999084472656,43.310001373291016,213600,
2013-06-03,43.279998779296875,43.31999969482422,42.83000183105469,43.060001373291016,210400,
2013-06-04,43.09000015258789,43.5099983215332,43.040000915527344,43.439998626708984,490500,
2013-06-05,42.369998931884766,42.81999969482422,42.369998931884766,42.779998779296875,469900,
2013-06-06,42.560001373291016,42.59000015258789,42.20000076293945,42.33000183105469,610100,
2013-06-07,42.91999816894531,42.939998626708984,42.45000076293945,42.619998931884766,129600,
2013-06-10,42.88999938964844,43.0099983215332,42.7400016784668,43.0099983215332,437100,
2013-06-11,42.27000045776367,42.540000915527344,42.040000915527344,42.20000076293945,562300,
2013-06-12,42.189998626708984,42.7400016784668,42.130001068115234,42.709999084472656,204000,
2013-06-13,42.83000183105469,42.880001068115234,42.209999084472656,42.2400016784668,193400,
2013-06-14,42.31999969482422,42.77000045776367,42.27000045776367,42.54999923706055,408900,
2013-06-17,42.959999084472656,43.16999816894531,42.7400016784668,42.970001220703125,678300,
2013-06-18,43.11000061035156,43.220001220703125,42.9900016784668,42.9900016784668,510300,
2013-06-19,42.2400016784668,43.119998931884766,42.220001220703125,43.04999923706055,334900,
2013-06-20,40.63999938964844,41.400001525878906,40.54999923706055,41.400001525878906,412000,
2013-06-21,40.84000015258789,41.130001068115234,40.43000030517578,41.130001068115234,234600,
2013-06-24,40.060001373291016,40.380001068115234,39.72999954223633,40.04999923706055,505300,
2013-06-25,40.59000015258789,40.66999816894531,40.16999816894531,40.459999084472656,318100,
2013-06-26,40.88999938964844,40.95000076293945,40.720001220703125,40.90999984741211,281500,
2013-06-27,40.68000030517578,40.790000915527344,40.540000915527344,40.56999969482422,224100,
2013-06-28,40.709999084472656,40.869998931884766,40.459999084472656,40.599998474121094,397700,
2013-07-01,40.97999954223633,41.20000076293945,40.939998626708984,41.04999923706055,249500,
2013-07-02,40.7599983215332,41.130001068115234,40.599998474121094,40.900001525878906,186100,
2013-07-03,40.66999816894531,40.790000915527344,40.380001068115234,40.5099983215332,97200,
2013-07-05,40.849998474121094,41.029998779296875,40.560001373291016,40.790000915527344,389800,
2013-07-08,41.04999923706055,41.130001068115234,40.91999816894531,40.91999816894531,342300,
2013-07-09,41.33000183105469,41.369998931884766,41.06999969482422,41.279998779296875,334100,
2013-07-10,41.38999938964844,41.619998931884766,41.209999084472656,41.22999954223633,585800,
2013-07-11,42.619998931884766,42.619998931884766,42.13999938964844,42.18000030517578,534200,
2013-07-12,42.310001373291016,42.400001525878906,42.220001220703125,42.34000015258789,328100,
2013-07-15,42.61000061035156,42.630001068115234,42.380001068115234,42.47999954223633,859200,
2013-07-16,42.61000061035156,42.61000061035156,42.439998626708984,42.5,619700,
2013-07-17,42.77000045776367,42.91999816894531,42.68000030517578,42.84000015258789,595500,
2013-07-18,42.93000030517578,42.970001220703125,42.790000915527344,42.81999969482422,619900,
2013-07-19,42.88999938964844,42.93000030517578,42.709999084472656,42.81999969482422,323100,
2013-07-22,43.150001525878906,43.150001525878906,42.91999816894531,42.91999816894531,461800,
2013-07-23,43.31999969482422,43.41999816894531,43.189998626708984,43.220001220703125,566700,
2013-07-24,43.130001068115234,43.45000076293945,43.0099983215332,43.38999938964844,753700,
2013-07-25,43.2400016784668,43.25,42.83000183105469,42.90999984741211,657900,
2013-07-26,43.060001373291016,43.060001373291016,42.689998626708984,42.939998626708984,660500,
2013-07-29,42.63999938964844,42.720001220703125,42.56999969482422,42.720001220703125,477400,
2013-07-30,42.529998779296875,42.84000015258789,42.459999084472656,42.75,285200,
2013-07-31,42.560001373291016,42.86000061035156,42.41999816894531,42.5099983215332,595500,
2013-08-01,43.13999938964844,43.20000076293945,42.97999954223633,42.9900016784668,541200,
2013-08-02,43.380001068115234,43.41999816894531,43.060001373291016,43.060001373291016,390200,
2013-08-05,43.25,43.29999923706055,43.13999938964844,43.25,1140500,
2013-08-06,43.11000061035156,43.369998931884766,43.0099983215332,43.33000183105469,532200,
2013-08-07,42.849998474121094,42.95000076293945,42.810001373291016,42.83000183105469,642800,
2013-08-08,43.310001373291016,43.40999984741211,43.0,43.0,273100,
2013-08-09,43.43000030517578,43.529998779296875,43.279998779296875,43.279998779296875,227800,
2013-08-12,43.43000030517578,43.4900016784668,43.27000045776367,43.27000045776367,473700,
2013-08-13,43.720001220703125,43.7599983215332,43.369998931884766,43.47999954223633,489600,
2013-08-14,43.7400016784668,43.79999923706055,43.66999816894531,43.66999816894531,543700,
2013-08-15,43.38999938964844,43.459999084472656,42.97999954223633,43.2599983215332,283000,
2013-08-16,43.40999984741211,43.560001373291016,43.380001068115234,43.560001373291016,430500,
2013-08-19,43.02000045776367,43.33000183105469,42.9900016784668,43.20000076293945,272100,
2013-08-20,42.93000030517578,43.06999969482422,42.7599983215332,42.88999938964844,350800,
2013-08-21,42.349998474121094,42.720001220703125,42.25,42.58000183105469,315900,
2013-08-22,42.810001373291016,43.04999923706055,42.63999938964844,42.65999984741211,288500,
2013-08-23,43.150001525878906,43.16999816894531,42.90999984741211,42.91999816894531,271200,
2013-08-26,42.86000061035156,43.11000061035156,42.86000061035156,42.97999954223633,227500,
2013-08-27,42.130001068115234,42.5099983215332,42.09000015258789,42.36000061035156,494200,
2013-08-28,42.13999938964844,42.29999923706055,41.91999816894531,41.970001220703125,279500,
2013-08-29,42.119998931884766,42.36000061035156,42.06999969482422,42.06999969482422,296100,
2013-08-30,41.880001068115234,42.20000076293945,41.810001373291016,42.20000076293945,430200,
2013-09-03,42.47999954223633,42.77000045776367,42.29999923706055,42.7599983215332,299700,
2013-09-04,42.849998474121094,42.88999938964844,42.380001068115234,42.380001068115234,136600,
2013-09-05,42.959999084472656,42.959999084472656,42.720001220703125,42.720001220703125,232900,
2013-09-06,43.25,43.380001068115234,42.939998626708984,43.209999084472656,218300,
2013-09-09,43.91999816894531,43.939998626708984,43.470001220703125,43.470001220703125,479900,
2013-09-10,44.34000015258789,44.36000061035156,44.16999816894531,44.29999923706055,230700,
2013-09-11,44.5,44.5,44.130001068115234,44.130001068115234,242900,
2013-09-12,44.189998626708984,44.41999816894531,44.189998626708984,44.2599983215332,158300,
2013-09-13,44.400001525878906,44.41999816894531,44.150001525878906,44.310001373291016,264300,
2013-09-16,44.77000045776367,45.02000045776367,44.75,44.869998931884766,302400,
2013-09-17,44.81999969482422,44.84000015258789,44.63999938964844,44.63999938964844,231000,
2013-09-18,46.040000915527344,46.09000015258789,44.68000030517578,44.810001373291016,215200,
2013-09-19,45.83000183105469,46.150001525878906,45.75,46.09000015258789,179700,
2013-09-20,45.349998474121094,45.720001220703125,45.34000015258789,45.720001220703125,148400,
2013-09-23,45.349998474121094,45.43000030517578,45.20000076293945,45.400001525878906,200000,
2013-09-24,45.2400016784668,45.439998626708984,45.150001525878906,45.290000915527344,204100,
2013-09-25,45.2599983215332,45.380001068115234,45.130001068115234,45.13999938964844,574300,
2013-09-26,45.38999938964844,45.5099983215332,45.22999954223633,45.459999084472656,250400,
2013-09-27,45.20000076293945,45.29999923706055,45.08000183105469,45.08000183105469,166000,
2013-09-30,44.81999969482422,44.959999084472656,44.68000030517578,44.68000030517578,830500,
2013-10-01,45.18000030517578,45.22999954223633,44.79999923706055,44.79999923706055,267600,
2013-10-02,45.209999084472656,45.209999084472656,44.849998474121094,45.060001373291016,105400,
2013-10-03,44.939998626708984,45.209999084472656,44.84000015258789,45.15999984741211,130500,
2013-10-04,45.11000061035156,45.15999984741211,44.83000183105469,44.83000183105469,117100,
2013-10-07,44.70000076293945,44.90999984741211,44.459999084472656,44.459999084472656,264200,
2013-10-08,44.369998931884766,44.84000015258789,44.36000061035156,44.7400016784668,146300,
2013-10-09,44.560001373291016,44.650001525878906,44.2599983215332,44.470001220703125,110700,
2013-10-10,45.38999938964844,45.470001220703125,44.869998931884766,44.900001525878906,173500,
2013-10-11,45.630001068115234,45.63999938964844,45.2599983215332,45.2599983215332,117700,
2013-10-14,45.790000915527344,45.81999969482422,45.349998474121094,45.349998474121094,87500,
2013-10-15,45.52000045776367,45.689998626708984,45.470001220703125,45.63999938964844,262900,
2013-10-16,45.88999938964844,45.91999816894531,45.63999938964844,45.63999938964844,118300,
2013-10-17,46.349998474121094,46.369998931884766,45.970001220703125,45.970001220703125,534900,
2013-10-18,46.619998931884766,46.63999938964844,46.400001525878906,46.61000061035156,313300,
2013-10-21,46.65999984741211,46.65999984741211,46.52000045776367,46.54999923706055,274800,
2013-10-22,47.06999969482422,47.20000076293945,46.869998931884766,46.97999954223633,161300,
2013-10-23,46.560001373291016,46.66999816894531,46.439998626708984,46.66999816894531,339800,
2013-10-24,46.7599983215332,46.810001373291016,46.66999816894531,46.689998626708984,131000,
2013-10-25,46.689998626708984,46.720001220703125,46.560001373291016,46.61000061035156,173600,
2013-10-28,46.70000076293945,46.790000915527344,46.56999969482422,46.56999969482422,2847500,
2013-10-29,46.79999923706055,46.83000183105469,46.709999084472656,46.83000183105469,102400,
2013-10-30,46.619998931884766,46.900001525878906,46.43000030517578,46.880001068115234,522700,
2013-10-31,46.400001525878906,46.650001525878906,46.36000061035156,46.5,205300,
2013-11-01,46.150001525878906,46.25,45.939998626708984,46.25,2865200,
2013-11-04,46.36000061035156,46.36000061035156,46.150001525878906,46.150001525878906,221300,
2013-11-05,45.91999816894531,46.02000045776367,45.7400016784668,45.86000061035156,278800,
2013-11-06,46.29999923706055,46.38999938964844,46.22999954223633,46.290000915527344,114200,
2013-11-07,45.529998779296875,46.25,45.5099983215332,46.25,136200,
2013-11-08,45.66999816894531,45.7400016784668,45.38999938964844,45.38999938964844,434000,
2013-11-11,45.72999954223633,45.790000915527344,45.709999084472656,45.779998779296875,121400,
2013-11-12,45.59000015258789,45.72999954223633,45.4900016784668,45.689998626708984,110300,
2013-11-13,45.75,45.75,45.209999084472656,45.310001373291016,119300,
2013-11-14,46.02000045776367,46.04999923706055,45.68000030517578,45.70000076293945,190700,
2013-11-15,46.470001220703125,46.5099983215332,46.279998779296875,46.279998779296875,235200,
2013-11-18,46.560001373291016,46.880001068115234,46.52000045776367,46.77000045776367,185700,
2013-11-19,46.41999816894531,46.560001373291016,46.34000015258789,46.52000045776367,156100,
2013-11-20,46.040000915527344,46.54999923706055,45.970001220703125,46.54999923706055,791200,
2013-11-21,46.2599983215332,46.27000045776367,46.06999969482422,46.119998931884766,118600,
2013-11-22,46.439998626708984,46.459999084472656,46.2400016784668,46.29999923706055,59400,
2013-11-25,46.220001220703125,46.439998626708984,46.18000030517578,46.439998626708984,153500,
2013-11-26,46.20000076293945,46.2599983215332,46.09000015258789,46.2599983215332,167200,
2013-11-27,46.36000061035156,46.41999816894531,46.279998779296875,46.33000183105469,181000,
2013-11-29,46.4900016784668,46.689998626708984,46.41999816894531,46.41999816894531,155900,
2013-12-02,46.119998931884766,46.369998931884766,46.09000015258789,46.369998931884766,136200,
2013-12-03,45.779998779296875,45.959999084472656,45.630001068115234,45.90999984741211,1445800,
2013-12-04,45.56999969482422,45.619998931884766,45.2599983215332,45.380001068115234,182900,
2013-12-05,45.34000015258789,45.529998779296875,45.290000915527344,45.5099983215332,166900,
2013-12-06,45.93000030517578,45.970001220703125,45.689998626708984,45.689998626708984,363900,
2013-12-09,45.93000030517578,46.0099983215332,45.869998931884766,45.88999938964844,213600,
2013-12-10,45.86000061035156,45.900001525878906,45.77000045776367,45.880001068115234,182200,
2013-12-11,45.349998474121094,45.88999938964844,45.310001373291016,45.88999938964844,397800,
2013-12-12,45.0099983215332,45.150001525878906,44.88999938964844,45.130001068115234,380500,
2013-12-13,45.02000045776367,45.06999969482422,44.880001068115234,44.970001220703125,271600,
2013-12-16,45.33000183105469,45.47999954223633,45.290000915527344,45.33000183105469,456300,
2013-12-17,45.130001068115234,45.25,45.060001373291016,45.25,604600,
2013-12-18,45.27000045776367,45.369998931884766,44.38999938964844,44.90999984741211,587200,
2013-12-19,45.16999816894531,45.220001220703125,44.90999984741211,45.029998779296875,364400,
2013-12-20,45.27000045776367,45.40999984741211,45.06999969482422,45.06999969482422,1551200,
2013-12-23,45.709999084472656,45.77000045776367,45.529998779296875,45.529998779296875,149500,
2013-12-24,45.86000061035156,45.869998931884766,45.70000076293945,45.720001220703125,117300,
2013-12-26,45.97999954223633,46.08000183105469,45.95000076293945,46.08000183105469,564400,
2013-12-27,46.33000183105469,46.34000015258789,46.189998626708984,46.25,1886500,
2013-12-30,46.459999084472656,46.5,46.36000061035156,46.45000076293945,232900,
2013-12-31,46.66999816894531,46.779998779296875,46.54999923706055,46.650001525878906,261400,
2014-01-02,45.77000045776367,46.150001525878906,45.650001525878906,46.150001525878906,159700,
2014-01-03,45.7599983215332,45.95000076293945,45.68000030517578,45.95000076293945,2078200,
2014-01-06,45.599998474121094,45.7599983215332,45.58000183105469,45.68000030517578,461600,
2014-01-07,45.790000915527344,45.849998474121094,45.72999954223633,45.84000015258789,396800,
2014-01-08,45.790000915527344,45.88999938964844,45.68000030517578,45.88999938964844,227100,
2014-01-09,45.630001068115234,45.79999923706055,45.380001068115234,45.79999923706055,778700,
2014-01-10,46.08000183105469,46.11000061035156,45.790000915527344,45.90999984741211,293200,
2014-01-13,45.790000915527344,46.029998779296875,45.599998474121094,46.02000045776367,403600,
2014-01-14,46.0099983215332,46.04999923706055,45.70000076293945,45.90999984741211,186700,
2014-01-15,46.150001525878906,46.20000076293945,45.97999954223633,46.06999969482422,85500,
2014-01-16,46.150001525878906,46.15999984741211,45.900001525878906,46.15999984741211,2195900,
2014-01-17,45.970001220703125,46.11000061035156,45.880001068115234,46.11000061035156,327400,
2014-01-21,46.08000183105469,46.2400016784668,45.93000030517578,46.189998626708984,1150300,
2014-01-22,46.150001525878906,46.189998626708984,46.029998779296875,46.099998474121094,969300,
2014-01-23,45.720001220703125,45.88999938964844,45.540000915527344,45.869998931884766,368500,
2014-01-24,44.529998779296875,45.209999084472656,44.529998779296875,45.209999084472656,501000,
2014-01-27,44.290000915527344,44.59000015258789,44.040000915527344,44.59000015258789,259600,
2014-01-28,44.66999816894531,44.70000076293945,44.470001220703125,44.5,120000,
2014-01-29,44.13999938964844,44.38999938964844,44.029998779296875,44.040000915527344,401400,
2014-01-30,44.36000061035156,44.470001220703125,44.220001220703125,44.33000183105469,331100,
2014-01-31,43.84000015258789,44.08000183105469,43.5099983215332,43.63999938964844,275000,
2014-02-03,42.970001220703125,43.900001525878906,42.95000076293945,43.849998474121094,549000,
2014-02-04,43.43000030517578,43.4900016784668,43.20000076293945,43.279998779296875,2557200,
2014-02-05,43.470001220703125,43.529998779296875,43.209999084472656,43.41999816894531,183000,
2014-02-06,44.25,44.279998779296875,43.72999954223633,43.72999954223633,249900,
2014-02-07,44.75,44.779998779296875,44.369998931884766,44.47999954223633,377300,
2014-02-10,44.529998779296875,44.650001525878906,44.47999954223633,44.650001525878906,1593900,
2014-02-11,45.310001373291016,45.38999938964844,44.810001373291016,44.810001373291016,335400,
2014-02-12,45.380001068115234,45.52000045776367,45.290000915527344,45.43000030517578,80800,
2014-02-13,45.529998779296875,45.560001373291016,44.939998626708984,44.939998626708984,110800,
2014-02-14,45.810001373291016,45.880001068115234,45.5099983215332,45.5099983215332,74700,
2014-02-18,46.04999923706055,46.130001068115234,45.91999816894531,46.02000045776367,371400,
2014-02-19,45.7599983215332,46.13999938964844,45.709999084472656,46.0099983215332,164600,
2014-02-20,45.93000030517578,45.9900016784668,45.61000061035156,45.79999923706055,359100,
2014-02-21,46.02000045776367,46.22999954223633,46.02000045776367,46.060001373291016,355000,
2014-02-24,46.400001525878906,46.58000183105469,46.20000076293945,46.220001220703125,223200,
2014-02-25,46.18000030517578,46.43000030517578,46.130001068115234,46.43000030517578,112200,
2014-02-26,46.029998779296875,46.209999084472656,45.939998626708984,46.09000015258789,160900,
2014-02-27,46.27000045776367,46.29999923706055,45.9900016784668,46.119998931884766,1074500,
2014-02-28,46.33000183105469,46.540000915527344,46.18000030517578,46.310001373291016,340300,
2014-03-03,45.459999084472656,45.70000076293945,45.31999969482422,45.63999938964844,268900,
2014-03-04,46.279998779296875,46.380001068115234,46.189998626708984,46.189998626708984,215600,
2014-03-05,46.2400016784668,46.31999969482422,46.18000030517578,46.22999954223633,76800,
2014-03-06,46.77000045776367,46.88999938964844,46.68000030517578,46.68000030517578,202800,
2014-03-07,46.439998626708984,46.709999084472656,46.2400016784668,46.709999084472656,72900,
2014-03-10,46.119998931884766,46.15999984741211,45.86000061035156,46.150001525878906,363300,
2014-03-11,45.810001373291016,46.2400016784668,45.7599983215332,46.040000915527344,136000,
2014-03-12,45.709999084472656,45.709999084472656,45.33000183105469,45.5,39100,
2014-03-13,44.939998626708984,45.84000015258789,44.849998474121094,45.75,164400,
2014-03-14,44.88999938964844,45.099998474121094,44.77000045776367,44.810001373291016,169700,
2014-03-17,45.40999984741211,45.459999084472656,45.16999816894531,45.16999816894531,279800,
2014-03-18,45.72999954223633,45.779998779296875,45.41999816894531,45.41999816894531,454900,
2014-03-19,45.119998931884766,45.63999938964844,44.88999938964844,45.54999923706055,176300,
2014-03-20,45.060001373291016,45.130001068115234,44.68000030517578,44.689998626708984,335300,
2014-03-21,45.02000045776367,45.43000030517578,44.970001220703125,45.20000076293945,188700,
2014-03-24,45.13999938964844,45.33000183105469,44.900001525878906,45.2599983215332,365300,
2014-03-25,45.66999816894531,45.7400016784668,45.380001068115234,45.439998626708984,1788800,
2014-03-26,45.650001525878906,46.040000915527344,45.650001525878906,45.939998626708984,458600,
2014-03-27,45.95000076293945,46.02000045776367,45.75,45.79999923706055,295200,
2014-03-28,46.279998779296875,46.45000076293945,46.25,46.279998779296875,393600,
2014-03-31,46.56999969482422,46.68000030517578,46.5099983215332,46.65999984741211,752300,
2014-04-01,46.88999938964844,46.88999938964844,46.7599983215332,46.77000045776367,223300,
2014-04-02,46.95000076293945,47.0099983215332,46.79999923706055,46.79999923706055,306200,
2014-04-03,46.869998931884766,47.0099983215332,46.66999816894531,47.0099983215332,56000,
2014-04-04,46.689998626708984,47.189998626708984,46.65999984741211,47.02000045776367,131400,
2014-04-07,46.599998474121094,46.790000915527344,46.47999954223633,46.77000045776367,642400,
2014-04-08,46.7400016784668,46.849998474121094,46.58000183105469,46.65999984741211,244400,
2014-04-09,47.279998779296875,47.310001373291016,46.86000061035156,46.95000076293945,227000,
2014-04-10,46.540000915527344,47.18000030517578,46.5099983215332,47.18000030517578,372500,
2014-04-11,46.29999923706055,46.560001373291016,46.22999954223633,46.25,282700,
2014-04-14,46.5099983215332,46.599998474121094,46.27000045776367,46.59000015258789,419200,
2014-04-15,46.2599983215332,46.40999984741211,45.779998779296875,46.33000183105469,155100,
2014-04-16,46.77000045776367,46.790000915527344,46.47999954223633,46.61000061035156,84100,
2014-04-17,47.029998779296875,47.099998474121094,46.77000045776367,46.77000045776367,188600,
2014-04-21,47.04999923706055,47.060001373291016,46.90999984741211,47.04999923706055,134800,
2014-04-22,47.16999816894531,47.220001220703125,47.09000015258789,47.20000076293945,157800,
2014-04-23,47.029998779296875,47.150001525878906,46.95000076293945,47.150001525878906,191000,
2014-04-24,46.9900016784668,47.08000183105469,46.7599983215332,47.08000183105469,360500,
2014-04-25,46.75,46.90999984741211,46.59000015258789,46.90999984741211,288300,
2014-04-28,46.90999984741211,46.959999084472656,46.56999969482422,46.939998626708984,171100,
2014-04-29,47.22999954223633,47.31999969482422,47.09000015258789,47.09000015258789,183100,
2014-04-30,47.349998474121094,47.36000061035156,47.099998474121094,47.150001525878906,182200,
2014-05-01,47.369998931884766,47.47999954223633,47.33000183105469,47.33000183105469,1721300,
2014-05-02,47.380001068115234,47.5099983215332,47.2599983215332,47.290000915527344,337100,
2014-05-05,47.31999969482422,47.31999969482422,47.0099983215332,47.13999938964844,196000,
2014-05-06,47.279998779296875,47.43000030517578,47.27000045776367,47.279998779296875,240600,
2014-05-07,47.40999984741211,47.41999816894531,47.130001068115234,47.209999084472656,266700,
2014-05-08,47.38999938964844,47.619998931884766,47.349998474121094,47.41999816894531,108100,
2014-05-09,47.31999969482422,47.38999938964844,47.18000030517578,47.38999938964844,99600,
2014-05-12,47.70000076293945,47.709999084472656,47.52000045776367,47.619998931884766,255200,
2014-05-13,47.779998779296875,47.810001373291016,47.70000076293945,47.72999954223633,153400,
2014-05-14,47.790000915527344,47.90999984741211,47.72999954223633,47.83000183105469,126200,
2014-05-15,47.529998779296875,47.77000045776367,47.369998931884766,47.77000045776367,234700,
2014-05-16,47.79999923706055,47.79999923706055,47.52000045776367,47.54999923706055,1718200,
2014-05-19,47.720001220703125,47.72999954223633,47.52000045776367,47.56999969482422,392400,
2014-05-20,47.36000061035156,47.560001373291016,47.27000045776367,47.560001373291016,153400,
2014-05-21,47.709999084472656,47.7400016784668,47.47999954223633,47.47999954223633,43200,
2014-05-22,47.869998931884766,47.900001525878906,47.75,47.75,163100,
2014-05-23,47.9900016784668,48.02000045776367,47.79999923706055,47.79999923706055,85900,
2014-05-27,48.13999938964844,48.220001220703125,47.9900016784668,48.220001220703125,165400,
2014-05-28,48.060001373291016,48.11000061035156,47.95000076293945,48.04999923706055,76800,
2014-05-29,48.279998779296875,48.31999969482422,48.150001525878906,48.29999923706055,800600,
2014-05-30,48.150001525878906,48.220001220703125,48.08000183105469,48.130001068115234,1232500,
2014-06-02,48.22999954223633,48.34000015258789,48.18000030517578,48.34000015258789,222500,
2014-06-03,48.2400016784668,48.2599983215332,48.08000183105469,48.08000183105469,326200,
2014-06-04,48.20000076293945,48.220001220703125,48.040000915527344,48.130001068115234,36200,
2014-06-05,48.5,48.54999923706055,48.20000076293945,48.38999938964844,93900,
2014-06-06,48.810001373291016,48.810001373291016,48.61000061035156,48.709999084472656,462800,
2014-06-09,48.810001373291016,48.84000015258789,48.58000183105469,48.58000183105469,427600,
2014-06-10,48.779998779296875,48.779998779296875,48.599998474121094,48.599998474121094,172100,
2014-06-11,48.58000183105469,48.65999984741211,48.540000915527344,48.63999938964844,206100,
2014-06-12,48.560001373291016,48.75,48.5,48.650001525878906,256200,
2014-06-13,48.61000061035156,48.66999816894531,48.52000045776367,48.650001525878906,61500,
2014-06-16,48.58000183105469,48.65999984741211,48.4900016784668,48.599998474121094,80200,
2014-06-17,48.560001373291016,48.560001373291016,48.349998474121094,48.349998474121094,117500,
2014-06-18,48.97999954223633,49.0099983215332,48.560001373291016,48.560001373291016,313400,
2014-06-19,49.15999984741211,49.25,49.06999969482422,49.22999954223633,396400,
2014-06-20,49.06999969482422,49.11000061035156,48.970001220703125,49.029998779296875,328400,
2014-06-23,49.02000045776367,49.02000045776367,48.79999923706055,48.93000030517578,968100,
2014-06-24,48.72999954223633,49.060001373291016,48.689998626708984,48.97999954223633,139300,
2014-06-25,47.84000015258789,47.869998931884766,47.65999984741211,47.7599983215332,224400,
2014-06-26,47.91999816894531,47.939998626708984,47.619998931884766,47.81999969482422,172700,
2014-06-27,48.0099983215332,48.0099983215332,47.79999923706055,47.88999938964844,99100,
2014-06-30,48.02000045776367,48.09000015258789,47.91999816894531,48.0,181600,
2014-07-01,48.43000030517578,48.4900016784668,48.20000076293945,48.20000076293945,287400,
2014-07-02,48.560001373291016,48.560001373291016,48.43000030517578,48.540000915527344,113900,
2014-07-03,48.709999084472656,48.7400016784668,48.540000915527344,48.54999923706055,166700,
2014-07-07,48.38999938964844,48.439998626708984,48.33000183105469,48.439998626708984,419400,
2014-07-08,47.9900016784668,48.220001220703125,47.880001068115234,48.220001220703125,421800,
2014-07-09,48.220001220703125,48.22999954223633,47.95000076293945,48.0,406900,
2014-07-10,47.7400016784668,47.77000045776367,47.369998931884766,47.459999084472656,246200,
2014-07-11,47.75,47.77000045776367,47.61000061035156,47.709999084472656,375800,
2014-07-14,48.08000183105469,48.20000076293945,48.04999923706055,48.20000076293945,291400,
2014-07-15,47.970001220703125,48.15999984741211,47.77000045776367,48.060001373291016,316600,
2014-07-16,48.2599983215332,48.290000915527344,48.16999816894531,48.22999954223633,76900,
2014-07-17,47.619998931884766,48.119998931884766,47.560001373291016,48.02000045776367,260600,
2014-07-18,48.06999969482422,48.11000061035156,47.75,47.75,524900,
2014-07-21,47.90999984741211,47.959999084472656,47.70000076293945,47.849998474121094,160700,
2014-07-22,48.22999954223633,48.290000915527344,48.189998626708984,48.189998626708984,73800,
2014-07-23,48.31999969482422,48.369998931884766,48.2599983215332,48.33000183105469,105500,
2014-07-24,48.22999954223633,48.45000076293945,48.22999954223633,48.45000076293945,1098700,
2014-07-25,48.189998626708984,48.38999938964844,48.11000061035156,48.27000045776367,112400,
2014-07-28,48.31999969482422,48.349998474121094,48.06999969482422,48.279998779296875,99500,
2014-07-29,48.119998931884766,48.400001525878906,48.119998931884766,48.31999969482422,37700,
2014-07-30,48.099998474121094,48.2599983215332,47.95000076293945,48.2599983215332,139600,
2014-07-31,47.279998779296875,47.689998626708984,47.27000045776367,47.68000030517578,782000,
2014-08-01,47.09000015258789,47.36000061035156,46.959999084472656,47.099998474121094,454500,
2014-08-04,47.349998474121094,47.43000030517578,47.040000915527344,47.18000030517578,166500,
2014-08-05,46.7400016784668,47.06999969482422,46.65999984741211,47.06999969482422,321700,
2014-08-06,46.650001525878906,46.7599983215332,46.40999984741211,46.41999816894531,179200,
2014-08-07,46.27000045776367,46.779998779296875,46.16999816894531,46.779998779296875,103700,
2014-08-08,46.56999969482422,46.58000183105469,46.189998626708984,46.209999084472656,174300,
2014-08-11,46.810001373291016,46.900001525878906,46.709999084472656,46.810001373291016,339800,
2014-08-12,46.83000183105469,46.86000061035156,46.68000030517578,46.7599983215332,197400,
2014-08-13,47.04999923706055,47.209999084472656,47.02000045776367,47.209999084472656,92500,
2014-08-14,47.310001373291016,47.310001373291016,47.15999984741211,47.18000030517578,50300,
2014-08-15,47.209999084472656,47.52000045776367,46.91999816894531,47.470001220703125,725600,
2014-08-18,47.5,47.540000915527344,47.38999938964844,47.459999084472656,217900,
2014-08-19,47.65999984741211,47.689998626708984,47.56999969482422,47.61000061035156,204600,
2014-08-20,47.56999969482422,47.619998931884766,47.41999816894531,47.470001220703125,184900,
2014-08-21,47.70000076293945,47.7599983215332,47.58000183105469,47.65999984741211,183700,
2014-08-22,47.5099983215332,47.63999938964844,47.36000061035156,47.619998931884766,146600,
2014-08-25,47.810001373291016,47.88999938964844,47.630001068115234,47.65999984741211,406400,
2014-08-26,47.88999938964844,48.0099983215332,47.810001373291016,47.810001373291016,161900,
2014-08-27,48.0,48.060001373291016,47.939998626708984,48.060001373291016,426200,
2014-08-28,47.779998779296875,47.79999923706055,47.65999984741211,47.709999084472656,211600,
2014-08-29,47.779998779296875,47.810001373291016,47.619998931884766,47.7599983215332,214700,
2014-09-02,47.810001373291016,47.88999938964844,47.68000030517578,47.88999938964844,226300,
2014-09-03,48.209999084472656,48.34000015258789,48.15999984741211,48.34000015258789,117100,
2014-09-04,48.0,48.33000183105469,47.93000030517578,48.22999954223633,64100,
2014-09-05,48.09000015258789,48.09000015258789,47.84000015258789,47.939998626708984,125300,
2014-09-08,47.56999969482422,47.81999969482422,47.4900016784668,47.790000915527344,107700,
2014-09-09,47.36000061035156,47.470001220703125,47.220001220703125,47.470001220703125,511700,
2014-09-10,47.5099983215332,47.52000045776367,47.220001220703125,47.25,229400,
2014-09-11,47.20000076293945,47.25,47.130001068115234,47.20000076293945,1810000,
2014-09-12,47.060001373291016,47.16999816894531,46.540000915527344,47.16999816894531,769600,
2014-09-15,46.95000076293945,47.0099983215332,46.88999938964844,46.95000076293945,179900,
2014-09-16,47.2400016784668,47.34000015258789,46.75,46.75,419600,
2014-09-17,46.880001068115234,47.209999084472656,46.83000183105469,47.209999084472656,85700,
2014-09-18,47.15999984741211,47.22999954223633,47.06999969482422,47.18000030517578,216200,
2014-09-19,46.93000030517578,47.290000915527344,46.88999938964844,47.220001220703125,150200,
2014-09-22,46.63999938964844,46.86000061035156,46.52000045776367,46.86000061035156,540100,
2014-09-23,46.2400016784668,46.5,46.209999084472656,46.34000015258789,284500,
2014-09-24,46.540000915527344,46.599998474121094,46.18000030517578,46.36000061035156,64300,
2014-09-25,45.81999969482422,46.279998779296875,45.7599983215332,46.279998779296875,135900,
2014-09-26,46.029998779296875,46.130001068115234,45.84000015258789,45.849998474121094,158600,
2014-09-29,45.560001373291016,45.63999938964844,45.380001068115234,45.470001220703125,119400,
2014-09-30,45.47999954223633,45.61000061035156,45.33000183105469,45.470001220703125,249400,
2014-10-01,44.880001068115234,45.27000045776367,44.81999969482422,45.22999954223633,380000,
2014-10-02,44.540000915527344,44.779998779296875,44.119998931884766,44.75,341400,
2014-10-03,44.59000015258789,44.65999984741211,44.439998626708984,44.630001068115234,307300,
2014-10-06,44.970001220703125,45.04999923706055,44.7599983215332,44.959999084472656,252000,
2014-10-07,44.279998779296875,44.7599983215332,44.27000045776367,44.720001220703125,658400,
2014-10-08,44.90999984741211,44.939998626708984,44.06999969482422,44.38999938964844,1242200,
2014-10-09,43.84000015258789,44.61000061035156,43.779998779296875,44.59000015258789,720200,
2014-10-10,43.130001068115234,43.689998626708984,43.099998474121094,43.63999938964844,2243800,
2014-10-13,43.15999984741211,43.7599983215332,43.15999984741211,43.709999084472656,1986600,
2014-10-14,43.27000045776367,43.61000061035156,43.150001525878906,43.41999816894531,794200,
2014-10-15,42.93000030517578,42.9900016784668,42.11000061035156,42.93000030517578,358600,
2014-10-16,42.63999938964844,42.970001220703125,41.869998931884766,41.97999954223633,480600,
2014-10-17,43.31999969482422,43.439998626708984,43.06999969482422,43.11000061035156,688400,
2014-10-20,43.54999923706055,43.54999923706055,43.189998626708984,43.25,574200,
2014-10-21,43.959999084472656,43.970001220703125,43.59000015258789,43.59000015258789,120600,
2014-10-22,43.560001373291016,44.02000045776367,43.54999923706055,43.95000076293945,264000,
2014-10-23,43.9900016784668,44.16999816894531,43.880001068115234,43.880001068115234,430500,
2014-10-24,44.22999954223633,44.22999954223633,43.959999084472656,44.09000015258789,299600,
2014-10-27,44.02000045776367,44.06999969482422,43.689998626708984,43.810001373291016,223900,
2014-10-28,44.630001068115234,44.65999984741211,44.369998931884766,44.439998626708984,398100,
2014-10-29,44.400001525878906,44.88999938964844,44.2400016784668,44.869998931884766,300700,
2014-10-30,44.70000076293945,44.84000015258789,44.279998779296875,44.36000061035156,104700,
2014-10-31,45.380001068115234,45.380001068115234,45.119998931884766,45.220001220703125,201000,
2014-11-03,45.0099983215332,45.150001525878906,44.88999938964844,45.150001525878906,568500,
2014-11-04,44.779998779296875,44.83000183105469,44.540000915527344,44.83000183105469,168100,
2014-11-05,44.810001373291016,44.900001525878906,44.650001525878906,44.869998931884766,208100,
2014-11-06,44.540000915527344,44.83000183105469,44.4900016784668,44.77000045776367,313500,
2014-11-07,44.63999938964844,44.650001525878906,44.380001068115234,44.38999938964844,318300,
2014-11-10,44.83000183105469,44.93000030517578,44.7400016784668,44.93000030517578,801100,
2014-11-11,45.040000915527344,45.06999969482422,44.790000915527344,44.83000183105469,467000,
2014-11-12,44.75,44.869998931884766,44.65999984741211,44.70000076293945,247800,
2014-11-13,44.86000061035156,45.0099983215332,44.70000076293945,44.79999923706055,329900,
2014-11-14,45.0,45.0,44.68000030517578,44.709999084472656,254100,
2014-11-17,44.77000045776367,44.84000015258789,44.63999938964844,44.689998626708984,288500,
2014-11-18,45.189998626708984,45.290000915527344,44.9900016784668,44.9900016784668,364500,
2014-11-19,45.09000015258789,45.25,44.900001525878906,45.16999816894531,432800,
2014-11-20,44.939998626708984,45.02000045776367,44.7400016784668,44.7400016784668,377300,
2014-11-21,45.5,45.63999938964844,45.36000061035156,45.619998931884766,477000,
2014-11-24,45.56999969482422,45.65999984741211,45.47999954223633,45.54999923706055,463700,
2014-11-25,45.619998931884766,45.72999954223633,45.54999923706055,45.59000015258789,398900,
2014-11-26,45.880001068115234,45.880001068115234,45.70000076293945,45.779998779296875,172700,
2014-11-28,45.34000015258789,45.529998779296875,45.29999923706055,45.529998779296875,119200,
2014-12-01,45.150001525878906,45.2599983215332,44.9900016784668,45.16999816894531,814000,
2014-12-02,45.18000030517578,45.2599983215332,45.09000015258789,45.2599983215332,858300,
2014-12-03,45.2400016784668,45.27000045776367,45.04999923706055,45.15999984741211,769400,
2014-12-04,45.08000183105469,45.25,45.0,45.16999816894531,574000,
2014-12-05,45.119998931884766,45.220001220703125,44.970001220703125,45.119998931884766,428200,
2014-12-08,44.59000015258789,44.88999938964844,44.5099983215332,44.7599983215332,575600,
2014-12-09,44.36000061035156,44.36000061035156,44.04999923706055,44.27000045776367,716100,
2014-12-10,43.77000045776367,44.2400016784668,43.689998626708984,44.2400016784668,678700,
2014-12-11,43.630001068115234,43.959999084472656,43.560001373291016,43.68000030517578,980500,
2014-12-12,42.79999923706055,43.52000045776367,42.79999923706055,43.38999938964844,1163100,
2014-12-15,42.150001525878906,42.97999954223633,42.0,42.84000015258789,2077600,
2014-12-16,42.380001068115234,42.869998931884766,42.0,42.029998779296875,1178500,
2014-12-17,42.5099983215332,42.810001373291016,42.0099983215332,42.119998931884766,1055000,
2014-12-18,43.349998474121094,43.349998474121094,42.880001068115234,43.04999923706055,1477300,
2014-12-19,43.29999923706055,43.4900016784668,43.119998931884766,43.290000915527344,2308500,
2014-12-22,43.58000183105469,43.689998626708984,43.45000076293945,43.619998931884766,1697100,
2014-12-23,43.349998474121094,43.560001373291016,43.349998474121094,43.52000045776367,1370000,
2014-12-24,43.59000015258789,43.650001525878906,43.38999938964844,43.56999969482422,488100,
2014-12-26,43.72999954223633,43.95000076293945,43.720001220703125,43.869998931884766,1430400,
2014-12-29,43.540000915527344,43.68000030517578,43.5099983215332,43.61000061035156,981600,
2014-12-30,43.22999954223633,43.380001068115234,43.220001220703125,43.380001068115234,1355800,
2014-12-31,43.02000045776367,43.369998931884766,42.97999954223633,43.290000915527344,1047300,
2015-01-02,42.7599983215332,43.16999816894531,42.70000076293945,43.16999816894531,2486800,
2015-01-05,41.83000183105469,42.31999969482422,41.720001220703125,42.31999969482422,1054700,
2015-01-06,41.400001525878906,41.91999816894531,41.2400016784668,41.81999969482422,520800,
2015-01-07,41.869998931884766,41.959999084472656,41.560001373291016,41.70000076293945,520000,
2015-01-08,42.47999954223633,42.61000061035156,42.209999084472656,42.2400016784668,461400,
2015-01-09,42.25,42.4900016784668,42.06999969482422,42.459999084472656,1064700,
2015-01-12,42.08000183105469,42.279998779296875,41.88999938964844,42.220001220703125,822500,
2015-01-13,42.220001220703125,42.66999816894531,41.90999984741211,42.470001220703125,998300,
2015-01-14,42.09000015258789,42.150001525878906,41.7400016784668,41.970001220703125,579900,
2015-01-15,42.310001373291016,42.59000015258789,42.2400016784668,42.59000015258789,837700,
2015-01-16,42.77000045776367,42.779998779296875,42.22999954223633,42.22999954223633,614700,
2015-01-20,42.86000061035156,42.970001220703125,42.689998626708984,42.95000076293945,1568100,
2015-01-21,43.27000045776367,43.27000045776367,42.869998931884766,42.959999084472656,846800,
2015-01-22,43.54999923706055,43.65999984741211,43.16999816894531,43.279998779296875,682500,
2015-01-23,43.349998474121094,43.599998474121094,43.34000015258789,43.43000030517578,666100,
2015-01-26,43.77000045776367,43.84000015258789,43.45000076293945,43.459999084472656,1209800,
2015-01-27,43.7599983215332,43.869998931884766,43.52000045776367,43.63999938964844,836200,
2015-01-28,43.130001068115234,43.81999969482422,43.09000015258789,43.81999969482422,594100,
2015-01-29,43.54999923706055,43.59000015258789,43.189998626708984,43.36000061035156,583500,
2015-01-30,42.869998931884766,43.27000045776367,42.84000015258789,43.02000045776367,856500,
2015-02-02,43.47999954223633,43.54999923706055,43.09000015258789,43.189998626708984,1117400,
2015-02-03,44.16999816894531,44.20000076293945,43.66999816894531,43.66999816894531,510800,
2015-02-04,43.790000915527344,44.130001068115234,43.779998779296875,43.970001220703125,706200,
2015-02-05,44.33000183105469,44.34000015258789,43.97999954223633,44.04999923706055,241000,
2015-02-06,43.7400016784668,44.04999923706055,43.650001525878906,43.880001068115234,440700,
2015-02-09,43.619998931884766,43.72999954223633,43.459999084472656,43.459999084472656,361600,
2015-02-10,43.869998931884766,43.900001525878906,43.61000061035156,43.81999969482422,291300,
2015-02-11,43.599998474121094,43.70000076293945,43.40999984741211,43.61000061035156,260200,
2015-02-12,44.33000183105469,44.34000015258789,43.959999084472656,44.0099983215332,757900,
2015-02-13,44.66999816894531,44.689998626708984,44.529998779296875,44.56999969482422,456500,
2015-02-17,44.7400016784668,44.810001373291016,44.45000076293945,44.650001525878906,283100,
2015-02-18,44.91999816894531,44.9900016784668,44.68000030517578,44.720001220703125,1009900,
2015-02-19,44.900001525878906,45.029998779296875,44.77000045776367,44.869998931884766,675900,
2015-02-20,45.209999084472656,45.31999969482422,44.70000076293945,44.849998474121094,300200,
2015-02-23,44.9900016784668,45.060001373291016,44.91999816894531,45.04999923706055,124200,
2015-02-24,45.33000183105469,45.38999938964844,44.95000076293945,45.0099983215332,156500,
2015-02-25,45.369998931884766,45.43000030517578,45.25,45.31999969482422,330300,
2015-02-26,45.27000045776367,45.38999938964844,45.209999084472656,45.279998779296875,308300,
2015-02-27,45.25,45.5099983215332,45.25,45.31999969482422,496200,
2015-03-02,45.349998474121094,45.349998474121094,45.18000030517578,45.20000076293945,214200,
2015-03-03,45.029998779296875,45.20000076293945,44.95000076293945,45.20000076293945,226500,
2015-03-04,44.810001373291016,44.84000015258789,44.5099983215332,44.7400016784668,311700,
2015-03-05,44.849998474121094,45.0,44.779998779296875,44.88999938964844,118900,
2015-03-06,44.25,44.56999969482422,44.18000030517578,44.560001373291016,241100,
2015-03-09,44.20000076293945,44.2599983215332,44.130001068115234,44.25,479200,
2015-03-10,43.27000045776367,43.54999923706055,43.25,43.540000915527344,237200,
2015-03-11,43.400001525878906,43.45000076293945,43.220001220703125,43.369998931884766,2187500,
2015-03-12,43.86000061035156,43.93000030517578,43.720001220703125,43.91999816894531,150100,
2015-03-13,43.560001373291016,43.58000183105469,43.310001373291016,43.560001373291016,88400,
2015-03-16,44.04999923706055,44.11000061035156,43.81999969482422,43.880001068115234,212000,
2015-03-17,44.06999969482422,44.099998474121094,43.779998779296875,43.90999984741211,417900,
2015-03-18,45.040000915527344,45.11000061035156,43.970001220703125,44.0099983215332,297800,
2015-03-19,44.41999816894531,44.61000061035156,44.349998474121094,44.560001373291016,140500,
2015-03-20,45.33000183105469,45.470001220703125,45.02000045776367,45.099998474121094,125200,
2015-03-23,45.54999923706055,45.61000061035156,45.380001068115234,45.439998626708984,261200,
2015-03-24,45.56999969482422,45.689998626708984,45.529998779296875,45.599998474121094,117100,
2015-03-25,45.2400016784668,45.689998626708984,45.20000076293945,45.689998626708984,301100,
2015-03-26,44.880001068115234,45.0099983215332,44.61000061035156,44.970001220703125,1646100,
2015-03-27,45.0099983215332,45.060001373291016,44.83000183105469,44.880001068115234,750500,
2015-03-30,45.220001220703125,45.33000183105469,45.04999923706055,45.099998474121094,170500,
2015-03-31,44.70000076293945,44.880001068115234,44.59000015258789,44.59000015258789,754800,
2015-04-01,45.06999969482422,45.06999969482422,44.790000915527344,44.959999084472656,269500,
2015-04-02,45.4900016784668,45.540000915527344,45.33000183105469,45.33000183105469,366800,
2015-04-06,45.97999954223633,46.209999084472656,45.59000015258789,45.68000030517578,133100,
2015-04-07,45.939998626708984,46.220001220703125,45.91999816894531,46.0,207300,
2015-04-08,46.279998779296875,46.52000045776367,46.08000183105469,46.40999984741211,218800,
2015-04-09,46.45000076293945,46.45000076293945,46.2400016784668,46.349998474121094,524500,
2015-04-10,46.540000915527344,46.54999923706055,46.31999969482422,46.36000061035156,466800,
2015-04-13,46.290000915527344,46.540000915527344,46.2400016784668,46.40999984741211,114400,
2015-04-14,46.58000183105469,46.61000061035156,46.43000030517578,46.5099983215332,343300,
2015-04-15,46.83000183105469,46.88999938964844,46.540000915527344,46.63999938964844,235800,
2015-04-16,47.04999923706055,47.15999984741211,46.779998779296875,46.869998931884766,174100,
2015-04-17,46.40999984741211,46.470001220703125,46.209999084472656,46.36000061035156,210000,
2015-04-20,46.459999084472656,46.59000015258789,46.38999938964844,46.38999938964844,2882900,
2015-04-21,46.83000183105469,46.93000030517578,46.75,46.900001525878906,227100,
2015-04-22,47.0,47.0099983215332,46.689998626708984,46.91999816894531,162000,
2015-04-23,47.25,47.310001373291016,46.689998626708984,46.720001220703125,373800,
2015-04-24,47.470001220703125,47.529998779296875,47.25,47.369998931884766,175400,
2015-04-27,47.689998626708984,47.88999938964844,47.650001525878906,47.66999816894531,148100,
2015-04-28,47.709999084472656,47.75,47.5099983215332,47.59000015258789,263700,
2015-04-29,47.33000183105469,47.4900016784668,47.16999816894531,47.349998474121094,311600,
2015-04-30,46.84000015258789,47.04999923706055,46.77000045776367,47.02000045776367,160700,
2015-05-01,47.22999954223633,47.25,46.869998931884766,47.0099983215332,1031100,
2015-05-04,47.25,47.400001525878906,47.06999969482422,47.22999954223633,758400,
2015-05-05,46.599998474121094,47.20000076293945,46.54999923706055,47.040000915527344,252600,
2015-05-06,46.58000183105469,46.88999938964844,46.40999984741211,46.88999938964844,186400,
2015-05-07,46.45000076293945,46.4900016784668,46.20000076293945,46.400001525878906,84800,
2015-05-08,47.34000015258789,47.40999984741211,47.130001068115234,47.16999816894531,1314800,
2015-05-11,46.93000030517578,47.16999816894531,46.88999938964844,47.08000183105469,324500,
2015-05-12,46.880001068115234,47.0,46.720001220703125,46.84000015258789,120600,
2015-05-13,47.130001068115234,47.400001525878906,47.06999969482422,47.29999923706055,98800,
2015-05-14,47.61000061035156,47.63999938964844,47.41999816894531,47.54999923706055,521200,
2015-05-15,47.7599983215332,47.7599983215332,47.43000030517578,47.459999084472656,245100,
2015-05-18,47.540000915527344,47.560001373291016,47.439998626708984,47.5,827000,
2015-05-19,47.380001068115234,47.4900016784668,47.33000183105469,47.40999984741211,531100,
2015-05-20,47.40999984741211,47.58000183105469,47.25,47.290000915527344,537900,
2015-05-21,47.59000015258789,47.66999816894531,47.34000015258789,47.369998931884766,202600,
2015-05-22,47.40999984741211,47.4900016784668,47.36000061035156,47.470001220703125,103200,
2015-05-26,46.56999969482422,47.060001373291016,46.5,46.90999984741211,146000,
2015-05-27,46.90999984741211,46.959999084472656,46.4900016784668,46.4900016784668,455500,
2015-05-28,46.7400016784668,46.7599983215332,46.40999984741211,46.599998474121094,146300,
2015-05-29,46.310001373291016,46.66999816894531,46.150001525878906,46.54999923706055,168600,
2015-06-01,46.119998931884766,46.38999938964844,46.0,46.34000015258789,207300,
2015-06-02,46.380001068115234,46.56999969482422,46.16999816894531,46.189998626708984,622500,
2015-06-03,46.540000915527344,46.7400016784668,46.439998626708984,46.439998626708984,68500,
2015-06-04,46.0,46.47999954223633,45.86000061035156,46.13999938964844,242600,
2015-06-05,45.560001373291016,45.709999084472656,45.31999969482422,45.470001220703125,119200,
2015-06-08,45.470001220703125,45.5099983215332,45.34000015258789,45.439998626708984,103400,
2015-06-09,45.22999954223633,45.369998931884766,45.099998474121094,45.29999923706055,414100,
2015-06-10,46.060001373291016,46.20000076293945,45.86000061035156,45.90999984741211,110700,
2015-06-11,46.150001525878906,46.2599983215332,45.970001220703125,46.209999084472656,854800,
2015-06-12,45.849998474121094,45.9900016784668,45.66999816894531,45.79999923706055,4391500,
2015-06-15,45.47999954223633,45.52000045776367,45.279998779296875,45.279998779296875,369400,
2015-06-16,45.5,45.540000915527344,45.25,45.25,185600,
2015-06-17,45.47999954223633,45.599998474121094,45.04999923706055,45.369998931884766,446500,
2015-06-18,45.880001068115234,46.16999816894531,45.650001525878906,45.650001525878906,108700,
2015-06-19,45.68000030517578,45.880001068115234,45.68000030517578,45.79999923706055,96000,
2015-06-22,46.470001220703125,46.68000030517578,46.41999816894531,46.4900016784668,147000,
2015-06-23,46.65999984741211,46.70000076293945,46.45000076293945,46.560001373291016,128800,
2015-06-24,46.310001373291016,46.54999923706055,46.279998779296875,46.459999084472656,154400,
2015-06-25,45.58000183105469,45.790000915527344,45.54999923706055,45.77000045776367,112800,
2015-06-26,45.470001220703125,45.630001068115234,45.369998931884766,45.470001220703125,132500,
2015-06-29,44.20000076293945,44.7400016784668,44.13999938964844,44.619998931884766,487800,
2015-06-30,44.18000030517578,44.709999084472656,44.06999969482422,44.709999084472656,1290000,
2015-07-01,44.439998626708984,44.66999816894531,44.27000045776367,44.63999938964844,3337300,
2015-07-02,44.560001373291016,44.619998931884766,44.439998626708984,44.56999969482422,324900,
2015-07-06,43.599998474121094,43.91999816894531,43.459999084472656,43.59000015258789,398400,
2015-07-07,43.459999084472656,43.5099983215332,42.630001068115234,43.18000030517578,373500,
2015-07-08,42.349998474121094,42.86000061035156,42.279998779296875,42.72999954223633,1268000,
2015-07-09,42.9900016784668,43.369998931884766,42.95000076293945,43.33000183105469,236000,
2015-07-10,44.22999954223633,44.310001373291016,43.970001220703125,44.130001068115234,977100,
2015-07-13,44.45000076293945,44.709999084472656,44.38999938964844,44.40999984741211,237300,
2015-07-14,44.70000076293945,44.7400016784668,44.5,44.56999969482422,279900,
2015-07-15,44.5,44.650001525878906,44.369998931884766,44.540000915527344,173700,
2015-07-16,44.84000015258789,44.95000076293945,44.810001373291016,44.86000061035156,223800,
2015-07-17,44.77000045776367,44.88999938964844,44.720001220703125,44.79999923706055,188000,
2015-07-20,44.75,44.849998474121094,44.65999984741211,44.810001373291016,172500,
2015-07-21,44.65999984741211,44.79999923706055,44.599998474121094,44.689998626708984,124900,
2015-07-22,44.2599983215332,44.34000015258789,44.20000076293945,44.2599983215332,566200,
2015-07-23,44.08000183105469,44.38999938964844,44.040000915527344,44.34000015258789,220300,
2015-07-24,43.56999969482422,43.970001220703125,43.52000045776367,43.970001220703125,151500,
2015-07-27,43.150001525878906,43.380001068115234,43.08000183105469,43.380001068115234,334700,
2015-07-28,43.65999984741211,43.68000030517578,43.2400016784668,43.52000045776367,286700,
2015-07-29,43.869998931884766,43.959999084472656,43.59000015258789,43.619998931884766,447800,
2015-07-30,43.79999923706055,43.810001373291016,43.5,43.70000076293945,255800,
2015-07-31,44.08000183105469,44.220001220703125,43.959999084472656,44.13999938964844,791900,
2015-08-03,43.849998474121094,43.9900016784668,43.689998626708984,43.93000030517578,211300,
2015-08-04,43.88999938964844,44.06999969482422,43.79999923706055,43.97999954223633,189100,
2015-08-05,44.06999969482422,44.290000915527344,44.02000045776367,44.119998931884766,144600,
2015-08-06,43.900001525878906,44.02000045776367,43.7599983215332,44.02000045776367,654900,
2015-08-07,43.84000015258789,43.849998474121094,43.689998626708984,43.709999084472656,182200,
2015-08-10,44.439998626708984,44.45000076293945,43.900001525878906,43.900001525878906,800200,
2015-08-11,43.70000076293945,43.790000915527344,43.5099983215332,43.790000915527344,435500,
2015-08-12,43.369998931884766,43.38999938964844,42.90999984741211,43.099998474121094,554100,
2015-08-13,43.31999969482422,43.43000030517578,43.20000076293945,43.34000015258789,461500,
2015-08-14,43.369998931884766,43.400001525878906,43.18000030517578,43.2400016784668,158500,
2015-08-17,43.189998626708984,43.220001220703125,42.88999938964844,42.970001220703125,764300,
2015-08-18,42.900001525878906,42.9900016784668,42.81999969482422,42.939998626708984,363600,
2015-08-19,42.459999084472656,42.70000076293945,42.20000076293945,42.540000915527344,353400,
2015-08-20,41.52000045776367,42.040000915527344,41.4900016784668,41.959999084472656,947700,
2015-08-21,40.439998626708984,41.369998931884766,40.33000183105469,41.2400016784668,646000,
2015-08-24,38.939998626708984,39.849998474121094,37.95000076293945,38.630001068115234,1957700,
2015-08-25,39.400001525878906,41.02000045776367,39.400001525878906,40.7400016784668,916800,
2015-08-26,40.33000183105469,40.380001068115234,39.45000076293945,40.31999969482422,2120900,
2015-08-27,41.16999816894531,41.27000045776367,40.630001068115234,40.630001068115234,1782300,
2015-08-28,41.040000915527344,41.099998474121094,40.81999969482422,40.81999969482422,966600,
2015-08-31,40.79999923706055,40.91999816894531,40.56999969482422,40.689998626708984,279000,
2015-09-01,39.41999816894531,39.849998474121094,39.29999923706055,39.63999938964844,1085100,
2015-09-02,39.959999084472656,39.97999954223633,39.54999923706055,39.959999084472656,1194600,
2015-09-03,40.060001373291016,40.400001525878906,39.97999954223633,40.060001373291016,897400,
2015-09-04,39.099998474121094,39.41999816894531,38.97999954223633,39.22999954223633,927300,
2015-09-08,40.2400016784668,40.2400016784668,39.970001220703125,40.08000183105469,1030100,
2015-09-09,40.09000015258789,40.900001525878906,40.060001373291016,40.81999969482422,631200,
2015-09-10,40.380001068115234,40.52000045776367,40.0099983215332,40.11000061035156,975500,
2015-09-11,40.31999969482422,40.31999969482422,40.0099983215332,40.08000183105469,788500,
2015-09-14,40.09000015258789,40.099998474121094,39.869998931884766,40.040000915527344,1363300,
2015-09-15,40.349998474121094,40.38999938964844,39.9900016784668,40.02000045776367,853800,
2015-09-16,41.04999923706055,41.09000015258789,40.709999084472656,40.709999084472656,677200,
2015-09-17,41.13999938964844,41.56999969482422,40.83000183105469,40.84000015258789,753300,
2015-09-18,40.18000030517578,40.59000015258789,40.119998931884766,40.43000030517578,369900,
2015-09-21,40.15999984741211,40.36000061035156,39.9900016784668,40.33000183105469,410600,
2015-09-22,39.25,39.33000183105469,38.970001220703125,39.25,392700,
2015-09-23,38.90999984741211,39.279998779296875,38.84000015258789,39.2400016784668,1258800,
2015-09-24,38.84000015258789,38.93000030517578,38.36000061035156,38.560001373291016,1335800,
2015-09-25,39.099998474121094,39.459999084472656,38.95000076293945,39.310001373291016,1061000,
2015-09-28,38.27000045776367,38.7599983215332,38.20000076293945,38.7599983215332,1413100,
2015-09-29,38.2400016784668,38.34000015258789,38.0099983215332,38.209999084472656,1422000,
2015-09-30,39.04999923706055,39.06999969482422,38.65999984741211,38.900001525878906,987100,
2015-10-01,39.18000030517578,39.310001373291016,38.849998474121094,39.279998779296875,1359100,
2015-10-02,39.90999984741211,39.90999984741211,38.90999984741211,39.0099983215332,1760900,
2015-10-05,40.7400016784668,40.77000045776367,40.310001373291016,40.349998474121094,5998700,
2015-10-06,40.810001373291016,40.91999816894531,40.68000030517578,40.709999084472656,621200,
2015-10-07,41.38999938964844,41.54999923706055,41.099998474121094,41.33000183105469,979200,
2015-10-08,41.72999954223633,41.790000915527344,41.13999938964844,41.209999084472656,642900,
2015-10-09,41.83000183105469,42.0,41.720001220703125,41.86000061035156,493000,
2015-10-12,41.72999954223633,41.83000183105469,41.689998626708984,41.77000045776367,404600,
2015-10-13,41.209999084472656,41.529998779296875,41.15999984741211,41.209999084472656,182400,
2015-10-14,41.36000061035156,41.470001220703125,41.220001220703125,41.31999969482422,361000,
2015-10-15,42.08000183105469,42.09000015258789,41.689998626708984,41.709999084472656,648900,
2015-10-16,42.060001373291016,42.09000015258789,41.849998474121094,41.970001220703125,203200,
2015-10-19,41.84000015258789,41.86000061035156,41.689998626708984,41.81999969482422,250100,
2015-10-20,41.75,41.84000015258789,41.65999984741211,41.66999816894531,853100,
2015-10-21,41.5,41.88999938964844,41.5,41.86000061035156,593700,
2015-10-22,42.08000183105469,42.220001220703125,41.79999923706055,41.79999923706055,351100,
2015-10-23,42.43000030517578,42.540000915527344,42.29999923706055,42.40999984741211,874800,
2015-10-26,42.209999084472656,42.380001068115234,42.209999084472656,42.34000015258789,182900,
2015-10-27,41.810001373291016,41.95000076293945,41.75,41.91999816894531,614900,
2015-10-28,42.029998779296875,42.29999923706055,41.70000076293945,42.0,587800,
2015-10-29,41.689998626708984,41.75,41.560001373291016,41.560001373291016,404600,
2015-10-30,41.61000061035156,41.86000061035156,41.61000061035156,41.70000076293945,310500,
2015-11-02,42.04999923706055,42.06999969482422,41.779998779296875,41.779998779296875,624500,
2015-11-03,42.15999984741211,42.2599983215332,41.810001373291016,41.81999969482422,1490500,
2015-11-04,41.91999816894531,42.29999923706055,41.83000183105469,42.2400016784668,6334200,
2015-11-05,41.880001068115234,42.04999923706055,41.7599983215332,42.0,2817700,
2015-11-06,41.54999923706055,41.58000183105469,41.27000045776367,41.470001220703125,628400,
2015-11-09,41.029998779296875,41.310001373291016,40.900001525878906,41.310001373291016,650500,
2015-11-10,40.9900016784668,41.0099983215332,40.77000045776367,40.84000015258789,537200,
2015-11-11,41.130001068115234,41.310001373291016,41.08000183105469,41.310001373291016,307600,
2015-11-12,40.650001525878906,40.97999954223633,40.63999938964844,40.790000915527344,1504800,
2015-11-13,40.25,40.45000076293945,40.18000030517578,40.400001525878906,744900,
2015-11-16,40.779998779296875,40.790000915527344,40.2400016784668,40.2400016784668,665300,
2015-11-17,40.84000015258789,41.060001373291016,40.779998779296875,40.91999816894531,1124600,
2015-11-18,41.25,41.279998779296875,40.88999938964844,40.97999954223633,1346400,
2015-11-19,41.4900016784668,41.619998931884766,41.439998626708984,41.45000076293945,1255100,
2015-11-20,41.459999084472656,41.7400016784668,41.439998626708984,41.7400016784668,1152600,
2015-11-23,41.189998626708984,41.439998626708984,41.13999938964844,41.34000015258789,1211400,
2015-11-24,41.25,41.34000015258789,40.91999816894531,40.970001220703125,978400,
2015-11-25,41.29999923706055,41.369998931884766,41.189998626708984,41.22999954223633,1437900,
2015-11-27,41.13999938964844,41.29999923706055,41.11000061035156,41.290000915527344,377400,
2015-11-30,41.06999969482422,41.18000030517578,41.029998779296875,41.150001525878906,1571900,
2015-12-01,41.540000915527344,41.560001373291016,41.34000015258789,41.36000061035156,815400,
2015-12-02,41.09000015258789,41.41999816894531,40.9900016784668,41.310001373291016,1110500,
2015-12-03,40.88999938964844,41.31999969482422,40.66999816894531,41.31999969482422,1655900,
2015-12-04,41.150001525878906,41.20000076293945,40.650001525878906,40.75,1108500,
2015-12-07,40.720001220703125,40.959999084472656,40.59000015258789,40.849998474121094,1357700,
2015-12-08,40.130001068115234,40.209999084472656,39.91999816894531,40.0099983215332,939900,
2015-12-09,39.97999954223633,40.459999084472656,39.790000915527344,40.18000030517578,1682800,
2015-12-10,39.93000030517578,40.16999816894531,39.849998474121094,40.08000183105469,2039300,
2015-12-11,39.099998474121094,39.400001525878906,39.04999923706055,39.29999923706055,2002600,
2015-12-14,39.16999816894531,39.31999969482422,38.790000915527344,39.279998779296875,3262600,
2015-12-15,39.52000045776367,39.66999816894531,39.43000030517578,39.5,2441000,
2015-12-16,40.29999923706055,40.380001068115234,39.7599983215332,39.97999954223633,2926000,
2015-12-17,39.75,40.27000045776367,39.75,40.27000045776367,2414500,
2015-12-18,39.369998931884766,39.650001525878906,39.369998931884766,39.599998474121094,4101100,
2015-12-21,39.34000015258789,39.56999969482422,39.119998931884766,39.5,3100100,
2015-12-22,39.63999938964844,39.650001525878906,39.279998779296875,39.40999984741211,7067400,
2015-12-23,40.25,40.25,39.91999816894531,39.97999954223633,6443800,
2015-12-24,40.13999938964844,40.65999984741211,40.040000915527344,40.040000915527344,893700,
2015-12-28,39.9900016784668,40.02000045776367,39.86000061035156,39.91999816894531,1960200,
2015-12-29,40.369998931884766,40.43000030517578,40.220001220703125,40.31999969482422,1573700,
2015-12-30,39.970001220703125,40.15999984741211,39.970001220703125,40.130001068115234,1694900,
2015-12-31,39.61000061035156,39.959999084472656,39.599998474121094,39.83000183105469,4126900,
2016-01-04,38.849998474121094,38.86000061035156,38.439998626708984,38.86000061035156,2271200,
2016-01-05,38.810001373291016,38.849998474121094,38.56999969482422,38.790000915527344,1045500,
2016-01-06,38.09000015258789,38.22999954223633,37.90999984741211,38.04999923706055,894500,
2016-01-07,37.22999954223633,37.709999084472656,37.20000076293945,37.31999969482422,1906300,
2016-01-08,36.84000015258789,37.529998779296875,36.77000045776367,37.439998626708984,1841500,
2016-01-11,36.869998931884766,37.209999084472656,36.54999923706055,37.209999084472656,2910200,
2016-01-12,37.060001373291016,37.25,36.72999954223633,37.209999084472656,2193700,
2016-01-13,36.5,37.40999984741211,36.40999984741211,37.40999984741211,1368100,
2016-01-14,36.959999084472656,37.119998931884766,36.34000015258789,36.58000183105469,2739400,
2016-01-15,35.650001525878906,35.95000076293945,35.38999938964844,35.79999923706055,1944700,
2016-01-19,35.970001220703125,36.279998779296875,35.709999084472656,36.2599983215332,2969600,
2016-01-20,35.189998626708984,35.41999816894531,34.470001220703125,35.18000030517578,2929900,
2016-01-21,35.459999084472656,35.709999084472656,34.86000061035156,35.209999084472656,5989000,
2016-01-22,36.540000915527344,36.56999969482422,36.279998779296875,36.31999969482422,1820900,
2016-01-25,35.9900016784668,36.369998931884766,35.970001220703125,36.189998626708984,1866900,
2016-01-26,36.63999938964844,36.65999984741211,36.15999984741211,36.209999084472656,912500,
2016-01-27,36.439998626708984,36.970001220703125,36.279998779296875,36.54999923706055,1037500,
2016-01-28,36.630001068115234,36.90999984741211,36.34000015258789,36.81999969482422,2202800,
2016-01-29,37.40999984741211,37.43000030517578,36.880001068115234,36.880001068115234,1628400,
2016-02-01,37.279998779296875,37.40999984741211,36.90999984741211,37.0099983215332,1540600,
2016-02-02,36.369998931884766,36.720001220703125,36.27000045776367,36.720001220703125,2965700,
2016-02-03,36.810001373291016,36.83000183105469,35.959999084472656,36.619998931884766,2039300,
2016-02-04,36.939998626708984,37.15999984741211,36.709999084472656,36.810001373291016,1230800,
2016-02-05,36.470001220703125,36.849998474121094,36.33000183105469,36.810001373291016,1885900,
2016-02-08,35.790000915527344,35.900001525878906,35.459999084472656,35.900001525878906,2084200,
2016-02-09,35.33000183105469,35.560001373291016,35.060001373291016,35.18000030517578,4285100,
2016-02-10,35.36000061035156,35.83000183105469,35.31999969482422,35.58000183105469,2032900,
2016-02-11,34.869998931884766,35.0099983215332,34.540000915527344,34.81999969482422,1648800,
2016-02-12,35.41999816894531,35.439998626708984,34.869998931884766,34.95000076293945,1403700,
2016-02-16,36.15999984741211,36.18000030517578,35.79999923706055,36.02000045776367,1961700,
2016-02-17,36.83000183105469,36.88999938964844,36.459999084472656,36.470001220703125,967200,
2016-02-18,36.709999084472656,37.029998779296875,36.66999816894531,37.029998779296875,831500,
2016-02-19,36.59000015258789,36.63999938964844,36.29999923706055,36.459999084472656,492200,
2016-02-22,37.08000183105469,37.11000061035156,36.93000030517578,36.93000030517578,751000,
2016-02-23,36.439998626708984,36.869998931884766,36.439998626708984,36.790000915527344,452300,
2016-02-24,36.400001525878906,36.45000076293945,35.709999084472656,35.88999938964844,788800,
2016-02-25,36.779998779296875,36.779998779296875,36.349998474121094,36.47999954223633,1028600,
2016-02-26,36.63999938964844,37.0,36.58000183105469,36.97999954223633,1415700,
2016-02-29,36.4900016784668,36.849998474121094,36.4900016784668,36.650001525878906,1084500,
2016-03-01,37.54999923706055,37.56999969482422,37.029998779296875,37.16999816894531,569700,
2016-03-02,37.849998474121094,37.849998474121094,37.439998626708984,37.4900016784668,1435500,
2016-03-03,38.2400016784668,38.2599983215332,37.88999938964844,37.88999938964844,859700,
2016-03-04,38.630001068115234,38.81999969482422,38.459999084472656,38.459999084472656,817500,
2016-03-07,38.630001068115234,38.77000045776367,38.22999954223633,38.27000045776367,1086300,
2016-03-08,38.189998626708984,38.400001525878906,38.130001068115234,38.369998931884766,848800,
2016-03-09,38.38999938964844,38.5099983215332,38.290000915527344,38.36000061035156,626600,
2016-03-10,38.34000015258789,38.869998931884766,38.0099983215332,38.68000030517578,1205300,
2016-03-11,39.29999923706055,39.310001373291016,38.97999954223633,38.9900016784668,1025400,
2016-03-14,39.189998626708984,39.279998779296875,39.08000183105469,39.18000030517578,577100,
2016-03-15,38.720001220703125,38.7400016784668,38.58000183105469,38.72999954223633,658200,
2016-03-16,39.209999084472656,39.2400016784668,38.45000076293945,38.45000076293945,481900,
2016-03-17,39.66999816894531,39.72999954223633,39.18000030517578,39.290000915527344,561500,
2016-03-18,39.59000015258789,39.75,39.54999923706055,39.599998474121094,1617100,
2016-03-21,39.56999969482422,39.63999938964844,39.439998626708984,39.529998779296875,651900,
2016-03-22,39.47999954223633,39.56999969482422,39.22999954223633,39.2400016784668,571000,
2016-03-23,38.9900016784668,39.349998474121094,38.970001220703125,39.349998474121094,540300,
2016-03-24,38.790000915527344,38.790000915527344,38.470001220703125,38.59000015258789,770300,
2016-03-28,39.0,39.02000045776367,38.84000015258789,38.97999954223633,675700,
2016-03-29,39.439998626708984,39.45000076293945,38.72999954223633,38.79999923706055,602200,
2016-03-30,39.79999923706055,40.029998779296875,39.75,39.790000915527344,1288000,
2016-03-31,39.47999954223633,39.779998779296875,39.470001220703125,39.66999816894531,999500,
2016-04-01,39.150001525878906,39.18000030517578,38.63999938964844,38.709999084472656,461100,
2016-04-04,38.970001220703125,39.2400016784668,38.93000030517578,39.189998626708984,331600,
2016-04-05,38.220001220703125,38.369998931884766,38.189998626708984,38.33000183105469,384900,
2016-04-06,38.779998779296875,38.810001373291016,38.25,38.290000915527344,487800,
2016-04-07,38.220001220703125,38.54999923706055,38.119998931884766,38.459999084472656,602000,
2016-04-08,38.970001220703125,39.099998474121094,38.849998474121094,38.959999084472656,898900,
2016-04-11,39.060001373291016,39.439998626708984,39.060001373291016,39.2599983215332,356200,
2016-04-12,39.70000076293945,39.779998779296875,39.16999816894531,39.400001525878906,706100,
2016-04-13,40.33000183105469,40.380001068115234,40.15999984741211,40.27000045776367,361300,
2016-04-14,40.36000061035156,40.459999084472656,40.310001373291016,40.45000076293945,422200,
2016-04-15,40.25,40.380001068115234,40.2400016784668,40.310001373291016,272200,
2016-04-18,40.560001373291016,40.59000015258789,40.09000015258789,40.18000030517578,418900,
2016-04-19,41.2400016784668,41.290000915527344,41.04999923706055,41.130001068115234,248400,
2016-04-20,41.20000076293945,41.400001525878906,41.06999969482422,41.13999938964844,418500,
2016-04-21,40.959999084472656,41.220001220703125,40.869998931884766,41.15999984741211,830100,
2016-04-22,40.93000030517578,41.06999969482422,40.790000915527344,40.95000076293945,960100,
2016-04-25,40.720001220703125,40.7599983215332,40.599998474121094,40.72999954223633,505100,
2016-04-26,40.900001525878906,40.939998626708984,40.77000045776367,40.900001525878906,347000,
2016-04-27,40.9900016784668,41.040000915527344,40.720001220703125,40.7599983215332,341900,
2016-04-28,40.599998474121094,40.880001068115234,40.470001220703125,40.5099983215332,4010500,
2016-04-29,40.47999954223633,40.66999816894531,40.310001373291016,40.599998474121094,1219900,
2016-05-02,40.7400016784668,40.779998779296875,40.56999969482422,40.720001220703125,1244000,
2016-05-03,39.91999816894531,40.2400016784668,39.88999938964844,40.189998626708984,708200,
2016-05-04,39.459999084472656,39.66999816894531,39.36000061035156,39.619998931884766,509200,
2016-05-05,39.40999984741211,39.61000061035156,39.27000045776367,39.540000915527344,628900,
2016-05-06,39.470001220703125,39.52000045776367,39.18000030517578,39.209999084472656,616600,
2016-05-09,39.290000915527344,39.560001373291016,39.2400016784668,39.5,325600,
2016-05-10,39.900001525878906,39.90999984741211,39.56999969482422,39.56999969482422,344100,
2016-05-11,39.630001068115234,39.869998931884766,39.630001068115234,39.68000030517578,435000,
2016-05-12,39.619998931884766,39.97999954223633,39.439998626708984,39.970001220703125,386100,
2016-05-13,39.099998474121094,39.439998626708984,39.040000915527344,39.27000045776367,374900,
2016-05-16,39.599998474121094,39.630001068115234,39.2599983215332,39.2599983215332,421400,
2016-05-17,39.33000183105469,39.650001525878906,39.279998779296875,39.540000915527344,377600,
2016-05-18,39.22999954223633,39.66999816894531,39.11000061035156,39.27000045776367,784500,
2016-05-19,38.970001220703125,39.04999923706055,38.79999923706055,39.0,767900,
2016-05-20,39.27000045776367,39.36000061035156,39.20000076293945,39.25,967600,
2016-05-23,39.16999816894531,39.25,39.099998474121094,39.150001525878906,460900,
2016-05-24,39.66999816894531,39.720001220703125,39.349998474121094,39.41999816894531,502300,
2016-05-25,40.08000183105469,40.150001525878906,39.88999938964844,39.88999938964844,1125100,
2016-05-26,40.18000030517578,40.27000045776367,40.09000015258789,40.13999938964844,1966800,
2016-05-27,40.119998931884766,40.220001220703125,40.04999923706055,40.119998931884766,662400,
2016-05-31,39.9900016784668,40.349998474121094,39.900001525878906,40.27000045776367,464900,
2016-06-01,40.0,40.029998779296875,39.75,39.779998779296875,728600,
2016-06-02,40.060001373291016,40.08000183105469,39.7599983215332,39.83000183105469,413200,
2016-06-03,40.400001525878906,40.439998626708984,40.09000015258789,40.25,320700,
2016-06-06,40.689998626708984,40.779998779296875,40.540000915527344,40.540000915527344,341300,
2016-06-07,41.029998779296875,41.119998931884766,40.9900016784668,40.9900016784668,1225000,
2016-06-08,41.16999816894531,41.27000045776367,41.119998931884766,41.16999816894531,403800,
2016-06-09,40.68000030517578,40.7599983215332,40.54999923706055,40.70000076293945,511000,
2016-06-10,39.56999969482422,39.95000076293945,39.4900016784668,39.900001525878906,415100,
2016-06-13,39.0099983215332,39.400001525878906,38.970001220703125,39.11000061035156,549300,
2016-06-14,38.52000045776367,38.81999969482422,38.33000183105469,38.70000076293945,1653900,
2016-06-15,38.790000915527344,39.0,38.720001220703125,38.779998779296875,677700,
2016-06-16,38.790000915527344,38.810001373291016,37.939998626708984,38.220001220703125,420000,
2016-06-17,39.09000015258789,39.16999816894531,38.7400016784668,38.869998931884766,1346600,
2016-06-20,39.970001220703125,40.209999084472656,39.95000076293945,40.150001525878906,593900,
2016-06-21,40.2599983215332,40.5,40.06999969482422,40.22999954223633,440100,
2016-06-22,39.54999923706055,39.86000061035156,39.529998779296875,39.720001220703125,614200,
2016-06-23,40.56999969482422,40.599998474121094,40.04999923706055,40.209999084472656,430000,
2016-06-24,37.45000076293945,38.36000061035156,37.45000076293945,37.61000061035156,1172200,
2016-06-27,36.790000915527344,37.09000015258789,36.36000061035156,37.09000015258789,1107800,
2016-06-28,37.779998779296875,37.779998779296875,37.36000061035156,37.61000061035156,1027400,
2016-06-29,38.4900016784668,38.560001373291016,38.2400016784668,38.2400016784668,704400,
2016-06-30,38.959999084472656,38.9900016784668,38.470001220703125,38.59000015258789,786200,
2016-07-01,39.09000015258789,39.189998626708984,39.029998779296875,39.04999923706055,899800,
2016-07-05,38.380001068115234,38.68000030517578,38.290000915527344,38.630001068115234,349300,
2016-07-06,38.33000183105469,38.33000183105469,37.75,37.97999954223633,778900,
2016-07-07,38.20000076293945,38.540000915527344,38.060001373291016,38.45000076293945,549500,
2016-07-08,38.77000045776367,38.810001373291016,38.529998779296875,38.61000061035156,475500,
2016-07-11,39.290000915527344,39.40999984741211,39.15999984741211,39.15999984741211,386800,
2016-07-12,39.810001373291016,39.959999084472656,39.72999954223633,39.779998779296875,365200,
2016-07-13,39.790000915527344,39.95000076293945,39.689998626708984,39.880001068115234,547500,
2016-07-14,40.16999816894531,40.2599983215332,40.09000015258789,40.15999984741211,521400,
2016-07-15,39.97999954223633,40.119998931884766,39.91999816894531,40.04999923706055,5011400,
2016-07-18,40.13999938964844,40.18000030517578,39.88999938964844,40.0,256800,
2016-07-19,39.77000045776367,39.869998931884766,39.70000076293945,39.810001373291016,492400,
2016-07-20,40.08000183105469,40.150001525878906,39.90999984741211,40.0099983215332,337700,
2016-07-21,39.959999084472656,40.130001068115234,39.88999938964844,39.959999084472656,334900,
2016-07-22,40.04999923706055,40.06999969482422,39.93000030517578,40.060001373291016,294400,
2016-07-25,39.900001525878906,40.04999923706055,39.83000183105469,40.0,291200,
2016-07-26,40.09000015258789,40.18000030517578,39.939998626708984,40.02000045776367,286900,
2016-07-27,40.20000076293945,40.31999969482422,39.90999984741211,40.25,354100,
2016-07-28,40.20000076293945,40.25,40.0099983215332,40.18000030517578,321100,
2016-07-29,40.58000183105469,40.630001068115234,40.31999969482422,40.45000076293945,419900,
2016-08-01,40.34000015258789,40.56999969482422,40.310001373291016,40.560001373291016,436000,
2016-08-02,40.15999984741211,40.290000915527344,39.9900016784668,40.27000045776367,1529300,
2016-08-03,40.11000061035156,40.119998931884766,39.810001373291016,39.88999938964844,695900,
2016-08-04,40.34000015258789,40.38999938964844,40.15999984741211,40.189998626708984,622800,
2016-08-05,40.560001373291016,40.58000183105469,40.36000061035156,40.36000061035156,536900,
2016-08-08,40.70000076293945,40.7400016784668,40.63999938964844,40.689998626708984,1740900,
2016-08-09,41.04999923706055,41.130001068115234,40.86000061035156,40.86000061035156,760800,
2016-08-10,41.13999938964844,41.31999969482422,41.119998931884766,41.209999084472656,310400,
2016-08-11,41.4900016784668,41.52000045776367,41.290000915527344,41.290000915527344,173700,
2016-08-12,41.369998931884766,41.529998779296875,41.310001373291016,41.470001220703125,235900,
2016-08-15,41.59000015258789,41.689998626708984,41.540000915527344,41.56999969482422,678800,
2016-08-16,41.4900016784668,41.59000015258789,41.459999084472656,41.52000045776367,296300,
2016-08-17,41.459999084472656,41.540000915527344,41.15999984741211,41.31999969482422,578700,
2016-08-18,41.65999984741211,41.66999816894531,41.459999084472656,41.4900016784668,350700,
2016-08-19,41.369998931884766,41.40999984741211,41.150001525878906,41.27000045776367,304900,
2016-08-22,41.290000915527344,41.310001373291016,41.119998931884766,41.20000076293945,279000,
2016-08-23,41.400001525878906,41.650001525878906,41.38999938964844,41.59000015258789,187700,
2016-08-24,41.29999923706055,41.439998626708984,41.25,41.43000030517578,308000,
2016-08-25,41.209999084472656,41.279998779296875,41.15999984741211,41.209999084472656,837400,
2016-08-26,40.93000030517578,41.65999984741211,40.75,41.2599983215332,646400,
2016-08-29,41.119998931884766,41.13999938964844,40.88999938964844,40.95000076293945,158000,
2016-08-30,41.04999923706055,41.220001220703125,40.9900016784668,41.16999816894531,195500,
2016-08-31,40.869998931884766,41.0,40.72999954223633,40.939998626708984,175200,
2016-09-01,41.150001525878906,41.150001525878906,40.88999938964844,41.0,714900,
2016-09-02,41.66999816894531,41.70000076293945,41.459999084472656,41.56999969482422,367000,
2016-09-06,42.08000183105469,42.099998474121094,41.81999969482422,41.81999969482422,448800,
2016-09-07,42.060001373291016,42.209999084472656,42.0099983215332,42.16999816894531,1864500,
2016-09-08,41.93000030517578,42.130001068115234,41.900001525878906,42.04999923706055,450400,
2016-09-09,41.0099983215332,41.54999923706055,41.0,41.54999923706055,779500,
2016-09-12,41.310001373291016,41.36000061035156,40.61000061035156,40.709999084472656,660600,
2016-09-13,40.45000076293945,40.84000015258789,40.290000915527344,40.79999923706055,631500,
2016-09-14,40.459999084472656,40.689998626708984,40.380001068115234,40.459999084472656,416400,
2016-09-15,40.86000061035156,40.91999816894531,40.40999984741211,40.470001220703125,427300,
2016-09-16,40.380001068115234,40.459999084472656,40.27000045776367,40.459999084472656,287000,
2016-09-19,40.63999938964844,40.869998931884766,40.599998474121094,40.75,208900,
2016-09-20,40.810001373291016,40.97999954223633,40.77000045776367,40.93000030517578,206100,
2016-09-21,41.59000015258789,41.650001525878906,41.08000183105469,41.220001220703125,615000,
2016-09-22,42.0,42.2599983215332,41.939998626708984,42.20000076293945,242500,
2016-09-23,41.58000183105469,41.7599983215332,41.56999969482422,41.68000030517578,226500,
2016-09-26,41.119998931884766,41.29999923706055,41.119998931884766,41.27000045776367,527500,
2016-09-27,41.369998931884766,41.400001525878906,41.0099983215332,41.029998779296875,415500,
2016-09-28,41.72999954223633,41.7400016784668,41.25,41.5,209600,
2016-09-29,41.209999084472656,41.720001220703125,41.09000015258789,41.599998474121094,294000,
2016-09-30,41.47999954223633,41.599998474121094,41.2599983215332,41.36000061035156,259700,
2016-10-03,41.45000076293945,41.47999954223633,41.310001373291016,41.40999984741211,144100,
2016-10-04,41.29999923706055,41.65999984741211,41.18000030517578,41.54999923706055,234600,
2016-10-05,41.599998474121094,41.63999938964844,41.41999816894531,41.470001220703125,1559500,
2016-10-06,41.43000030517578,41.459999084472656,41.279998779296875,41.36000061035156,134300,
2016-10-07,41.209999084472656,41.349998474121094,40.91999816894531,41.29999923706055,210500,
2016-10-10,41.43000030517578,41.529998779296875,41.31999969482422,41.34000015258789,214600,
2016-10-11,40.779998779296875,41.130001068115234,40.66999816894531,41.130001068115234,570300,
2016-10-12,40.709999084472656,40.810001373291016,40.599998474121094,40.70000076293945,260300,
2016-10-13,40.54999923706055,40.630001068115234,40.099998474121094,40.27000045776367,303600,
2016-10-14,40.56999969482422,40.88999938964844,40.56999969482422,40.83000183105469,313100,
2016-10-17,40.45000076293945,40.619998931884766,40.45000076293945,40.5,263400,
2016-10-18,41.0099983215332,41.06999969482422,40.88999938964844,40.9900016784668,126500,
2016-10-19,41.150001525878906,41.220001220703125,41.040000915527344,41.04999923706055,112400,
2016-10-20,41.119998931884766,41.220001220703125,40.9900016784668,41.029998779296875,150200,
2016-10-21,41.08000183105469,41.08000183105469,40.81999969482422,40.880001068115234,1593200,
2016-10-24,41.11000061035156,41.25,41.029998779296875,41.189998626708984,442700,
2016-10-25,41.06999969482422,41.119998931884766,40.95000076293945,41.040000915527344,239500,
2016-10-26,40.810001373291016,40.970001220703125,40.75,40.810001373291016,449800,
2016-10-27,40.72999954223633,40.91999816894531,40.720001220703125,40.91999816894531,565000,
2016-10-28,40.709999084472656,40.83000183105469,40.56999969482422,40.709999084472656,2338900,
2016-10-31,40.75,40.810001373291016,40.630001068115234,40.720001220703125,991200,
2016-11-01,40.59000015258789,40.88999938964844,40.40999984741211,40.88999938964844,742600,
2016-11-02,40.2400016784668,40.58000183105469,40.16999816894531,40.56999969482422,1830000,
2016-11-03,40.189998626708984,40.38999938964844,40.11000061035156,40.34000015258789,601500,
2016-11-04,39.81999969482422,40.029998779296875,39.810001373291016,39.970001220703125,1082500,
2016-11-07,40.65999984741211,40.65999984741211,40.380001068115234,40.43000030517578,713800,
2016-11-08,40.709999084472656,40.83000183105469,40.380001068115234,40.470001220703125,849900,
2016-11-09,40.470001220703125,40.66999816894531,40.15999984741211,40.15999984741211,736400,
2016-11-10,40.119998931884766,40.47999954223633,39.91999816894531,40.369998931884766,647100,
2016-11-11,39.790000915527344,39.849998474121094,39.52000045776367,39.849998474121094,791100,
2016-11-14,39.529998779296875,39.560001373291016,39.369998931884766,39.529998779296875,746900,
2016-11-15,39.869998931884766,39.880001068115234,39.529998779296875,39.560001373291016,681600,
2016-11-16,39.5,39.630001068115234,39.459999084472656,39.459999084472656,665900,
2016-11-17,39.7400016784668,39.849998474121094,39.650001525878906,39.709999084472656,855300,
2016-11-18,39.38999938964844,39.54999923706055,39.349998474121094,39.540000915527344,700000,
2016-11-21,39.75,39.77000045776367,39.59000015258789,39.650001525878906,612700,
2016-11-22,39.93000030517578,39.95000076293945,39.7599983215332,39.95000076293945,996600,
2016-11-23,39.75,39.779998779296875,39.4900016784668,39.529998779296875,1201200,
2016-11-25,39.900001525878906,39.90999984741211,39.81999969482422,39.90999984741211,306000,
2016-11-28,39.77000045776367,39.900001525878906,39.7400016784668,39.880001068115234,1083500,
2016-11-29,39.939998626708984,40.02000045776367,39.689998626708984,39.75,1468700,
2016-11-30,39.91999816894531,40.09000015258789,39.900001525878906,40.06999969482422,1533600,
2016-12-01,39.7400016784668,39.95000076293945,39.70000076293945,39.95000076293945,1149300,
2016-12-02,39.83000183105469,39.90999984741211,39.65999984741211,39.65999984741211,1214600,
2016-12-05,40.16999816894531,40.22999954223633,40.0,40.0099983215332,1769900,
2016-12-06,40.40999984741211,40.439998626708984,40.189998626708984,40.189998626708984,1567000,
2016-12-07,40.970001220703125,41.04999923706055,40.540000915527344,40.56999969482422,860900,
2016-12-08,41.0099983215332,41.06999969482422,40.849998474121094,40.9900016784668,986300,
2016-12-09,41.09000015258789,41.119998931884766,40.959999084472656,40.9900016784668,827400,
2016-12-12,40.959999084472656,41.09000015258789,40.88999938964844,41.0,1149500,
2016-12-13,41.380001068115234,41.470001220703125,41.25,41.29999923706055,1067500,
2016-12-14,40.65999984741211,41.310001373291016,40.61000061035156,41.2599983215332,1327700,
2016-12-15,40.599998474121094,40.650001525878906,40.47999954223633,40.529998779296875,1168500,
2016-12-16,40.52000045776367,40.65999984741211,40.470001220703125,40.52000045776367,1124200,
2016-12-19,40.439998626708984,40.599998474121094,40.439998626708984,40.560001373291016,2051000,
2016-12-20,40.59000015258789,40.599998474121094,40.459999084472656,40.56999969482422,1821900,
2016-12-21,40.189998626708984,40.22999954223633,40.13999938964844,40.22999954223633,2028100,
2016-12-22,39.970001220703125,40.06999969482422,39.959999084472656,40.060001373291016,1303300,
2016-12-23,40.09000015258789,40.09000015258789,39.95000076293945,39.95000076293945,989900,
2016-12-27,40.06999969482422,40.150001525878906,40.060001373291016,40.099998474121094,1868400,
2016-12-28,39.9900016784668,40.130001068115234,39.970001220703125,40.060001373291016,1087600,
2016-12-29,40.2599983215332,40.29999923706055,40.16999816894531,40.16999816894531,1324900,
2016-12-30,40.27000045776367,40.47999954223633,40.18000030517578,40.47999954223633,1030900,
2017-01-03,40.4900016784668,40.54999923706055,40.400001525878906,40.5,1904000,
2017-01-04,40.939998626708984,40.939998626708984,40.70000076293945,40.70000076293945,1172700,
2017-01-05,41.290000915527344,41.349998474121094,41.06999969482422,41.06999969482422,646100,
2017-01-06,41.119998931884766,41.189998626708984,41.06999969482422,41.15999984741211,1443100,
2017-01-09,41.060001373291016,41.13999938964844,40.97999954223633,41.029998779296875,1762300,
2017-01-10,41.16999816894531,41.29999923706055,41.119998931884766,41.18000030517578,996900,
2017-01-11,41.459999084472656,41.459999084472656,41.06999969482422,41.16999816894531,940000,
2017-01-12,41.47999954223633,41.54999923706055,41.349998474121094,41.52000045776367,556200,
2017-01-13,41.61000061035156,41.63999938964844,41.470001220703125,41.52000045776367,875400,
2017-01-17,41.529998779296875,41.58000183105469,41.439998626708984,41.560001373291016,2136300,
2017-01-18,41.31999969482422,41.47999954223633,41.25,41.38999938964844,613600,
2017-01-19,41.2400016784668,41.33000183105469,41.130001068115234,41.310001373291016,946700,
2017-01-20,41.41999816894531,41.459999084472656,41.29999923706055,41.36000061035156,1049700,
2017-01-23,41.599998474121094,41.61000061035156,41.380001068115234,41.40999984741211,4010200,
2017-01-24,41.779998779296875,41.84000015258789,41.61000061035156,41.61000061035156,591900,
2017-01-25,42.20000076293945,42.22999954223633,42.0,42.04999923706055,1096100,
2017-01-26,42.060001373291016,42.18000030517578,42.0099983215332,42.150001525878906,1137700,
2017-01-27,42.0099983215332,42.060001373291016,41.91999816894531,42.040000915527344,1001600,
2017-01-30,41.709999084472656,41.7400016784668,41.540000915527344,41.65999984741211,812500,
2017-01-31,41.810001373291016,41.86000061035156,41.650001525878906,41.779998779296875,1164100,
2017-02-01,41.97999954223633,42.060001373291016,41.81999969482422,42.02000045776367,1524400,
2017-02-02,41.9900016784668,42.04999923706055,41.88999938964844,42.029998779296875,642000,
2017-02-03,42.150001525878906,42.220001220703125,42.04999923706055,42.099998474121094,541200,
2017-02-06,41.90999984741211,41.93000030517578,41.79999923706055,41.86000061035156,508200,
2017-02-07,41.83000183105469,41.869998931884766,41.779998779296875,41.849998474121094,554500,
2017-02-08,41.9900016784668,42.0,41.7599983215332,41.790000915527344,402900,
2017-02-09,42.13999938964844,42.18000030517578,42.029998779296875,42.06999969482422,513300,
2017-02-10,42.31999969482422,42.36000061035156,42.150001525878906,42.15999984741211,405000,
2017-02-13,42.47999954223633,42.560001373291016,42.439998626708984,42.439998626708984,757800,
2017-02-14,42.45000076293945,42.459999084472656,42.20000076293945,42.400001525878906,475400,
2017-02-15,42.65999984741211,42.68000030517578,42.33000183105469,42.33000183105469,594200,
2017-02-16,42.720001220703125,42.7400016784668,42.630001068115234,42.70000076293945,537800,
2017-02-17,42.59000015258789,42.59000015258789,42.459999084472656,42.4900016784668,915200,
2017-02-21,42.779998779296875,42.79999923706055,42.619998931884766,42.650001525878906,397400,
2017-02-22,42.81999969482422,42.84000015258789,42.619998931884766,42.68000030517578,377100,
2017-02-23,42.869998931884766,43.02000045776367,42.81999969482422,43.0099983215332,641200,
2017-02-24,42.540000915527344,42.56999969482422,42.41999816894531,42.45000076293945,1370600,
2017-02-27,42.470001220703125,42.529998779296875,42.380001068115234,42.41999816894531,292300,
2017-02-28,42.290000915527344,42.4900016784668,42.2599983215332,42.41999816894531,583500,
2017-03-01,42.81999969482422,42.880001068115234,42.61000061035156,42.61000061035156,382400,
2017-03-02,42.45000076293945,42.619998931884766,42.41999816894531,42.56999969482422,1100700,
2017-03-03,42.70000076293945,42.720001220703125,42.459999084472656,42.5099983215332,325000,
2017-03-06,42.58000183105469,42.59000015258789,42.47999954223633,42.59000015258789,344800,
2017-03-07,42.459999084472656,42.54999923706055,42.40999984741211,42.5,548800,
2017-03-08,42.22999954223633,42.470001220703125,42.220001220703125,42.45000076293945,348900,
2017-03-09,42.27000045776367,42.31999969482422,42.13999938964844,42.29999923706055,402600,
2017-03-10,42.630001068115234,42.65999984741211,42.47999954223633,42.56999969482422,401100,
2017-03-13,42.90999984741211,42.90999984741211,42.810001373291016,42.810001373291016,296400,
2017-03-14,42.599998474121094,42.66999816894531,42.560001373291016,42.650001525878906,284900,
2017-03-15,43.29999923706055,43.310001373291016,42.68000030517578,42.7400016784668,635900,
2017-03-16,43.540000915527344,43.58000183105469,43.459999084472656,43.560001373291016,304500,
2017-03-17,43.56999969482422,43.66999816894531,43.5099983215332,43.630001068115234,419400,
2017-03-20,43.630001068115234,43.7400016784668,43.54999923706055,43.630001068115234,654100,
2017-03-21,43.33000183105469,43.95000076293945,43.29999923706055,43.900001525878906,628000,
2017-03-22,43.400001525878906,43.43000030517578,43.15999984741211,43.2400016784668,494800,
2017-03-23,43.4900016784668,43.61000061035156,43.31999969482422,43.349998474121094,672300,
2017-03-24,43.619998931884766,43.70000076293945,43.540000915527344,43.59000015258789,1047900,
2017-03-27,43.709999084472656,43.72999954223633,43.41999816894531,43.41999816894531,373800,
2017-03-28,43.849998474121094,43.93000030517578,43.7400016784668,43.7400016784668,1348300,
2017-03-29,43.91999816894531,43.91999816894531,43.689998626708984,43.77000045776367,543400,
2017-03-30,43.779998779296875,43.900001525878906,43.720001220703125,43.790000915527344,530500,
2017-03-31,43.619998931884766,43.72999954223633,43.540000915527344,43.560001373291016,915800,
2017-04-03,43.650001525878906,43.68000030517578,43.34000015258789,43.63999938964844,591200,
2017-04-04,43.650001525878906,43.66999816894531,43.439998626708984,43.5,536500,
2017-04-05,43.470001220703125,43.79999923706055,43.459999084472656,43.70000076293945,614500,
2017-04-06,43.459999084472656,43.54999923706055,43.400001525878906,43.5099983215332,440100,
2017-04-07,43.43000030517578,43.540000915527344,43.38999938964844,43.41999816894531,331000,
2017-04-10,43.369998931884766,43.43000030517578,43.310001373291016,43.38999938964844,532400,
2017-04-11,43.540000915527344,43.54999923706055,43.220001220703125,43.52000045776367,427400,
2017-04-12,43.540000915527344,43.54999923706055,43.34000015258789,43.52000045776367,468800,
2017-04-13,43.2400016784668,43.45000076293945,43.2400016784668,43.38999938964844,317600,
2017-04-17,43.59000015258789,43.59000015258789,43.36000061035156,43.36000061035156,439400,
2017-04-18,43.29999923706055,43.33000183105469,43.130001068115234,43.2599983215332,1769300,
2017-04-19,43.11000061035156,43.400001525878906,43.060001373291016,43.369998931884766,600500,
2017-04-20,43.5099983215332,43.560001373291016,43.45000076293945,43.47999954223633,934000,
2017-04-21,43.52000045776367,43.529998779296875,43.41999816894531,43.5099983215332,314600,
2017-04-24,44.439998626708984,44.459999084472656,44.34000015258789,44.400001525878906,838500,
2017-04-25,44.720001220703125,44.77000045776367,44.59000015258789,44.619998931884766,1840500,
2017-04-26,44.56999969482422,44.72999954223633,44.560001373291016,44.630001068115234,505200,
2017-04-27,44.56999969482422,44.630001068115234,44.439998626708984,44.630001068115234,754000,
2017-04-28,44.560001373291016,44.599998474121094,44.529998779296875,44.59000015258789,238400,
2017-05-01,44.7400016784668,44.81999969482422,44.650001525878906,44.7599983215332,535200,
2017-05-02,44.939998626708984,44.970001220703125,44.81999969482422,44.86000061035156,502200,
2017-05-03,44.77000045776367,44.849998474121094,44.70000076293945,44.81999969482422,859900,
2017-05-04,44.959999084472656,44.970001220703125,44.7599983215332,44.86000061035156,551300,
2017-05-05,45.439998626708984,45.439998626708984,44.970001220703125,45.0099983215332,481100,
2017-05-08,45.189998626708984,45.25,45.13999938964844,45.25,245100,
2017-05-09,45.220001220703125,45.290000915527344,45.150001525878906,45.220001220703125,473600,
2017-05-10,45.349998474121094,45.36000061035156,45.220001220703125,45.33000183105469,283300,
2017-05-11,45.29999923706055,45.31999969482422,45.11000061035156,45.209999084472656,301000,
2017-05-12,45.5,45.52000045776367,45.36000061035156,45.36000061035156,261500,
2017-05-15,45.790000915527344,45.810001373291016,45.66999816894531,45.66999816894531,265200,
2017-05-16,46.02000045776367,46.04999923706055,45.959999084472656,46.0099983215332,349600,
2017-05-17,45.439998626708984,45.810001373291016,45.41999816894531,45.79999923706055,406900,
2017-05-18,45.34000015258789,45.41999816894531,45.060001373291016,45.16999816894531,996800,
2017-05-19,45.93000030517578,45.97999954223633,45.70000076293945,45.709999084472656,611200,
2017-05-22,46.04999923706055,46.099998474121094,45.970001220703125,46.040000915527344,338800,
2017-05-23,46.0,46.13999938964844,45.959999084472656,46.119998931884766,310000,
2017-05-24,46.09000015258789,46.09000015258789,45.900001525878906,45.95000076293945,220100,
2017-05-25,46.130001068115234,46.25,46.08000183105469,46.150001525878906,422100,
2017-05-26,46.060001373291016,46.06999969482422,45.970001220703125,46.02000045776367,311200,
2017-05-30,45.9900016784668,46.02000045776367,45.91999816894531,45.95000076293945,271200,
2017-05-31,45.93000030517578,46.16999816894531,45.93000030517578,46.16999816894531,329700,
2017-06-01,46.41999816894531,46.41999816894531,46.06999969482422,46.150001525878906,421500,
2017-06-02,46.66999816894531,46.68000030517578,46.470001220703125,46.54999923706055,656800,
2017-06-05,46.5,46.52000045776367,46.43000030517578,46.52000045776367,319800,
2017-06-06,46.400001525878906,46.439998626708984,46.310001373291016,46.31999969482422,160900,
2017-06-07,46.369998931884766,46.52000045776367,46.220001220703125,46.470001220703125,181800,
2017-06-08,46.380001068115234,46.400001525878906,46.25,46.33000183105469,294600,
2017-06-09,46.18000030517578,46.38999938964844,46.029998779296875,46.290000915527344,272600,
2017-06-12,46.029998779296875,46.06999969482422,45.869998931884766,46.029998779296875,366600,
2017-06-13,46.349998474121094,46.369998931884766,46.220001220703125,46.29999923706055,258100,
2017-06-14,46.29999923706055,46.619998931884766,46.150001525878906,46.619998931884766,269300,
2017-06-15,45.83000183105469,45.84000015258789,45.59000015258789,45.65999984741211,358600,
2017-06-16,46.15999984741211,46.15999984741211,45.900001525878906,46.0099983215332,249100,
2017-06-19,46.400001525878906,46.459999084472656,46.31999969482422,46.349998474121094,292100,
2017-06-20,45.290000915527344,45.61000061035156,45.25,45.61000061035156,231300,
2017-06-21,45.290000915527344,45.369998931884766,45.20000076293945,45.2599983215332,190100,
2017-06-22,45.38999938964844,45.45000076293945,45.290000915527344,45.36000061035156,755100,
2017-06-23,45.5,45.560001373291016,45.33000183105469,45.41999816894531,230700,
2017-06-26,45.65999984741211,45.88999938964844,45.650001525878906,45.84000015258789,279600,
2017-06-27,45.59000015258789,45.72999954223633,45.529998779296875,45.68000030517578,476800,
2017-06-28,45.97999954223633,46.0,45.709999084472656,45.75,302300,
2017-06-29,45.5099983215332,45.86000061035156,45.279998779296875,45.810001373291016,669300,
2017-06-30,45.59000015258789,45.650001525878906,45.369998931884766,45.650001525878906,706700,
2017-07-03,45.58000183105469,45.70000076293945,45.56999969482422,45.56999969482422,329500,
2017-07-05,45.599998474121094,45.599998474121094,45.31999969482422,45.40999984741211,397700,
2017-07-06,45.29999923706055,45.439998626708984,45.220001220703125,45.29999923706055,600300,
2017-07-07,45.38999938964844,45.40999984741211,45.16999816894531,45.290000915527344,280700,
2017-07-10,45.529998779296875,45.54999923706055,45.33000183105469,45.34000015258789,194100,
2017-07-11,45.70000076293945,45.709999084472656,45.41999816894531,45.52000045776367,323800,
2017-07-12,46.209999084472656,46.2599983215332,46.029998779296875,46.029998779296875,385000,
2017-07-13,46.34000015258789,46.369998931884766,46.20000076293945,46.22999954223633,517000,
2017-07-14,46.720001220703125,46.75,46.4900016784668,46.5,230300,
2017-07-17,46.61000061035156,46.68000030517578,46.560001373291016,46.650001525878906,145800,
2017-07-18,46.689998626708984,46.689998626708984,46.540000915527344,46.599998474121094,192100,
2017-07-19,46.91999816894531,46.939998626708984,46.810001373291016,46.810001373291016,106900,
2017-07-20,47.08000183105469,47.119998931884766,46.959999084472656,47.06999969482422,1047100,
2017-07-21,46.91999816894531,46.93000030517578,46.77000045776367,46.93000030517578,195200,
2017-07-24,46.90999984741211,46.90999984741211,46.72999954223633,46.83000183105469,382000,
2017-07-25,46.95000076293945,47.11000061035156,46.939998626708984,47.060001373291016,681100,
2017-07-26,47.22999954223633,47.310001373291016,46.97999954223633,47.06999969482422,1213100,
2017-07-27,47.09000015258789,47.34000015258789,46.88999938964844,47.34000015258789,614400,
2017-07-28,47.119998931884766,47.119998931884766,46.900001525878906,46.93000030517578,164700,
2017-07-31,47.189998626708984,47.25,47.06999969482422,47.20000076293945,188900,
2017-08-01,47.41999816894531,47.54999923706055,47.40999984741211,47.529998779296875,246600,
2017-08-02,47.47999954223633,47.5,47.310001373291016,47.41999816894531,567100,
2017-08-03,47.40999984741211,47.470001220703125,47.34000015258789,47.43000030517578,178200,
2017-08-04,47.47999954223633,47.5,47.290000915527344,47.4900016784668,477500,
2017-08-07,47.54999923706055,47.560001373291016,47.400001525878906,47.400001525878906,507200,
2017-08-08,47.400001525878906,47.58000183105469,47.349998474121094,47.5,503000,
2017-08-09,47.22999954223633,47.2400016784668,46.9900016784668,47.06999969482422,698800,
2017-08-10,46.439998626708984,46.95000076293945,46.41999816894531,46.95000076293945,859200,
2017-08-11,46.43000030517578,46.529998779296875,46.31999969482422,46.459999084472656,234000,
2017-08-14,46.7599983215332,46.900001525878906,46.66999816894531,46.75,201900,
2017-08-15,46.709999084472656,46.7599983215332,46.59000015258789,46.72999954223633,584200,
2017-08-16,47.08000183105469,47.09000015258789,46.93000030517578,46.939998626708984,139700,
2017-08-17,46.529998779296875,46.970001220703125,46.5099983215332,46.93000030517578,464600,
2017-08-18,46.66999816894531,46.810001373291016,46.529998779296875,46.66999816894531,753400,
2017-08-21,46.709999084472656,46.77000045776367,46.58000183105469,46.720001220703125,199400,
2017-08-22,47.029998779296875,47.029998779296875,46.86000061035156,46.88999938964844,583900,
2017-08-23,47.040000915527344,47.11000061035156,46.86000061035156,46.900001525878906,355800,
2017-08-24,47.060001373291016,47.189998626708984,47.029998779296875,47.15999984741211,280200,
2017-08-25,47.33000183105469,47.43000030517578,47.22999954223633,47.2400016784668,334900,
2017-08-28,47.27000045776367,47.380001068115234,47.2400016784668,47.36000061035156,143200,
2017-08-29,47.130001068115234,47.18000030517578,46.939998626708984,47.0,479900,
2017-08-30,47.08000183105469,47.13999938964844,47.0099983215332,47.04999923706055,155500,
2017-08-31,47.38999938964844,47.459999084472656,47.22999954223633,47.279998779296875,676300,
2017-09-01,47.560001373291016,47.619998931884766,47.4900016784668,47.58000183105469,627200,
2017-09-05,47.16999816894531,47.45000076293945,47.0,47.43000030517578,258200,
2017-09-06,47.5099983215332,47.56999969482422,47.349998474121094,47.40999984741211,536200,
2017-09-07,47.869998931884766,47.869998931884766,47.75,47.849998474121094,420800,
2017-09-08,47.79999923706055,47.95000076293945,47.77000045776367,47.95000076293945,282100,
2017-09-11,48.22999954223633,48.279998779296875,48.130001068115234,48.13999938964844,223300,
2017-09-12,48.349998474121094,48.349998474121094,48.2400016784668,48.29999923706055,522000,
2017-09-13,48.09000015258789,48.25,48.04999923706055,48.25,151500,
2017-09-14,48.209999084472656,48.220001220703125,48.0,48.0,127800,
2017-09-15,48.290000915527344,48.290000915527344,48.18000030517578,48.290000915527344,627700,
2017-09-18,48.36000061035156,48.52000045776367,48.29999923706055,48.400001525878906,171200,
2017-09-19,48.54999923706055,48.56999969482422,48.45000076293945,48.47999954223633,709600,
2017-09-20,48.5,48.709999084472656,48.20000076293945,48.619998931884766,555200,
2017-09-21,48.41999816894531,48.5,48.34000015258789,48.43000030517578,493800,
2017-09-22,48.459999084472656,48.529998779296875,48.40999984741211,48.459999084472656,157900,
2017-09-25,48.08000183105469,48.279998779296875,47.959999084472656,48.20000076293945,348300,
2017-09-26,47.970001220703125,48.04999923706055,47.81999969482422,47.9900016784668,387900,
2017-09-27,47.95000076293945,48.0,47.81999969482422,47.880001068115234,939000,
2017-09-28,48.0099983215332,48.060001373291016,47.880001068115234,47.900001525878906,323700,
2017-09-29,48.349998474121094,48.380001068115234,48.11000061035156,48.130001068115234,236800,
2017-10-02,48.310001373291016,48.380001068115234,48.20000076293945,48.209999084472656,259900,
2017-10-03,48.619998931884766,48.619998931884766,48.43000030517578,48.439998626708984,137800,
2017-10-04,48.56999969482422,48.619998931884766,48.540000915527344,48.56999969482422,138900,
2017-10-05,48.619998931884766,48.650001525878906,48.5099983215332,48.540000915527344,156500,
2017-10-06,48.540000915527344,48.540000915527344,48.290000915527344,48.34000015258789,128000,
2017-10-09,48.5,48.56999969482422,48.470001220703125,48.56999969482422,123200,
2017-10-10,48.95000076293945,48.95000076293945,48.77000045776367,48.779998779296875,255500,
2017-10-11,49.09000015258789,49.11000061035156,48.95000076293945,48.959999084472656,155900,
2017-10-12,49.08000183105469,49.16999816894531,49.02000045776367,49.029998779296875,306700,
2017-10-13,49.349998474121094,49.400001525878906,49.31999969482422,49.34000015258789,314100,
2017-10-16,49.349998474121094,49.41999816894531,49.310001373291016,49.400001525878906,453900,
2017-10-17,49.209999084472656,49.22999954223633,49.11000061035156,49.220001220703125,392900,
2017-10-18,49.33000183105469,49.369998931884766,49.209999084472656,49.310001373291016,324200,
2017-10-19,49.18000030517578,49.189998626708984,49.02000045776367,49.060001373291016,1184700,
2017-10-20,49.130001068115234,49.20000076293945,49.099998474121094,49.15999984741211,353900,
2017-10-23,48.970001220703125,49.150001525878906,48.95000076293945,49.150001525878906,578400,
2017-10-24,49.04999923706055,49.15999984741211,49.0099983215332,49.060001373291016,541700,
2017-10-25,48.900001525878906,49.150001525878906,48.689998626708984,49.13999938964844,1026500,
2017-10-26,48.810001373291016,49.040000915527344,48.810001373291016,49.040000915527344,494500,
2017-10-27,49.040000915527344,49.060001373291016,48.75,48.79999923706055,332400,
2017-10-30,49.08000183105469,49.09000015258789,49.0,49.029998779296875,744000,
2017-10-31,49.279998779296875,49.29999923706055,49.130001068115234,49.18000030517578,391700,
2017-11-01,49.41999816894531,49.630001068115234,49.38999938964844,49.54999923706055,466100,
2017-11-02,49.540000915527344,49.540000915527344,49.349998474121094,49.40999984741211,444500,
2017-11-03,49.45000076293945,49.47999954223633,49.2400016784668,49.439998626708984,276500,
2017-11-06,49.63999938964844,49.63999938964844,49.36000061035156,49.380001068115234,187900,
2017-11-07,49.439998626708984,49.599998474121094,49.310001373291016,49.58000183105469,1306500,
2017-11-08,49.61000061035156,49.66999816894531,49.4900016784668,49.54999923706055,418900,
2017-11-09,49.33000183105469,49.36000061035156,49.04999923706055,49.2400016784668,697200,
2017-11-10,49.18000030517578,49.2599983215332,49.11000061035156,49.2400016784668,161900,
2017-11-13,49.040000915527344,49.06999969482422,48.790000915527344,48.83000183105469,315100,
2017-11-14,48.939998626708984,48.959999084472656,48.79999923706055,48.939998626708984,530600,
2017-11-15,48.689998626708984,48.7400016784668,48.47999954223633,48.540000915527344,696000,
2017-11-16,49.220001220703125,49.279998779296875,49.08000183105469,49.09000015258789,473800,
2017-11-17,49.18000030517578,49.25,49.06999969482422,49.130001068115234,458200,
2017-11-20,49.27000045776367,49.349998474121094,49.22999954223633,49.29999923706055,835000,
2017-11-21,49.70000076293945,49.77000045776367,49.650001525878906,49.65999984741211,647900,
2017-11-22,49.869998931884766,49.939998626708984,49.709999084472656,49.90999984741211,635100,
2017-11-24,50.09000015258789,50.130001068115234,50.04999923706055,50.099998474121094,429700,
2017-11-27,49.68000030517578,49.959999084472656,49.66999816894531,49.95000076293945,541400,
2017-11-28,49.939998626708984,49.9900016784668,49.7599983215332,49.900001525878906,467800,
2017-11-29,49.58000183105469,49.939998626708984,49.5,49.939998626708984,2116400,
2017-11-30,49.4900016784668,49.72999954223633,49.470001220703125,49.70000076293945,769100,
2017-12-01,49.38999938964844,49.4900016784668,49.11000061035156,49.33000183105469,599600,
2017-12-04,49.209999084472656,49.61000061035156,49.209999084472656,49.61000061035156,563000,
2017-12-05,49.15999984741211,49.380001068115234,49.13999938964844,49.25,535700,
2017-12-06,48.91999816894531,48.9900016784668,48.83000183105469,48.88999938964844,859800,
2017-12-07,49.04999923706055,49.11000061035156,48.83000183105469,48.880001068115234,427500,
2017-12-08,49.31999969482422,49.349998474121094,49.189998626708984,49.310001373291016,506300,
2017-12-11,49.47999954223633,49.52000045776367,49.400001525878906,49.400001525878906,857400,
2017-12-12,49.459999084472656,49.5,49.33000183105469,49.380001068115234,430300,
2017-12-13,49.70000076293945,49.84000015258789,49.59000015258789,49.599998474121094,699100,
2017-12-14,49.470001220703125,49.709999084472656,49.45000076293945,49.65999984741211,534500,
2017-12-15,49.45000076293945,49.529998779296875,49.31999969482422,49.459999084472656,647800,
2017-12-18,50.0099983215332,50.13999938964844,49.93000030517578,49.959999084472656,754000,
2017-12-19,49.310001373291016,49.4900016784668,49.25,49.47999954223633,579100,
2017-12-20,49.290000915527344,49.45000076293945,49.279998779296875,49.439998626708984,553500,
2017-12-21,49.52000045776367,49.619998931884766,49.369998931884766,49.369998931884766,656600,
2017-12-22,49.68000030517578,49.68000030517578,49.52000045776367,49.540000915527344,555700,
2017-12-26,49.66999816894531,49.689998626708984,49.56999969482422,49.56999969482422,493900,
2017-12-27,49.77000045776367,49.84000015258789,49.70000076293945,49.779998779296875,429100,
2017-12-28,49.88999938964844,50.029998779296875,49.869998931884766,50.02000045776367,584800,
2017-12-29,49.95000076293945,50.15999984741211,49.95000076293945,50.150001525878906,554600,
2018-01-02,50.5,50.52000045776367,50.2400016784668,50.310001373291016,758400,
2018-01-03,50.81999969482422,50.849998474121094,50.599998474121094,50.599998474121094,360600,
2018-01-04,51.20000076293945,51.310001373291016,51.130001068115234,51.209999084472656,719300,
2018-01-05,51.56999969482422,51.59000015258789,51.349998474121094,51.41999816894531,1039000,
2018-01-08,51.56999969482422,51.58000183105469,51.470001220703125,51.4900016784668,974600,
2018-01-09,51.560001373291016,51.58000183105469,51.400001525878906,51.56999969482422,622000,
2018-01-10,51.41999816894531,51.52000045776367,51.31999969482422,51.5,1013900,
2018-01-11,51.72999954223633,51.72999954223633,51.43000030517578,51.45000076293945,760600,
2018-01-12,52.20000076293945,52.209999084472656,51.810001373291016,51.84000015258789,725700,
2018-01-16,52.09000015258789,52.470001220703125,52.060001373291016,52.439998626708984,1308600,
2018-01-17,52.470001220703125,52.63999938964844,52.189998626708984,52.349998474121094,513400,
2018-01-18,52.43000030517578,52.47999954223633,52.290000915527344,52.400001525878906,600300,
2018-01-19,52.709999084472656,52.7400016784668,52.529998779296875,52.709999084472656,497500,
2018-01-22,52.9900016784668,53.0099983215332,52.72999954223633,52.7599983215332,572900,
2018-01-23,53.189998626708984,53.20000076293945,52.9900016784668,53.060001373291016,525000,
2018-01-24,53.369998931884766,53.560001373291016,53.16999816894531,53.4900016784668,601500,
2018-01-25,53.22999954223633,53.599998474121094,53.11000061035156,53.599998474121094,351200,
2018-01-26,53.7400016784668,53.7400016784668,53.43000030517578,53.52000045776367,638700,
2018-01-29,53.150001525878906,53.29999923706055,53.099998474121094,53.290000915527344,625400,
2018-01-30,52.630001068115234,52.95000076293945,52.59000015258789,52.86000061035156,561100,
2018-01-31,52.68000030517578,53.02000045776367,52.560001373291016,52.93000030517578,728500,
2018-02-01,52.689998626708984,52.81999969482422,52.5,52.529998779296875,418200,
2018-02-02,51.4900016784668,52.150001525878906,51.45000076293945,52.130001068115234,453600,
2018-02-05,49.459999084472656,51.27000045776367,49.38999938964844,50.970001220703125,1772600,
2018-02-06,50.689998626708984,50.77000045776367,49.33000183105469,49.43000030517578,1000100,
2018-02-07,49.7599983215332,50.41999816894531,49.75,50.0,908600,
2018-02-08,48.43000030517578,49.86000061035156,48.380001068115234,49.86000061035156,1089700,
2018-02-09,48.779998779296875,49.02000045776367,47.5,48.880001068115234,773000,
2018-02-12,49.470001220703125,49.630001068115234,48.970001220703125,49.099998474121094,814400,
2018-02-13,49.4900016784668,49.529998779296875,49.189998626708984,49.189998626708984,515500,
2018-02-14,50.43000030517578,50.459999084472656,49.220001220703125,49.220001220703125,559600,
2018-02-15,50.91999816894531,50.939998626708984,50.45000076293945,50.88999938964844,249100,
2018-02-16,51.0,51.310001373291016,50.86000061035156,50.86000061035156,371000,
2018-02-20,50.5,50.779998779296875,50.369998931884766,50.529998779296875,569700,
2018-02-21,50.349998474121094,51.09000015258789,50.33000183105469,50.75,434300,
2018-02-22,50.5099983215332,50.81999969482422,50.40999984741211,50.5099983215332,958600,
2018-02-23,51.060001373291016,51.099998474121094,50.70000076293945,50.810001373291016,343700,
2018-02-26,51.4900016784668,51.5099983215332,51.060001373291016,51.279998779296875,239600,
2018-02-27,50.58000183105469,51.16999816894531,50.58000183105469,51.06999969482422,411600,
2018-02-28,50.02000045776367,50.70000076293945,50.02000045776367,50.70000076293945,293000,
2018-03-01,49.45000076293945,50.060001373291016,49.119998931884766,49.900001525878906,814700,
2018-03-02,49.619998931884766,49.650001525878906,48.970001220703125,49.11000061035156,503400,
2018-03-05,49.81999969482422,49.86000061035156,49.20000076293945,49.2400016784668,714500,
2018-03-06,50.209999084472656,50.34000015258789,50.040000915527344,50.290000915527344,764900,
2018-03-07,50.130001068115234,50.18000030517578,49.7400016784668,49.90999984741211,462400,
2018-03-08,50.2400016784668,50.31999969482422,50.040000915527344,50.310001373291016,365300,
2018-03-09,50.7400016784668,50.7400016784668,50.34000015258789,50.45000076293945,385700,
2018-03-12,50.81999969482422,50.90999984741211,50.68000030517578,50.75,505000,
2018-03-13,50.40999984741211,51.040000915527344,50.34000015258789,51.0099983215332,339600,
2018-03-14,50.560001373291016,50.86000061035156,50.38999938964844,50.83000183105469,251800,
2018-03-15,50.540000915527344,50.779998779296875,50.40999984741211,50.599998474121094,1117600,
2018-03-16,50.45000076293945,50.56999969482422,50.400001525878906,50.45000076293945,303700,
2018-03-19,49.97999954223633,50.220001220703125,49.75,50.209999084472656,506100,
2018-03-20,50.130001068115234,50.220001220703125,50.02000045776367,50.06999969482422,230300,
2018-03-21,50.27000045776367,50.47999954223633,50.040000915527344,50.119998931884766,578900,
2018-03-22,49.20000076293945,49.7400016784668,49.16999816894531,49.650001525878906,243100,
2018-03-23,48.54999923706055,49.36000061035156,48.54999923706055,49.31999969482422,792600,
2018-03-26,49.54999923706055,49.599998474121094,48.90999984741211,49.380001068115234,323900,
2018-03-27,49.06999969482422,49.810001373291016,48.900001525878906,49.72999954223633,475300,
2018-03-28,49.189998626708984,49.52000045776367,48.9900016784668,49.209999084472656,540000,
2018-03-29,49.689998626708984,49.93000030517578,49.45000076293945,49.529998779296875,1851500,
2018-04-02,49.0,49.65999984741211,48.66999816894531,49.599998474121094,860300,
2018-04-03,49.36000061035156,49.41999816894531,49.04999923706055,49.349998474121094,374400,
2018-04-04,49.4900016784668,49.5099983215332,48.599998474121094,48.61000061035156,553400,
2018-04-05,49.83000183105469,49.939998626708984,49.66999816894531,49.689998626708984,390300,
2018-04-06,49.290000915527344,49.84000015258789,49.11000061035156,49.65999984741211,314200,
2018-04-09,49.619998931884766,49.97999954223633,49.56999969482422,49.66999816894531,285700,
2018-04-10,50.27000045776367,50.349998474121094,50.06999969482422,50.209999084472656,421800,
2018-04-11,50.119998931884766,50.36000061035156,50.099998474121094,50.11000061035156,589500,
2018-04-12,50.2599983215332,50.34000015258789,50.119998931884766,50.189998626708984,390600,
2018-04-13,50.150001525878906,50.41999816894531,50.0,50.380001068115234,268600,
2018-04-16,50.209999084472656,50.279998779296875,50.060001373291016,50.279998779296875,1231400,
2018-04-17,50.400001525878906,50.5099983215332,50.220001220703125,50.22999954223633,284100,
2018-04-18,50.790000915527344,50.79999923706055,50.59000015258789,50.63999938964844,5062100,
2018-04-19,50.560001373291016,50.77000045776367,50.41999816894531,50.720001220703125,1882500,
2018-04-20,50.22999954223633,50.400001525878906,50.13999938964844,50.349998474121094,753600,
2018-04-23,50.11000061035156,50.2400016784668,49.9900016784668,50.16999816894531,956900,
2018-04-24,49.900001525878906,50.33000183105469,49.7599983215332,50.290000915527344,607800,
2018-04-25,49.79999923706055,49.83000183105469,49.5099983215332,49.709999084472656,263900,
2018-04-26,50.11000061035156,50.16999816894531,49.93000030517578,50.02000045776367,425200,
2018-04-27,50.25,50.279998779296875,50.02000045776367,50.20000076293945,691300,
2018-04-30,49.970001220703125,50.36000061035156,49.95000076293945,50.20000076293945,4408700,
2018-05-01,49.79999923706055,49.93000030517578,49.459999084472656,49.93000030517578,420500,
2018-05-02,49.689998626708984,50.060001373291016,49.650001525878906,50.02000045776367,529400,
2018-05-03,49.72999954223633,49.810001373291016,49.27000045776367,49.75,368600,
2018-05-04,49.93000030517578,50.02000045776367,49.380001068115234,49.40999984741211,908700,
2018-05-07,49.93000030517578,50.04999923706055,49.810001373291016,49.88999938964844,401200,
2018-05-08,49.959999084472656,49.959999084472656,49.65999984741211,49.77000045776367,194000,
2018-05-09,50.11000061035156,50.130001068115234,49.90999984741211,49.970001220703125,234900,
2018-05-10,50.619998931884766,50.63999938964844,50.33000183105469,50.36000061035156,824300,
2018-05-11,50.68000030517578,50.83000183105469,50.63999938964844,50.77000045776367,132100,
2018-05-14,50.779998779296875,50.959999084472656,50.7599983215332,50.84000015258789,547400,
2018-05-15,50.27000045776367,50.380001068115234,50.060001373291016,50.220001220703125,358700,
2018-05-16,50.52000045776367,50.58000183105469,50.36000061035156,50.40999984741211,394900,
2018-05-17,50.40999984741211,50.52000045776367,50.279998779296875,50.38999938964844,339300,
2018-05-18,50.150001525878906,50.220001220703125,50.09000015258789,50.18000030517578,265200,
2018-05-21,50.4900016784668,50.5099983215332,50.34000015258789,50.47999954223633,281300,
2018-05-22,50.470001220703125,50.650001525878906,50.41999816894531,50.599998474121094,271800,
2018-05-23,50.04999923706055,50.06999969482422,49.75,49.88999938964844,203400,
2018-05-24,49.880001068115234,49.95000076293945,49.5099983215332,49.939998626708984,428300,
2018-05-25,49.63999938964844,49.720001220703125,49.529998779296875,49.619998931884766,408900,
2018-05-29,48.66999816894531,49.060001373291016,48.40999984741211,48.95000076293945,1885400,
2018-05-30,49.2400016784668,49.2599983215332,48.779998779296875,48.880001068115234,380000,
2018-05-31,49.040000915527344,49.150001525878906,48.79999923706055,49.09000015258789,422400,
2018-06-01,49.400001525878906,49.459999084472656,49.2599983215332,49.36000061035156,1381200,
2018-06-04,49.689998626708984,49.880001068115234,49.65999984741211,49.779998779296875,534100,
2018-06-05,49.599998474121094,49.70000076293945,49.470001220703125,49.630001068115234,357800,
2018-06-06,50.040000915527344,50.04999923706055,49.75,49.790000915527344,126500,
2018-06-07,49.70000076293945,50.06999969482422,49.56999969482422,50.029998779296875,146100,
2018-06-08,49.72999954223633,49.810001373291016,49.5,49.630001068115234,97700,
2018-06-11,49.95000076293945,50.060001373291016,49.849998474121094,49.900001525878906,227600,
2018-06-12,49.720001220703125,49.91999816894531,49.63999938964844,49.869998931884766,152900,
2018-06-13,49.66999816894531,49.88999938964844,49.5099983215332,49.83000183105469,371300,
2018-06-14,49.52000045776367,49.7599983215332,49.5,49.72999954223633,290900,
2018-06-15,49.22999954223633,49.25,49.0,49.25,161100,
2018-06-18,48.84000015258789,48.86000061035156,48.56999969482422,48.70000076293945,1618700,
2018-06-19,47.630001068115234,47.63999938964844,47.279998779296875,47.439998626708984,266000,
2018-06-20,47.77000045776367,47.869998931884766,47.65999984741211,47.86000061035156,671400,
2018-06-21,47.349998474121094,47.61000061035156,47.279998779296875,47.56999969482422,460400,
2018-06-22,47.81999969482422,47.97999954223633,47.709999084472656,47.900001525878906,236500,
2018-06-25,47.11000061035156,47.47999954223633,46.95000076293945,47.47999954223633,560500,
2018-06-26,47.150001525878906,47.290000915527344,47.0099983215332,47.22999954223633,370500,
2018-06-27,46.540000915527344,47.27000045776367,46.540000915527344,47.18000030517578,1945700,
2018-06-28,46.849998474121094,46.86000061035156,46.5,46.59000015258789,382000,
2018-06-29,47.25,47.439998626708984,47.220001220703125,47.27000045776367,545600,
2018-07-02,46.79999923706055,46.83000183105469,46.47999954223633,46.630001068115234,526100,
2018-07-03,46.900001525878906,47.16999816894531,46.88999938964844,47.130001068115234,147200,
2018-07-05,47.220001220703125,47.279998779296875,47.060001373291016,47.2599983215332,369000,
2018-07-06,47.58000183105469,47.650001525878906,47.290000915527344,47.290000915527344,342700,
2018-07-09,48.060001373291016,48.099998474121094,47.88999938964844,48.029998779296875,297200,
2018-07-10,48.11000061035156,48.119998931884766,47.939998626708984,48.04999923706055,158800,
2018-07-11,47.27000045776367,47.65999984741211,47.130001068115234,47.560001373291016,331200,
2018-07-12,47.689998626708984,47.75,47.52000045776367,47.599998474121094,327400,
2018-07-13,47.83000183105469,47.83000183105469,47.61000061035156,47.689998626708984,472300,
2018-07-16,47.72999954223633,47.810001373291016,47.65999984741211,47.79999923706055,229700,
2018-07-17,47.880001068115234,47.93000030517578,47.56999969482422,47.56999969482422,502800,
2018-07-18,47.88999938964844,47.93000030517578,47.709999084472656,47.83000183105469,411300,
2018-07-19,47.619998931884766,47.75,47.439998626708984,47.54999923706055,1582300,
2018-07-20,48.0,48.040000915527344,47.790000915527344,47.790000915527344,324100,
2018-07-23,47.880001068115234,47.939998626708984,47.81999969482422,47.93000030517578,178500,
2018-07-24,48.2599983215332,48.5099983215332,48.189998626708984,48.34000015258789,222200,
2018-07-25,48.7400016784668,48.810001373291016,48.209999084472656,48.36000061035156,448400,
2018-07-26,48.439998626708984,48.599998474121094,48.41999816894531,48.529998779296875,534600,
2018-07-27,48.529998779296875,48.77000045776367,48.439998626708984,48.709999084472656,361700,
2018-07-30,48.52000045776367,48.72999954223633,48.5099983215332,48.720001220703125,347000,
2018-07-31,48.599998474121094,48.7599983215332,48.560001373291016,48.68000030517578,236500,
2018-08-01,48.380001068115234,48.54999923706055,48.27000045776367,48.52000045776367,217100,
2018-08-02,48.0,48.02000045776367,47.72999954223633,47.849998474121094,314600,
2018-08-03,48.11000061035156,48.13999938964844,47.900001525878906,47.900001525878906,226900,
2018-08-06,47.90999984741211,47.97999954223633,47.7599983215332,47.83000183105469,237000,
2018-08-07,48.209999084472656,48.400001525878906,48.189998626708984,48.400001525878906,594800,
2018-08-08,48.25,48.29999923706055,48.060001373291016,48.15999984741211,2060900,
2018-08-09,48.11000061035156,48.29999923706055,48.060001373291016,48.22999954223633,218600,
2018-08-10,47.16999816894531,47.279998779296875,47.04999923706055,47.2400016784668,646900,
2018-08-13,46.84000015258789,47.099998474121094,46.720001220703125,46.970001220703125,418600,
2018-08-14,46.959999084472656,47.0,46.79999923706055,46.970001220703125,271900,
2018-08-15,46.06999969482422,46.209999084472656,45.77000045776367,46.209999084472656,765500,
2018-08-16,46.470001220703125,46.619998931884766,46.400001525878906,46.400001525878906,732700,
2018-08-17,46.7599983215332,46.869998931884766,46.33000183105469,46.400001525878906,475500,
2018-08-20,47.02000045776367,47.040000915527344,46.900001525878906,46.900001525878906,553600,
2018-08-21,47.29999923706055,47.47999954223633,47.2400016784668,47.34000015258789,251300,
2018-08-22,47.560001373291016,47.63999938964844,47.459999084472656,47.470001220703125,177700,
2018-08-23,47.130001068115234,47.43000030517578,47.099998474121094,47.369998931884766,228300,
2018-08-24,47.56999969482422,47.599998474121094,47.380001068115234,47.47999954223633,163400,
2018-08-27,48.15999984741211,48.220001220703125,47.939998626708984,47.939998626708984,448800,
2018-08-28,48.060001373291016,48.310001373291016,48.04999923706055,48.290000915527344,474200,
2018-08-29,48.29999923706055,48.34000015258789,48.0099983215332,48.040000915527344,1931100,
2018-08-30,47.70000076293945,47.88999938964844,47.599998474121094,47.84000015258789,680800,
2018-08-31,47.47999954223633,47.68000030517578,47.2599983215332,47.470001220703125,766000,
2018-09-04,46.900001525878906,46.91999816894531,46.720001220703125,46.84000015258789,487600,
2018-09-05,46.45000076293945,46.619998931884766,46.310001373291016,46.58000183105469,462500,
2018-09-06,46.380001068115234,46.529998779296875,46.119998931884766,46.40999984741211,537200,
2018-09-07,46.04999923706055,46.2400016784668,45.900001525878906,46.040000915527344,977700,
2018-09-10,46.150001525878906,46.310001373291016,46.09000015258789,46.29999923706055,459600,
2018-09-11,46.220001220703125,46.220001220703125,45.779998779296875,45.84000015258789,938200,
2018-09-12,46.43000030517578,46.529998779296875,46.13999938964844,46.20000076293945,949300,
2018-09-13,46.81999969482422,46.95000076293945,46.65999984741211,46.84000015258789,674200,
2018-09-14,46.84000015258789,47.02000045776367,46.709999084472656,46.900001525878906,1694500,
2018-09-17,46.790000915527344,47.040000915527344,46.779998779296875,46.939998626708984,328300,
2018-09-18,47.2400016784668,47.310001373291016,47.029998779296875,47.029998779296875,1648300,
2018-09-19,47.52000045776367,47.59000015258789,47.380001068115234,47.38999938964844,385000,
2018-09-20,48.099998474121094,48.119998931884766,47.84000015258789,47.95000076293945,636400,
2018-09-21,48.150001525878906,48.22999954223633,48.04999923706055,48.13999938964844,541700,
2018-09-24,47.849998474121094,48.08000183105469,47.84000015258789,48.08000183105469,349100,
2018-09-25,48.08000183105469,48.189998626708984,48.040000915527344,48.13999938964844,706400,
2018-09-26,48.09000015258789,48.43000030517578,48.0099983215332,48.150001525878906,539800,
2018-09-27,48.06999969482422,48.279998779296875,48.04999923706055,48.11000061035156,335700,
2018-09-28,47.689998626708984,47.95000076293945,47.619998931884766,47.66999816894531,2560200,
2018-10-01,47.84000015258789,47.9900016784668,47.7599983215332,47.91999816894531,437300,
2018-10-02,47.439998626708984,47.54999923706055,47.31999969482422,47.43000030517578,406300,
2018-10-03,47.31999969482422,47.63999938964844,47.27000045776367,47.63999938964844,553600,
2018-10-04,46.66999816894531,47.02000045776367,46.45000076293945,47.0099983215332,666300,
2018-10-05,46.38999938964844,46.61000061035156,46.16999816894531,46.54999923706055,519000,
2018-10-08,46.25,46.2599983215332,45.84000015258789,46.029998779296875,588200,
2018-10-09,46.099998474121094,46.209999084472656,45.72999954223633,45.869998931884766,596900,
2018-10-10,44.9900016784668,45.91999816894531,44.93000030517578,45.900001525878906,1216200,
2018-10-11,44.43000030517578,45.060001373291016,44.119998931884766,44.810001373291016,1398700,
2018-10-12,44.83000183105469,44.97999954223633,44.369998931884766,44.959999084472656,1471300,
2018-10-15,44.70000076293945,44.90999984741211,44.54999923706055,44.720001220703125,1822300,
2018-10-16,45.540000915527344,45.58000183105469,45.15999984741211,45.22999954223633,1608000,
2018-10-17,45.189998626708984,45.349998474121094,44.970001220703125,45.290000915527344,2187800,
2018-10-18,44.33000183105469,44.95000076293945,44.20000076293945,44.900001525878906,1253500,
2018-10-19,44.630001068115234,44.93000030517578,44.59000015258789,44.70000076293945,757100,
2018-10-22,44.599998474121094,44.869998931884766,44.459999084472656,44.81999969482422,561800,
2018-10-23,44.18000030517578,44.36000061035156,43.560001373291016,43.83000183105469,1370100,
2018-10-24,42.959999084472656,43.970001220703125,42.93000030517578,43.959999084472656,2286300,
2018-10-25,43.540000915527344,43.75,43.16999816894531,43.310001373291016,1517700,
2018-10-26,43.209999084472656,43.470001220703125,42.599998474121094,42.869998931884766,1596400,
2018-10-29,42.939998626708984,43.720001220703125,42.560001373291016,43.61000061035156,1922500,
2018-10-30,43.5,43.52000045776367,42.97999954223633,43.060001373291016,1982100,
2018-10-31,43.88999938964844,44.06999969482422,43.81999969482422,43.88999938964844,1413900,
2018-11-01,44.689998626708984,44.709999084472656,44.150001525878906,44.31999969482422,1910000,
2018-11-02,44.790000915527344,45.2400016784668,44.5,45.08000183105469,1977000,
2018-11-05,44.83000183105469,44.93000030517578,44.68000030517578,44.81999969482422,1465100,
2018-11-06,44.97999954223633,44.9900016784668,44.77000045776367,44.790000915527344,1580900,
2018-11-07,45.61000061035156,45.61000061035156,45.22999954223633,45.369998931884766,1576300,
2018-11-08,44.959999084472656,45.41999816894531,44.86000061035156,45.33000183105469,1461900,
2018-11-09,44.560001373291016,44.630001068115234,44.310001373291016,44.599998474121094,1696600,
2018-11-12,43.86000061035156,44.29999923706055,43.79999923706055,44.29999923706055,1555300,
2018-11-13,44.06999969482422,44.43000030517578,43.900001525878906,44.040000915527344,2733400,
2018-11-14,44.220001220703125,44.47999954223633,43.93000030517578,44.439998626708984,2048000,
2018-11-15,44.560001373291016,44.65999984741211,43.869998931884766,43.9900016784668,2872900,
2018-11-16,44.58000183105469,44.650001525878906,44.189998626708984,44.22999954223633,2264600,
2018-11-19,44.150001525878906,44.4900016784668,44.040000915527344,44.45000076293945,2469900,
2018-11-20,43.29999923706055,43.689998626708984,43.20000076293945,43.540000915527344,2183900,
2018-11-21,43.97999954223633,44.189998626708984,43.86000061035156,43.88999938964844,2320400,
2018-11-23,43.630001068115234,43.79999923706055,43.61000061035156,43.61000061035156,962100,
2018-11-26,44.220001220703125,44.34000015258789,44.09000015258789,44.16999816894531,2719800,
2018-11-27,44.18000030517578,44.18000030517578,43.88999938964844,44.040000915527344,3163300,
2018-11-28,44.88999938964844,44.91999816894531,44.06999969482422,44.290000915527344,3575800,
2018-11-29,44.70000076293945,44.84000015258789,44.4900016784668,44.65999984741211,2836800,
2018-11-30,44.52000045776367,44.54999923706055,44.310001373291016,44.439998626708984,3956700,
2018-12-03,45.18000030517578,45.29999923706055,44.9900016784668,45.27000045776367,4236000,
2018-12-04,44.099998474121094,45.06999969482422,44.060001373291016,45.029998779296875,3602400,
2018-12-06,43.63999938964844,43.68000030517578,42.79999923706055,43.27000045776367,5480900,
2018-12-07,43.13999938964844,43.900001525878906,43.029998779296875,43.709999084472656,4459800,
2018-12-10,42.779998779296875,42.9900016784668,42.310001373291016,42.90999984741211,5170300,
2018-12-11,42.93000030517578,43.25,42.68000030517578,43.2400016784668,9499000,
2018-12-12,43.529998779296875,43.88999938964844,43.529998779296875,43.61000061035156,6621300,
2018-12-13,43.529998779296875,43.7599983215332,43.47999954223633,43.66999816894531,6005600,
2018-12-14,42.95000076293945,43.209999084472656,42.90999984741211,43.02000045776367,6429200,
2018-12-17,42.52000045776367,43.0,42.380001068115234,42.93000030517578,6365000,
2018-12-18,42.220001220703125,42.529998779296875,42.13999938964844,42.40999984741211,4653600,
2018-12-19,41.7400016784668,42.720001220703125,41.599998474121094,42.439998626708984,5363400,
2018-12-20,41.709999084472656,42.06999969482422,41.529998779296875,41.970001220703125,9003800,
2018-12-21,41.029998779296875,41.7599983215332,40.9900016784668,41.54999923706055,7590100,
2018-12-24,40.689998626708984,41.279998779296875,40.65999984741211,41.13999938964844,3570000,
2018-12-26,41.650001525878906,41.650001525878906,40.5099983215332,40.880001068115234,5827300,
2018-12-27,41.70000076293945,41.70000076293945,40.849998474121094,41.06999969482422,7121100,
2018-12-28,41.88999938964844,42.08000183105469,41.72999954223633,41.970001220703125,6739200,
2018-12-31,41.959999084472656,42.22999954223633,41.7599983215332,42.209999084472656,6255600,
2019-01-02,41.810001373291016,41.86000061035156,41.29999923706055,41.31999969482422,5325600,
2019-01-03,41.41999816894531,41.650001525878906,41.27000045776367,41.63999938964844,2161000,
2019-01-04,42.70000076293945,42.779998779296875,41.9900016784668,42.04999923706055,2971200,
2019-01-07,42.7599983215332,42.959999084472656,42.54999923706055,42.66999816894531,5497500,
2019-01-08,43.040000915527344,43.119998931884766,42.849998474121094,43.029998779296875,2304900,
2019-01-09,43.58000183105469,43.720001220703125,43.36000061035156,43.400001525878906,1273400,
2019-01-10,43.779998779296875,43.810001373291016,43.400001525878906,43.40999984741211,2222200,
2019-01-11,43.540000915527344,43.619998931884766,43.400001525878906,43.470001220703125,8168700,
2019-01-14,43.31999969482422,43.45000076293945,43.16999816894531,43.209999084472656,8538400,
2019-01-15,43.619998931884766,43.689998626708984,43.38999938964844,43.47999954223633,4055100,
2019-01-16,43.810001373291016,43.88999938964844,43.650001525878906,43.650001525878906,3444000,
2019-01-17,43.959999084472656,44.099998474121094,43.529998779296875,43.56999969482422,3922000,
2019-01-18,44.38999938964844,44.45000076293945,44.22999954223633,44.33000183105469,4288600,
2019-01-22,43.709999084472656,43.959999084472656,43.56999969482422,43.900001525878906,7500800,
2019-01-23,43.93000030517578,44.099998474121094,43.709999084472656,44.02000045776367,2990500,
2019-01-24,44.09000015258789,44.16999816894531,43.93000030517578,43.970001220703125,2716700,
2019-01-25,44.650001525878906,44.70000076293945,44.5099983215332,44.5099983215332,2306700,
2019-01-28,44.34000015258789,44.369998931884766,44.130001068115234,44.16999816894531,7964300,
2019-01-29,44.459999084472656,44.65999984741211,44.45000076293945,44.58000183105469,2559500,
2019-01-30,45.029998779296875,45.18000030517578,44.529998779296875,44.650001525878906,2092000,
2019-01-31,45.119998931884766,45.2400016784668,44.95000076293945,45.0,3503100,
2019-02-01,45.029998779296875,45.16999816894531,44.95000076293945,45.06999969482422,3679600,
2019-02-04,45.20000076293945,45.20000076293945,44.88999938964844,44.91999816894531,2221200,
2019-02-05,45.599998474121094,45.63999938964844,45.41999816894531,45.439998626708984,2542000,
2019-02-06,45.279998779296875,45.52000045776367,45.2400016784668,45.459999084472656,2606300,
2019-02-07,44.7599983215332,45.04999923706055,44.59000015258789,44.95000076293945,4703600,
2019-02-08,44.59000015258789,44.599998474121094,44.290000915527344,44.459999084472656,3015700,
2019-02-11,44.470001220703125,44.63999938964844,44.41999816894531,44.560001373291016,1236500,
2019-02-12,44.95000076293945,45.0099983215332,44.849998474121094,44.869998931884766,1941400,
2019-02-13,44.88999938964844,45.16999816894531,44.88999938964844,45.06999969482422,1467800,
2019-02-14,44.939998626708984,45.08000183105469,44.7400016784668,44.810001373291016,4586700,
2019-02-15,45.40999984741211,45.40999984741211,45.15999984741211,45.2400016784668,1319000,
2019-02-19,45.61000061035156,45.689998626708984,45.22999954223633,45.22999954223633,1963100,
2019-02-20,45.83000183105469,46.0,45.689998626708984,45.689998626708984,902300,
2019-02-21,45.66999816894531,45.790000915527344,45.58000183105469,45.7400016784668,1506700,
2019-02-22,45.95000076293945,46.04999923706055,45.849998474121094,45.869998931884766,1393200,
2019-02-25,46.150001525878906,46.33000183105469,46.130001068115234,46.2400016784668,465200,
2019-02-26,46.279998779296875,46.38999938964844,46.11000061035156,46.150001525878906,614200,
2019-02-27,46.099998474121094,46.20000076293945,45.97999954223633,46.130001068115234,846000,
2019-02-28,45.83000183105469,46.02000045776367,45.77000045776367,45.959999084472656,7314300,
2019-03-01,46.06999969482422,46.189998626708984,45.939998626708984,46.119998931884766,5198600,
2019-03-04,45.97999954223633,46.209999084472656,45.75,46.209999084472656,1675400,
2019-03-05,46.130001068115234,46.20000076293945,45.939998626708984,46.0,1041900,
2019-03-06,45.959999084472656,46.18000030517578,45.93000030517578,46.15999984741211,1142600,
2019-03-07,45.27000045776367,45.77000045776367,45.2400016784668,45.75,7216800,
2019-03-08,45.189998626708984,45.189998626708984,44.900001525878906,44.97999954223633,1475400,
2019-03-11,45.72999954223633,45.72999954223633,45.349998474121094,45.349998474121094,704600,
2019-03-12,45.79999923706055,45.84000015258789,45.72999954223633,45.72999954223633,986000,
2019-03-13,46.04999923706055,46.09000015258789,45.88999938964844,45.900001525878906,889700,
2019-03-14,45.959999084472656,46.029998779296875,45.900001525878906,45.959999084472656,982700,
2019-03-15,46.470001220703125,46.5099983215332,46.27000045776367,46.27000045776367,1754100,
2019-03-18,46.779998779296875,46.779998779296875,46.56999969482422,46.599998474121094,1104100,
2019-03-19,46.81999969482422,47.040000915527344,46.72999954223633,46.959999084472656,783800,
2019-03-20,46.84000015258789,47.11000061035156,46.47999954223633,46.650001525878906,1778900,
2019-03-21,46.869998931884766,46.869998931884766,46.560001373291016,46.560001373291016,1329000,
2019-03-22,45.83000183105469,46.369998931884766,45.83000183105469,46.279998779296875,1830500,
2019-03-25,45.900001525878906,45.97999954223633,45.709999084472656,45.779998779296875,1186100,
2019-03-26,46.119998931884766,46.290000915527344,46.0099983215332,46.209999084472656,1307200,
2019-03-27,45.959999084472656,46.20000076293945,45.7400016784668,46.130001068115234,1053000,
2019-03-28,46.0,46.029998779296875,45.810001373291016,45.97999954223633,861200,
2019-03-29,46.27000045776367,46.310001373291016,46.06999969482422,46.310001373291016,1380900,
2019-04-01,46.880001068115234,46.90999984741211,46.65999984741211,46.77000045776367,1740000,
2019-04-02,46.880001068115234,46.900001525878906,46.689998626708984,46.88999938964844,476200,
2019-04-03,47.209999084472656,47.38999938964844,47.119998931884766,47.209999084472656,881800,
2019-04-04,47.25,47.25,47.08000183105469,47.08000183105469,1010700,
2019-04-05,47.380001068115234,47.400001525878906,47.209999084472656,47.22999954223633,1371700,
2019-04-08,47.400001525878906,47.41999816894531,47.25,47.36000061035156,544600,
2019-04-09,47.2400016784668,47.34000015258789,47.16999816894531,47.34000015258789,913000,
2019-04-10,47.369998931884766,47.41999816894531,47.22999954223633,47.290000915527344,651500,
2019-04-11,47.150001525878906,47.29999923706055,47.099998474121094,47.27000045776367,909700,
2019-04-12,47.52000045776367,47.56999969482422,47.439998626708984,47.5,1021100,
2019-04-15,47.439998626708984,47.529998779296875,47.369998931884766,47.529998779296875,1330900,
2019-04-16,47.630001068115234,47.689998626708984,47.58000183105469,47.630001068115234,553000,
2019-04-17,47.72999954223633,47.869998931884766,47.650001525878906,47.869998931884766,871100,
2019-04-18,47.66999816894531,47.7400016784668,47.560001373291016,47.65999984741211,505800,
2019-04-22,47.560001373291016,47.619998931884766,47.40999984741211,47.40999984741211,295600,
2019-04-23,47.66999816894531,47.689998626708984,47.45000076293945,47.5099983215332,313200,
2019-04-24,47.220001220703125,47.38999938964844,47.150001525878906,47.38999938964844,723800,
2019-04-25,47.18000030517578,47.189998626708984,46.970001220703125,47.04999923706055,829800,
2019-04-26,47.400001525878906,47.400001525878906,47.20000076293945,47.27000045776367,491300,
2019-04-29,47.52000045776367,47.54999923706055,47.380001068115234,47.40999984741211,376800,
2019-04-30,47.56999969482422,47.61000061035156,47.34000015258789,47.47999954223633,687500,
2019-05-01,47.29999923706055,47.7599983215332,47.25,47.599998474121094,1532300,
2019-05-02,47.20000076293945,47.369998931884766,47.08000183105469,47.31999969482422,578800,
2019-05-03,47.72999954223633,47.72999954223633,47.439998626708984,47.439998626708984,674000,
2019-05-06,47.11000061035156,47.15999984741211,46.56999969482422,46.599998474121094,456200,
2019-05-07,46.290000915527344,46.68000030517578,46.119998931884766,46.68000030517578,860300,
2019-05-08,46.33000183105469,46.529998779296875,46.2400016784668,46.310001373291016,704300,
2019-05-09,45.95000076293945,46.06999969482422,45.52000045776367,45.709999084472656,1294600,
2019-05-10,46.279998779296875,46.34000015258789,45.66999816894531,46.02000045776367,774700,
2019-05-13,45.099998474121094,45.400001525878906,45.02000045776367,45.349998474121094,1032000,
2019-05-14,45.58000183105469,45.72999954223633,45.43000030517578,45.5099983215332,865200,
2019-05-15,45.779998779296875,45.810001373291016,45.27000045776367,45.29999923706055,950500,
2019-05-16,45.91999816894531,46.13999938964844,45.81999969482422,45.81999969482422,324700,
2019-05-17,45.5099983215332,45.7599983215332,45.5,45.529998779296875,932700,
2019-05-20,45.34000015258789,45.4900016784668,45.20000076293945,45.34000015258789,710000,
2019-05-21,45.68000030517578,45.720001220703125,45.5,45.619998931884766,483900,
2019-05-22,45.540000915527344,45.630001068115234,45.4900016784668,45.52000045776367,364300,
2019-05-23,45.02000045776367,45.099998474121094,44.849998474121094,44.9900016784668,650100,
2019-05-24,45.380001068115234,45.45000076293945,45.25,45.439998626708984,706600,
2019-05-28,45.119998931884766,45.599998474121094,45.099998474121094,45.56999969482422,656900,
2019-05-29,44.95000076293945,44.970001220703125,44.709999084472656,44.86000061035156,983000,
2019-05-30,45.13999938964844,45.16999816894531,45.0,45.029998779296875,640000,
2019-05-31,44.900001525878906,44.91999816894531,44.61000061035156,44.63999938964844,1096900,
2019-06-03,45.16999816894531,45.27000045776367,44.9900016784668,45.08000183105469,954500,
2019-06-04,45.61000061035156,45.630001068115234,45.27000045776367,45.369998931884766,1060000,
2019-06-05,45.54999923706055,45.7599983215332,45.43000030517578,45.7599983215332,679500,
2019-06-06,45.650001525878906,45.7599983215332,45.54999923706055,45.630001068115234,515700,
2019-06-07,46.15999984741211,46.34000015258789,46.029998779296875,46.060001373291016,1134900,
2019-06-10,46.40999984741211,46.52000045776367,46.310001373291016,46.369998931884766,364300,
2019-06-11,46.70000076293945,46.84000015258789,46.59000015258789,46.810001373291016,221000,
2019-06-12,46.29999923706055,46.4900016784668,46.25,46.439998626708984,357500,
2019-06-13,46.279998779296875,46.41999816894531,46.209999084472656,46.400001525878906,511600,
2019-06-14,45.97999954223633,46.060001373291016,45.93000030517578,46.060001373291016,1965400,
2019-06-17,45.25,45.31999969482422,45.16999816894531,45.189998626708984,367600,
2019-06-18,45.9900016784668,46.02000045776367,45.59000015258789,45.59000015258789,4442900,
2019-06-19,46.31999969482422,46.38999938964844,46.060001373291016,46.130001068115234,747100,
2019-06-20,46.849998474121094,46.9900016784668,46.65999984741211,46.93000030517578,1043100,
2019-06-21,46.619998931884766,46.7599983215332,46.599998474121094,46.619998931884766,5318900,
2019-06-24,46.72999954223633,46.779998779296875,46.66999816894531,46.72999954223633,948200,
2019-06-25,46.33000183105469,46.70000076293945,46.33000183105469,46.689998626708984,975600,
2019-06-26,46.4900016784668,46.650001525878906,46.4900016784668,46.58000183105469,775700,
2019-06-27,46.709999084472656,46.7400016784668,46.619998931884766,46.650001525878906,801100,
2019-06-28,46.7599983215332,46.86000061035156,46.65999984741211,46.849998474121094,11382300,
2019-07-01,47.099998474121094,47.34000015258789,46.959999084472656,47.29999923706055,1763700,
2019-07-02,47.150001525878906,47.189998626708984,47.06999969482422,47.11000061035156,1199500,
2019-07-03,47.36000061035156,47.380001068115234,47.22999954223633,47.2599983215332,719600,
2019-07-05,47.04999923706055,47.04999923706055,46.75,47.029998779296875,1128300,
2019-07-08,46.7400016784668,46.83000183105469,46.72999954223633,46.77000045776367,1056200,
2019-07-09,46.58000183105469,46.61000061035156,46.40999984741211,46.45000076293945,1098700,
2019-07-10,46.83000183105469,46.9900016784668,46.779998779296875,46.880001068115234,3140300,
2019-07-11,46.84000015258789,47.029998779296875,46.72999954223633,46.939998626708984,1388700,
2019-07-12,46.880001068115234,46.880001068115234,46.7400016784668,46.84000015258789,398600,
2019-07-15,46.93000030517578,47.0,46.88999938964844,46.9900016784668,1589800,
2019-07-16,46.779998779296875,46.959999084472656,46.7599983215332,46.880001068115234,604800,
2019-07-17,46.70000076293945,46.880001068115234,46.70000076293945,46.849998474121094,702200,
2019-07-18,46.939998626708984,46.959999084472656,46.59000015258789,46.619998931884766,8134300,
2019-07-19,46.84000015258789,47.0,46.779998779296875,46.95000076293945,1470800,
2019-07-22,46.810001373291016,46.900001525878906,46.790000915527344,46.869998931884766,896500,
2019-07-23,47.09000015258789,47.09000015258789,46.95000076293945,47.060001373291016,1838000,
2019-07-24,47.06999969482422,47.099998474121094,46.959999084472656,46.959999084472656,922600,
2019-07-25,46.65999984741211,47.0,46.599998474121094,47.0,1761700,
2019-07-26,46.77000045776367,46.81999969482422,46.709999084472656,46.779998779296875,761400,
2019-07-29,46.75,46.79999923706055,46.68000030517578,46.79999923706055,1240800,
2019-07-30,46.31999969482422,46.34000015258789,46.189998626708984,46.290000915527344,2018300,
2019-07-31,45.95000076293945,46.38999938964844,45.59000015258789,46.29999923706055,2474400,
2019-08-01,45.54999923706055,46.34000015258789,45.459999084472656,45.970001220703125,2005700,
2019-08-02,45.209999084472656,45.439998626708984,45.02000045776367,45.400001525878906,2246500,
2019-08-05,43.95000076293945,44.400001525878906,43.72999954223633,44.400001525878906,2634700,
2019-08-06,44.31999969482422,44.439998626708984,44.0,44.380001068115234,5617600,
2019-08-07,44.47999954223633,44.54999923706055,43.91999816894531,44.02000045776367,2940000,
2019-08-08,44.9900016784668,45.060001373291016,44.650001525878906,44.72999954223633,2153800,
2019-08-09,44.709999084472656,44.880001068115234,44.540000915527344,44.810001373291016,1688300,
2019-08-12,44.20000076293945,44.5,44.18000030517578,44.40999984741211,720300,
2019-08-13,44.709999084472656,44.79999923706055,44.029998779296875,44.099998474121094,4853900,
2019-08-14,43.459999084472656,43.91999816894531,43.459999084472656,43.849998474121094,1535200,
2019-08-15,43.619998931884766,43.7400016784668,43.439998626708984,43.66999816894531,1867800,
2019-08-16,44.15999984741211,44.209999084472656,43.900001525878906,43.91999816894531,1183700,
2019-08-19,44.45000076293945,44.619998931884766,44.43000030517578,44.59000015258789,1730900,
2019-08-20,44.29999923706055,44.47999954223633,44.279998779296875,44.40999984741211,1022900,
2019-08-21,44.70000076293945,44.790000915527344,44.63999938964844,44.77000045776367,682200,
2019-08-22,44.439998626708984,44.650001525878906,44.31999969482422,44.599998474121094,496700,
2019-08-23,43.869998931884766,44.66999816894531,43.849998474121094,44.36000061035156,1290400,
2019-08-26,44.20000076293945,44.290000915527344,44.04999923706055,44.25,932500,
2019-08-27,44.20000076293945,44.470001220703125,44.15999984741211,44.380001068115234,1484000,
2019-08-28,44.220001220703125,44.31999969482422,43.970001220703125,44.06999969482422,886400,
2019-08-29,44.619998931884766,44.689998626708984,44.459999084472656,44.599998474121094,1113500,
2019-08-30,44.849998474121094,44.970001220703125,44.65999984741211,44.939998626708984,1342600,
2019-09-03,44.70000076293945,44.70000076293945,44.5,44.529998779296875,800600,
2019-09-04,45.33000183105469,45.349998474121094,45.15999984741211,45.15999984741211,1090000,
2019-09-05,45.70000076293945,45.84000015258789,45.66999816894531,45.709999084472656,732400,
2019-09-06,45.83000183105469,45.93000030517578,45.79999923706055,45.81999969482422,650800,
2019-09-09,45.95000076293945,45.9900016784668,45.849998474121094,45.97999954223633,1001200,
2019-09-10,45.9900016784668,46.060001373291016,45.77000045776367,45.880001068115234,555700,
2019-09-11,46.31999969482422,46.31999969482422,46.11000061035156,46.130001068115234,484800,
2019-09-12,46.59000015258789,46.63999938964844,46.310001373291016,46.369998931884766,937900,
2019-09-13,46.75,46.900001525878906,46.720001220703125,46.77000045776367,1589300,
2019-09-16,46.45000076293945,46.560001373291016,46.400001525878906,46.52000045776367,809900,
2019-09-17,46.540000915527344,46.59000015258789,46.2400016784668,46.27000045776367,431900,
2019-09-18,46.470001220703125,46.529998779296875,46.16999816894531,46.47999954223633,447500,
2019-09-19,46.529998779296875,46.709999084472656,46.5,46.599998474121094,654000,
2019-09-20,46.45000076293945,46.689998626708984,46.380001068115234,46.65999984741211,846200,
2019-09-23,46.38999938964844,46.40999984741211,46.20000076293945,46.20000076293945,700300,
2019-09-24,46.15999984741211,46.47999954223633,46.099998474121094,46.47999954223633,1562300,
2019-09-25,46.040000915527344,46.11000061035156,45.7400016784668,45.90999984741211,2338900,
2019-09-26,46.15999984741211,46.25,46.06999969482422,46.25,2906200,
2019-09-27,45.869998931884766,46.2400016784668,45.779998779296875,46.150001525878906,1730000,
2019-09-30,46.04999923706055,46.119998931884766,45.939998626708984,45.970001220703125,1044900,
2019-10-01,45.65999984741211,45.959999084472656,45.58000183105469,45.959999084472656,2152800,
2019-10-02,44.83000183105469,45.15999984741211,44.72999954223633,45.15999984741211,2330600,
2019-10-03,45.189998626708984,45.209999084472656,44.720001220703125,44.90999984741211,1710600,
2019-10-04,45.54999923706055,45.54999923706055,45.189998626708984,45.2599983215332,1503400,
2019-10-07,45.369998931884766,45.599998474121094,45.369998931884766,45.41999816894531,1631000,
2019-10-08,44.91999816894531,45.20000076293945,44.91999816894531,45.16999816894531,1290100,
2019-10-09,45.279998779296875,45.38999938964844,45.189998626708984,45.290000915527344,681900,
2019-10-10,45.65999984741211,45.70000076293945,45.310001373291016,45.31999969482422,1029100,
2019-10-11,46.36000061035156,46.630001068115234,46.310001373291016,46.310001373291016,1833300,
2019-10-14,46.220001220703125,46.31999969482422,46.189998626708984,46.20000076293945,948900,
2019-10-15,46.689998626708984,46.810001373291016,46.279998779296875,46.36000061035156,1020400,
2019-10-16,46.75,46.84000015258789,46.61000061035156,46.619998931884766,1014800,
2019-10-17,46.869998931884766,47.040000915527344,46.79999923706055,47.029998779296875,1073600,
2019-10-18,46.779998779296875,46.900001525878906,46.650001525878906,46.810001373291016,627300,
2019-10-21,47.13999938964844,47.13999938964844,47.02000045776367,47.06999969482422,743200,
2019-10-22,47.04999923706055,47.279998779296875,47.02000045776367,47.13999938964844,962400,
2019-10-23,47.15999984741211,47.189998626708984,47.0,47.0099983215332,1965400,
2019-10-24,47.29999923706055,47.369998931884766,47.189998626708984,47.369998931884766,880200,
2019-10-25,47.349998474121094,47.380001068115234,47.150001525878906,47.150001525878906,599000,
2019-10-28,47.599998474121094,47.61000061035156,47.439998626708984,47.45000076293945,906500,
2019-10-29,47.47999954223633,47.540000915527344,47.38999938964844,47.400001525878906,1224300,
2019-10-30,47.70000076293945,47.70000076293945,47.2599983215332,47.459999084472656,1013100,
2019-10-31,47.470001220703125,47.56999969482422,47.29999923706055,47.56999969482422,1588600,
2019-11-01,47.9900016784668,47.9900016784668,47.84000015258789,47.86000061035156,2224700,
2019-11-04,48.290000915527344,48.40999984741211,48.2400016784668,48.34000015258789,867000,
2019-11-05,48.33000183105469,48.38999938964844,48.209999084472656,48.349998474121094,746600,
2019-11-06,48.290000915527344,48.380001068115234,48.18000030517578,48.31999969482422,987100,
2019-11-07,48.4900016784668,48.61000061035156,48.459999084472656,48.560001373291016,1106300,
2019-11-08,48.349998474121094,48.349998474121094,48.13999938964844,48.27000045776367,1045800,
2019-11-11,48.189998626708984,48.22999954223633,47.9900016784668,48.02000045776367,672500,
2019-11-12,48.13999938964844,48.25,48.04999923706055,48.18000030517578,863600,
2019-11-13,47.91999816894531,47.97999954223633,47.75,47.790000915527344,1641600,
2019-11-14,47.84000015258789,47.86000061035156,47.689998626708984,47.7599983215332,721300,
2019-11-15,48.20000076293945,48.20000076293945,48.0,48.0,2664900,
2019-11-18,48.189998626708984,48.2400016784668,48.029998779296875,48.130001068115234,1886100,
2019-11-19,48.150001525878906,48.45000076293945,48.099998474121094,48.380001068115234,1621200,
2019-11-20,47.880001068115234,48.04999923706055,47.72999954223633,47.93000030517578,1282600,
2019-11-21,47.83000183105469,47.880001068115234,47.68000030517578,47.86000061035156,1029900,
2019-11-22,47.900001525878906,48.0099983215332,47.81999969482422,47.97999954223633,3670400,
2019-11-25,48.2400016784668,48.279998779296875,48.09000015258789,48.11000061035156,1087200,
2019-11-26,48.209999084472656,48.27000045776367,48.099998474121094,48.15999984741211,1188300,
2019-11-27,48.349998474121094,48.36000061035156,48.22999954223633,48.27000045776367,954400,
2019-11-29,47.939998626708984,48.040000915527344,47.90999984741211,47.970001220703125,778400,
2019-12-02,47.709999084472656,47.93000030517578,47.560001373291016,47.93000030517578,1212300,
2019-12-03,47.5099983215332,47.529998779296875,47.16999816894531,47.31999969482422,2234100,
2019-12-04,47.939998626708984,47.939998626708984,47.779998779296875,47.810001373291016,1624300,
2019-12-05,47.95000076293945,47.9900016784668,47.83000183105469,47.9900016784668,1231200,
2019-12-06,48.290000915527344,48.33000183105469,48.220001220703125,48.25,1318900,
2019-12-09,48.11000061035156,48.33000183105469,48.09000015258789,48.22999954223633,1356800,
2019-12-10,48.189998626708984,48.25,48.0099983215332,48.11000061035156,2257000,
2019-12-11,48.529998779296875,48.56999969482422,48.25,48.25,1373300,
2019-12-12,48.9900016784668,49.0,48.5099983215332,48.540000915527344,2830000,
2019-12-13,49.2400016784668,49.47999954223633,49.040000915527344,49.18000030517578,1627300,
2019-12-16,48.81999969482422,48.959999084472656,48.81999969482422,48.88999938964844,1423400,
2019-12-17,48.790000915527344,48.900001525878906,48.77000045776367,48.84000015258789,850200,
2019-12-18,48.81999969482422,48.869998931884766,48.7599983215332,48.849998474121094,789100,
2019-12-19,48.84000015258789,48.869998931884766,48.70000076293945,48.75,1160000,
2019-12-20,48.849998474121094,48.9900016784668,48.849998474121094,48.9900016784668,3191100,
2019-12-23,48.970001220703125,48.970001220703125,48.88999938964844,48.91999816894531,1720300,
2019-12-24,48.91999816894531,48.93000030517578,48.790000915527344,48.93000030517578,1180700,
2019-12-26,49.130001068115234,49.15999984741211,48.970001220703125,49.0,1687800,
2019-12-27,49.220001220703125,49.380001068115234,49.20000076293945,49.380001068115234,1425900,
2019-12-30,48.91999816894531,49.36000061035156,48.900001525878906,49.34000015258789,2574000,
2019-12-31,49.119998931884766,49.130001068115234,48.86000061035156,48.97999954223633,1460500,
2020-01-02,49.720001220703125,49.720001220703125,49.459999084472656,49.5,1597200,
2020-01-03,49.08000183105469,49.33000183105469,49.04999923706055,49.04999923706055,1486900,
2020-01-06,49.20000076293945,49.20000076293945,48.869998931884766,48.880001068115234,1947900,
2020-01-07,49.099998474121094,49.16999816894531,49.02000045776367,49.13999938964844,1026600,
2020-01-08,49.22999954223633,49.36000061035156,48.9900016784668,49.029998779296875,1544200,
2020-01-09,49.36000061035156,49.40999984741211,49.27000045776367,49.38999938964844,1792500,
2020-01-10,49.29999923706055,49.529998779296875,49.2599983215332,49.439998626708984,2213600,
2020-01-13,49.72999954223633,49.72999954223633,49.349998474121094,49.439998626708984,2843200,
2020-01-14,49.68000030517578,49.72999954223633,49.54999923706055,49.560001373291016,1316900,
2020-01-15,49.56999969482422,49.68000030517578,49.529998779296875,49.61000061035156,1160300,
2020-01-16,49.83000183105469,49.84000015258789,49.709999084472656,49.720001220703125,667200,
2020-01-17,50.0,50.029998779296875,49.880001068115234,49.95000076293945,1037000,
2020-01-21,49.38999938964844,49.619998931884766,49.38999938964844,49.58000183105469,1528600,
2020-01-22,49.56999969482422,49.70000076293945,49.5,49.689998626708984,1369500,
2020-01-23,49.38999938964844,49.43000030517578,49.0099983215332,49.2400016784668,2102100,
2020-01-24,49.099998474121094,49.52000045776367,48.97999954223633,49.52000045776367,1132900,
2020-01-27,47.970001220703125,48.18000030517578,47.81999969482422,47.959999084472656,2456900,
2020-01-28,48.38999938964844,48.43000030517578,48.06999969482422,48.189998626708984,2568000,
2020-01-29,48.41999816894531,48.59000015258789,48.36000061035156,48.560001373291016,937000,
2020-01-30,48.22999954223633,48.25,47.72999954223633,47.88999938964844,1485500,
2020-01-31,47.439998626708984,47.72999954223633,47.209999084472656,47.689998626708984,2627600,
2020-02-03,47.56999969482422,47.810001373291016,47.52000045776367,47.52000045776367,1691500,
2020-02-04,48.470001220703125,48.61000061035156,48.38999938964844,48.41999816894531,4768800,
2020-02-05,48.88999938964844,49.060001373291016,48.790000915527344,49.060001373291016,806900,
2020-02-06,49.02000045776367,49.13999938964844,48.97999954223633,49.119998931884766,4088100,
2020-02-07,48.52000045776367,48.689998626708984,48.470001220703125,48.68000030517578,1220600,
2020-02-10,48.65999984741211,48.65999984741211,48.439998626708984,48.439998626708984,622100,
2020-02-11,49.0,49.189998626708984,48.93000030517578,49.04999923706055,3224100,
2020-02-12,49.36000061035156,49.369998931884766,49.220001220703125,49.29999923706055,895600,
2020-02-13,48.93000030517578,49.09000015258789,48.83000183105469,48.900001525878906,891300,
2020-02-14,48.90999984741211,49.0099983215332,48.77000045776367,49.0099983215332,688500,
2020-02-18,48.58000183105469,48.68000030517578,48.5,48.54999923706055,886000,
2020-02-19,48.83000183105469,48.900001525878906,48.779998779296875,48.79999923706055,633400,
2020-02-20,48.43000030517578,48.66999816894531,48.18000030517578,48.599998474121094,1284600,
2020-02-21,48.18000030517578,48.33000183105469,48.099998474121094,48.279998779296875,795800,
2020-02-24,46.400001525878906,46.689998626708984,46.2400016784668,46.290000915527344,4278000,
2020-02-25,45.72999954223633,46.77000045776367,45.709999084472656,46.720001220703125,3966100,
2020-02-26,45.880001068115234,46.470001220703125,45.83000183105469,46.18000030517578,2491200,
2020-02-27,44.54999923706055,45.599998474121094,44.54999923706055,45.16999816894531,3774600,
2020-02-28,44.279998779296875,44.34000015258789,43.13999938964844,43.47999954223633,1749900,
2020-03-02,44.9900016784668,45.029998779296875,43.970001220703125,44.369998931884766,2356200,
2020-03-03,44.70000076293945,45.7599983215332,44.310001373291016,45.209999084472656,2326000,
2020-03-04,45.7599983215332,45.79999923706055,45.06999969482422,45.380001068115234,812300,
2020-03-05,44.66999816894531,45.20000076293945,44.5,44.91999816894531,1178800,
2020-03-06,44.02000045776367,44.16999816894531,43.54999923706055,43.84000015258789,1429200,
2020-03-09,40.5,41.65999984741211,40.459999084472656,41.09000015258789,1542000,
2020-03-10,42.099998474121094,42.189998626708984,40.849998474121094,42.060001373291016,4135600,
2020-03-11,40.0,41.119998931884766,39.79999923706055,41.060001373291016,2467500,
2020-03-12,35.54999923706055,37.25,35.2400016784668,37.04999923706055,3355300,
2020-03-13,37.900001525878906,38.29999923706055,35.900001525878906,38.029998779296875,1884300,
2020-03-16,33.75,35.290000915527344,32.959999084472656,33.630001068115234,2439500,
2020-03-17,35.56999969482422,35.7400016784668,33.959999084472656,34.4900016784668,4880200,
2020-03-18,33.16999816894531,34.20000076293945,32.400001525878906,33.189998626708984,2380300,
2020-03-19,33.66999816894531,34.349998474121094,32.75,33.099998474121094,5104300,
2020-03-20,33.41999816894531,35.119998931884766,33.41999816894531,34.68000030517578,2980900,
2020-03-23,32.79999923706055,33.66999816894531,32.59000015258789,33.40999984741211,5159300,
2020-03-24,35.54999923706055,35.77000045776367,34.939998626708984,35.13999938964844,3448800,
2020-03-25,36.97999954223633,37.45000076293945,35.650001525878906,36.130001068115234,4678100,
2020-03-26,38.45000076293945,38.47999954223633,37.11000061035156,37.11000061035156,4881400,
2020-03-27,37.02000045776367,37.63999938964844,36.560001373291016,36.900001525878906,4124900,
2020-03-30,37.619998931884766,37.650001525878906,36.83000183105469,37.08000183105469,7849400,
2020-03-31,37.650001525878906,37.91999816894531,37.15999984741211,37.29999923706055,4745500,
2020-04-01,35.849998474121094,36.70000076293945,35.849998474121094,36.43000030517578,4048700,
2020-04-02,36.70000076293945,36.900001525878906,36.04999923706055,36.08000183105469,2932800,
2020-04-03,35.95000076293945,36.470001220703125,35.779998779296875,36.369998931884766,2892300,
2020-04-06,37.84000015258789,37.970001220703125,37.18000030517578,37.22999954223633,3162800,
2020-04-07,38.11000061035156,39.18000030517578,38.029998779296875,39.11000061035156,7161200,
2020-04-08,38.45000076293945,38.59000015258789,37.91999816894531,38.2599983215332,2236700,
2020-04-09,39.09000015258789,39.369998931884766,38.77000045776367,39.04999923706055,2391200,
2020-04-13,38.81999969482422,39.040000915527344,38.47999954223633,39.02000045776367,2582700,
2020-04-14,39.540000915527344,39.84000015258789,39.43000030517578,39.540000915527344,2190800,
2020-04-15,38.400001525878906,38.66999816894531,38.27000045776367,38.45000076293945,1819000,
2020-04-16,38.45000076293945,38.72999954223633,38.16999816894531,38.59000015258789,3666300,
2020-04-17,39.40999984741211,39.47999954223633,39.04999923706055,39.470001220703125,2562500,
2020-04-20,38.93000030517578,39.459999084472656,38.900001525878906,38.91999816894531,3514600,
2020-04-21,38.0099983215332,38.52000045776367,37.93000030517578,38.27000045776367,2826300,
2020-04-22,38.81999969482422,38.880001068115234,38.650001525878906,38.790000915527344,1588600,
2020-04-23,38.66999816894531,39.400001525878906,38.630001068115234,38.93000030517578,4025500,
2020-04-24,39.0099983215332,39.02000045776367,38.58000183105469,38.970001220703125,5955800,
2020-04-27,39.599998474121094,39.65999984741211,39.25,39.36000061035156,1814400,
2020-04-28,39.83000183105469,40.279998779296875,39.81999969482422,40.27000045776367,2978800,
2020-04-29,40.88999938964844,41.040000915527344,40.560001373291016,40.66999816894531,2022000,
2020-04-30,40.04999923706055,40.529998779296875,39.86000061035156,40.459999084472656,4546200,
2020-05-01,39.040000915527344,39.43000030517578,38.869998931884766,39.349998474121094,3704800,
2020-05-04,39.150001525878906,39.15999984741211,38.70000076293945,38.869998931884766,3523400,
2020-05-05,39.279998779296875,39.630001068115234,39.209999084472656,39.4900016784668,2534100,
2020-05-06,39.060001373291016,39.56999969482422,39.04999923706055,39.529998779296875,2211300,
2020-05-07,39.54999923706055,39.7400016784668,39.380001068115234,39.560001373291016,1768900,
2020-05-08,40.220001220703125,40.290000915527344,39.97999954223633,40.0,2013200,
2020-05-11,40.209999084472656,40.29999923706055,39.959999084472656,39.97999954223633,1883300,
2020-05-12,39.7400016784668,40.45000076293945,39.7400016784668,40.31999969482422,2277300,
2020-05-13,39.439998626708984,40.02000045776367,39.2400016784668,40.0099983215332,3621000,
2020-05-14,39.27000045776367,39.310001373291016,38.38999938964844,38.599998474121094,4206400,
2020-05-15,39.16999816894531,39.29999923706055,38.90999984741211,39.040000915527344,1456500,
2020-05-18,40.68000030517578,40.790000915527344,40.09000015258789,40.09000015258789,4626400,
2020-05-19,40.22999954223633,40.63999938964844,40.20000076293945,40.47999954223633,1498300,
2020-05-20,40.91999816894531,41.15999984741211,40.790000915527344,40.97999954223633,1617100,
2020-05-21,40.5099983215332,40.880001068115234,40.33000183105469,40.7400016784668,2155900,
2020-05-22,40.189998626708984,40.189998626708984,39.939998626708984,40.11000061035156,1604800,
2020-05-26,41.220001220703125,41.5,41.209999084472656,41.369998931884766,2191900,
2020-05-27,41.650001525878906,41.650001525878906,41.13999938964844,41.630001068115234,1195800,
2020-05-28,41.86000061035156,42.290000915527344,41.84000015258789,42.0099983215332,6265200,
2020-05-29,41.88999938964844,41.959999084472656,41.380001068115234,41.84000015258789,2288700,
2020-06-01,42.81999969482422,42.81999969482422,42.20000076293945,42.290000915527344,2478800,
2020-06-02,43.40999984741211,43.459999084472656,43.09000015258789,43.150001525878906,1896600,
2020-06-03,44.34000015258789,44.4900016784668,43.91999816894531,43.939998626708984,4632900,
2020-06-04,44.09000015258789,44.349998474121094,43.91999816894531,44.08000183105469,2434400,
2020-06-05,44.91999816894531,45.2599983215332,44.869998931884766,44.959999084472656,1880800,
2020-06-08,45.470001220703125,45.470001220703125,44.86000061035156,45.08000183105469,1487500,
2020-06-09,44.93000030517578,45.09000015258789,44.630001068115234,44.7599983215332,2078800,
2020-06-10,44.90999984741211,45.27000045776367,44.720001220703125,45.119998931884766,2029100,
2020-06-11,42.56999969482422,43.849998474121094,42.5099983215332,43.66999816894531,1590500,
2020-06-12,43.34000015258789,43.790000915527344,42.7599983215332,43.720001220703125,1495800,
2020-06-15,42.880001068115234,43.02000045776367,41.84000015258789,42.0,1983800,
2020-06-16,43.369998931884766,43.83000183105469,42.93000030517578,43.7599983215332,1324600,
2020-06-17,43.54999923706055,43.7599983215332,43.439998626708984,43.709999084472656,1467100,
2020-06-18,43.40999984741211,43.560001373291016,43.2400016784668,43.27000045776367,788000,
2020-06-19,43.2599983215332,43.939998626708984,43.20000076293945,43.939998626708984,2265300,
2020-06-22,43.7599983215332,43.81999969482422,43.40999984741211,43.540000915527344,1959600,
2020-06-23,44.060001373291016,44.36000061035156,44.0099983215332,44.2400016784668,1445800,
2020-06-24,43.119998931884766,43.72999954223633,42.90999984741211,43.61000061035156,1776000,
2020-06-25,43.540000915527344,43.58000183105469,42.88999938964844,43.09000015258789,1935400,
2020-06-26,42.939998626708984,43.470001220703125,42.880001068115234,43.470001220703125,2848000,
2020-06-29,43.279998779296875,43.33000183105469,42.88999938964844,43.15999984741211,1545500,
2020-06-30,43.2400016784668,43.349998474121094,42.97999954223633,43.040000915527344,2138200,
2020-07-01,43.47999954223633,43.59000015258789,43.25,43.279998779296875,1860700,
2020-07-02,44.099998474121094,44.43000030517578,44.0,44.189998626708984,1247500,
2020-07-06,45.13999938964844,45.16999816894531,44.880001068115234,44.95000076293945,910400,
2020-07-07,44.43000030517578,44.869998931884766,44.41999816894531,44.66999816894531,1220600,
2020-07-08,45.029998779296875,45.040000915527344,44.54999923706055,44.619998931884766,1031600,
2020-07-09,44.68000030517578,45.130001068115234,44.36000061035156,45.09000015258789,1259800,
2020-07-10,44.93000030517578,44.93000030517578,44.52000045776367,44.7400016784668,1622300,
2020-07-13,44.63999938964844,45.40999984741211,44.56999969482422,45.22999954223633,1862400,
2020-07-14,45.099998474121094,45.189998626708984,44.4900016784668,44.56999969482422,1781500,
2020-07-15,45.560001373291016,45.810001373291016,45.38999938964844,45.709999084472656,1422400,
2020-07-16,45.18000030517578,45.279998779296875,45.040000915527344,45.060001373291016,1366700,
2020-07-17,45.38999938964844,45.38999938964844,45.13999938964844,45.290000915527344,2224700,
2020-07-20,45.70000076293945,45.72999954223633,45.369998931884766,45.439998626708984,2698300,
2020-07-21,45.95000076293945,46.20000076293945,45.90999984741211,46.08000183105469,1724000,
2020-07-22,45.95000076293945,46.0099983215332,45.77000045776367,45.939998626708984,821900,
2020-07-23,45.560001373291016,46.040000915527344,45.439998626708984,45.83000183105469,1214000,
2020-07-24,45.400001525878906,45.470001220703125,45.16999816894531,45.27000045776367,888700,
2020-07-27,46.06999969482422,46.06999969482422,45.7400016784668,45.779998779296875,1213000,
2020-07-28,45.7400016784668,45.97999954223633,45.72999954223633,45.86000061035156,1080500,
2020-07-29,46.310001373291016,46.369998931884766,45.970001220703125,46.040000915527344,1075900,
2020-07-30,45.7400016784668,45.7599983215332,45.02000045776367,45.380001068115234,1349500,
2020-07-31,44.97999954223633,45.56999969482422,44.66999816894531,45.56999969482422,1517500,
2020-08-03,45.619998931884766,45.63999938964844,45.25,45.36000061035156,1196100,
2020-08-04,46.02000045776367,46.02000045776367,45.54999923706055,45.59000015258789,732600,
2020-08-05,46.290000915527344,46.529998779296875,46.22999954223633,46.369998931884766,1174400,
2020-08-06,46.369998931884766,46.380001068115234,45.9900016784668,46.130001068115234,1078400,
2020-08-07,45.95000076293945,45.95000076293945,45.68000030517578,45.779998779296875,650500,
2020-08-10,46.08000183105469,46.099998474121094,45.810001373291016,46.0,690000,
2020-08-11,46.13999938964844,46.72999954223633,46.130001068115234,46.65999984741211,888600,
2020-08-12,47.029998779296875,47.16999816894531,46.849998474121094,46.849998474121094,1197900,
2020-08-13,46.849998474121094,47.029998779296875,46.68000030517578,46.939998626708984,569300,
2020-08-14,46.619998931884766,46.689998626708984,46.4900016784668,46.560001373291016,659500,
2020-08-17,47.029998779296875,47.029998779296875,46.86000061035156,46.86000061035156,467300,
2020-08-18,47.029998779296875,47.220001220703125,46.84000015258789,47.13999938964844,858900,
2020-08-19,46.720001220703125,47.130001068115234,46.66999816894531,47.08000183105469,389800,
2020-08-20,46.58000183105469,46.61000061035156,46.119998931884766,46.2400016784668,858800,
2020-08-21,46.45000076293945,46.470001220703125,46.119998931884766,46.209999084472656,521000,
2020-08-24,47.04999923706055,47.18000030517578,46.869998931884766,47.130001068115234,498500,
2020-08-25,47.189998626708984,47.27000045776367,46.939998626708984,47.27000045776367,694200,
2020-08-26,47.439998626708984,47.5,47.18000030517578,47.20000076293945,553400,
2020-08-27,47.029998779296875,47.5099983215332,46.86000061035156,47.5099983215332,909700,
2020-08-28,47.43000030517578,47.439998626708984,47.119998931884766,47.34000015258789,649500,
2020-08-31,46.849998474121094,47.11000061035156,46.77000045776367,47.099998474121094,1214300,
2020-09-01,47.18000030517578,47.189998626708984,46.900001525878906,47.0,831600,
2020-09-02,47.560001373291016,47.56999969482422,47.13999938964844,47.41999816894531,1863700,
2020-09-03,46.52000045776367,47.380001068115234,46.349998474121094,47.33000183105469,1980000,
2020-09-04,46.54999923706055,46.83000183105469,45.75,46.709999084472656,1451900,
2020-09-08,45.880001068115234,46.279998779296875,45.72999954223633,45.880001068115234,1251000,
2020-09-09,46.70000076293945,46.849998474121094,46.45000076293945,46.529998779296875,734000,
2020-09-10,46.099998474121094,46.95000076293945,46.099998474121094,46.86000061035156,1485700,
2020-09-11,46.5099983215332,46.7599983215332,46.310001373291016,46.65999984741211,1392600,
2020-09-14,46.93000030517578,47.060001373291016,46.86000061035156,46.97999954223633,469300,
2020-09-15,47.2599983215332,47.45000076293945,47.18000030517578,47.45000076293945,610300,
2020-09-16,47.22999954223633,47.58000183105469,47.18000030517578,47.400001525878906,602500,
2020-09-17,47.20000076293945,47.220001220703125,46.790000915527344,46.869998931884766,1047000,
2020-09-18,46.810001373291016,47.15999984741211,46.720001220703125,47.15999984741211,1718600,
2020-09-21,45.91999816894531,45.939998626708984,45.34000015258789,45.81999969482422,1987900,
2020-09-22,45.880001068115234,45.90999984741211,45.45000076293945,45.90999984741211,1116300,
2020-09-23,45.29999923706055,46.029998779296875,45.29999923706055,46.0,814000,
2020-09-24,45.25,45.540000915527344,44.88999938964844,45.029998779296875,1177400,
2020-09-25,45.36000061035156,45.38999938964844,44.709999084472656,44.86000061035156,1013300,
2020-09-28,46.040000915527344,46.04999923706055,45.86000061035156,45.970001220703125,733200,
2020-09-29,45.93000030517578,46.11000061035156,45.810001373291016,45.959999084472656,520800,
2020-09-30,45.9900016784668,46.279998779296875,45.900001525878906,45.939998626708984,1528600,
2020-10-01,46.369998931884766,46.369998931884766,46.06999969482422,46.31999969482422,978000,
2020-10-02,46.13999938964844,46.29999923706055,45.72999954223633,45.75,820400,
2020-10-05,46.83000183105469,46.83000183105469,46.5,46.5,731500,
2020-10-06,46.459999084472656,46.9900016784668,46.369998931884766,46.900001525878906,1587300,
2020-10-07,46.900001525878906,46.9900016784668,46.77000045776367,46.83000183105469,871200,
2020-10-08,47.279998779296875,47.279998779296875,47.06999969482422,47.11000061035156,569900,
2020-10-09,47.59000015258789,47.630001068115234,47.369998931884766,47.470001220703125,955000,
2020-10-12,47.869998931884766,47.95000076293945,47.68000030517578,47.7599983215332,483500,
2020-10-13,47.459999084472656,47.56999969482422,47.369998931884766,47.54999923706055,644000,
2020-10-14,47.349998474121094,47.66999816894531,47.31999969482422,47.560001373291016,5096700,
2020-10-15,46.90999984741211,46.93000030517578,46.459999084472656,46.5099983215332,3266700,
2020-10-16,47.06999969482422,47.2400016784668,46.970001220703125,47.060001373291016,1149300,
2020-10-19,46.880001068115234,47.36000061035156,46.81999969482422,47.33000183105469,1705000,
2020-10-20,47.189998626708984,47.45000076293945,47.13999938964844,47.209999084472656,692000,
2020-10-21,47.040000915527344,47.400001525878906,47.040000915527344,47.18000030517578,675000,
2020-10-22,47.060001373291016,47.13999938964844,46.779998779296875,47.060001373291016,8152100,
2020-10-23,47.29999923706055,47.310001373291016,47.040000915527344,47.27000045776367,2382100,
2020-10-26,46.529998779296875,46.83000183105469,46.22999954223633,46.81999969482422,1191300,
2020-10-27,46.380001068115234,46.54999923706055,46.31999969482422,46.540000915527344,1265400,
2020-10-28,45.099998474121094,45.5099983215332,45.060001373291016,45.4900016784668,2466500,
2020-10-29,45.33000183105469,45.5,44.91999816894531,45.15999984741211,1110100,
2020-10-30,45.04999923706055,45.16999816894531,44.72999954223633,45.130001068115234,1450800,
2020-11-02,45.61000061035156,45.619998931884766,45.29999923706055,45.529998779296875,1522400,
2020-11-03,46.470001220703125,46.599998474121094,46.16999816894531,46.27000045776367,1448700,
2020-11-04,47.25,47.54999923706055,46.63999938964844,46.83000183105469,2055900,
2020-11-05,48.27000045776367,48.349998474121094,47.970001220703125,48.20000076293945,1513000,
2020-11-06,48.43000030517578,48.58000183105469,48.220001220703125,48.400001525878906,1365100,
2020-11-09,49.43000030517578,50.369998931884766,49.40999984741211,50.349998474121094,1988400,
2020-11-10,49.54999923706055,49.81999969482422,49.369998931884766,49.59000015258789,1015400,
2020-11-11,49.95000076293945,49.970001220703125,49.709999084472656,49.779998779296875,1092200,
2020-11-12,49.29999923706055,49.81999969482422,49.209999084472656,49.72999954223633,1476000,
2020-11-13,50.02000045776367,50.060001373291016,49.68000030517578,49.720001220703125,1939000,
2020-11-16,50.650001525878906,50.650001525878906,50.369998931884766,50.56999969482422,2495900,
2020-11-17,50.56999969482422,50.689998626708984,50.29999923706055,50.41999816894531,1718700,
2020-11-18,50.349998474121094,50.790000915527344,50.349998474121094,50.66999816894531,890700,
2020-11-19,50.63999938964844,50.63999938964844,50.16999816894531,50.220001220703125,810500,
2020-11-20,50.79999923706055,50.86000061035156,50.599998474121094,50.650001525878906,1119100,
2020-11-23,50.849998474121094,51.119998931884766,50.68000030517578,51.08000183105469,1450500,
2020-11-24,51.54999923706055,51.61000061035156,51.16999816894531,51.2400016784668,1138800,
2020-11-25,51.470001220703125,51.529998779296875,51.119998931884766,51.220001220703125,1725300,
2020-11-27,51.849998474121094,51.880001068115234,51.65999984741211,51.689998626708984,978200,
2020-11-30,50.72999954223633,51.52000045776367,50.68000030517578,51.4900016784668,4122400,
2020-12-01,51.7400016784668,51.81999969482422,51.459999084472656,51.4900016784668,2837600,
2020-12-02,51.790000915527344,51.869998931884766,51.47999954223633,51.56999969482422,1042600,
2020-12-03,52.060001373291016,52.290000915527344,51.970001220703125,52.099998474121094,1260300,
2020-12-04,52.52000045776367,52.529998779296875,52.369998931884766,52.369998931884766,1758000,
2020-12-07,52.2599983215332,52.43000030517578,52.150001525878906,52.27000045776367,1223000,
2020-12-08,52.40999984741211,52.43000030517578,52.16999816894531,52.209999084472656,644900,
2020-12-09,52.310001373291016,52.709999084472656,52.02000045776367,52.68000030517578,764700,
2020-12-10,52.59000015258789,52.65999984741211,52.11000061035156,52.11000061035156,1353000,
2020-12-11,52.34000015258789,52.40999984741211,52.119998931884766,52.310001373291016,1394700,
2020-12-14,51.779998779296875,52.189998626708984,51.7599983215332,52.16999816894531,980800,
2020-12-15,52.34000015258789,52.349998474121094,51.93000030517578,52.029998779296875,888800,
2020-12-16,52.529998779296875,52.59000015258789,52.279998779296875,52.38999938964844,916800,
2020-12-17,52.91999816894531,53.0,52.849998474121094,52.939998626708984,858100,
2020-12-18,52.650001525878906,52.86000061035156,52.56999969482422,52.86000061035156,877600,
2020-12-21,52.0099983215332,52.119998931884766,51.380001068115234,51.5,1930400,
2020-12-22,51.83000183105469,51.90999984741211,51.689998626708984,51.90999984741211,1075400,
2020-12-23,52.36000061035156,52.41999816894531,52.2400016784668,52.27000045776367,668200,
2020-12-24,52.290000915527344,52.369998931884766,52.16999816894531,52.2599983215332,511600,
2020-12-28,52.599998474121094,52.779998779296875,52.529998779296875,52.7599983215332,1143700,
2020-12-29,53.040000915527344,53.20000076293945,52.939998626708984,53.150001525878906,833400,
2020-12-30,53.29999923706055,53.58000183105469,53.29999923706055,53.45000076293945,766300,
2020-12-31,53.040000915527344,53.40999984741211,52.93000030517578,53.38999938964844,1422500,
2021-01-04,53.31999969482422,54.08000183105469,53.09000015258789,54.0099983215332,2958000,
2021-01-05,54.099998474121094,54.189998626708984,53.540000915527344,53.540000915527344,1296500,
2021-01-06,54.33000183105469,54.7599983215332,53.9900016784668,54.040000915527344,1305600,
2021-01-07,54.619998931884766,54.650001525878906,54.34000015258789,54.439998626708984,1430000,
2021-01-08,55.36000061035156,55.369998931884766,54.790000915527344,55.189998626708984,1292900,
2021-01-11,54.63999938964844,54.81999969482422,54.45000076293945,54.5,1604200,
2021-01-12,54.959999084472656,55.0099983215332,54.58000183105469,54.720001220703125,826100,
2021-01-13,54.91999816894531,55.060001373291016,54.779998779296875,54.900001525878906,5502600,
2021-01-14,55.369998931884766,55.54999923706055,55.209999084472656,55.2400016784668,1418200,
2021-01-15,54.58000183105469,54.849998474121094,54.29999923706055,54.7599983215332,1161500,
2021-01-19,55.11000061035156,55.2400016784668,54.95000076293945,55.209999084472656,1949500,
2021-01-20,55.689998626708984,55.70000076293945,55.36000061035156,55.47999954223633,654600,
2021-01-21,55.77000045776367,55.81999969482422,55.459999084472656,55.81999969482422,1313500,
2021-01-22,55.38999938964844,55.47999954223633,55.16999816894531,55.16999816894531,696700,
2021-01-25,55.47999954223633,55.5,54.880001068115234,55.349998474121094,983900,
2021-01-26,55.38999938964844,55.5,55.189998626708984,55.459999084472656,975900,
2021-01-27,54.06999969482422,54.56999969482422,53.91999816894531,54.36000061035156,1644800,
2021-01-28,54.43000030517578,54.68000030517578,54.060001373291016,54.119998931884766,1272200,
2021-01-29,53.189998626708984,53.810001373291016,52.95000076293945,53.63999938964844,1074800,
2021-02-01,54.11000061035156,54.16999816894531,53.7599983215332,53.9900016784668,928700,
2021-02-02,54.72999954223633,54.810001373291016,54.41999816894531,54.540000915527344,740300,
2021-02-03,54.91999816894531,54.97999954223633,54.68000030517578,54.88999938964844,1111500,
2021-02-04,54.939998626708984,54.95000076293945,54.66999816894531,54.79999923706055,967300,
2021-02-05,55.34000015258789,55.380001068115234,55.029998779296875,55.2400016784668,476000,
2021-02-08,55.66999816894531,55.77000045776367,55.5099983215332,55.63999938964844,453200,
2021-02-09,56.060001373291016,56.119998931884766,55.709999084472656,55.709999084472656,342400,
2021-02-10,56.029998779296875,56.40999984741211,55.7599983215332,56.31999969482422,493200,
2021-02-11,56.45000076293945,56.52000045776367,56.2400016784668,56.380001068115234,398400,
2021-02-12,56.689998626708984,56.720001220703125,56.27000045776367,56.310001373291016,363300,
2021-02-16,57.0,57.27000045776367,56.90999984741211,57.15999984741211,1235200,
2021-02-17,56.81999969482422,56.849998474121094,56.45000076293945,56.7400016784668,671700,
2021-02-18,56.36000061035156,56.369998931884766,55.869998931884766,56.220001220703125,2889100,
2021-02-19,56.63999938964844,56.849998474121094,56.5099983215332,56.630001068115234,1663100,
2021-02-22,56.02000045776367,56.38999938964844,55.9900016784668,56.029998779296875,1099900,
2021-02-23,56.130001068115234,56.279998779296875,55.2599983215332,55.86000061035156,881300,
2021-02-24,56.16999816894531,56.2400016784668,55.41999816894531,55.58000183105469,1389500,
2021-02-25,55.130001068115234,56.38999938964844,55.02000045776367,56.27000045776367,1600400,
2021-02-26,54.2400016784668,54.91999816894531,54.189998626708984,54.91999816894531,2072400,
2021-03-01,55.470001220703125,55.56999969482422,55.11000061035156,55.119998931884766,1469700,
2021-03-02,55.310001373291016,55.52000045776367,55.13999938964844,55.34000015258789,392800,
2021-03-03,55.08000183105469,55.459999084472656,55.029998779296875,55.349998474121094,1652100,
2021-03-04,54.27000045776367,55.25,53.970001220703125,55.02000045776367,2086400,
2021-03-05,54.77000045776367,54.84000015258789,53.869998931884766,54.72999954223633,2705200,
2021-03-08,54.16999816894531,54.619998931884766,54.119998931884766,54.279998779296875,2096800,
2021-03-09,55.029998779296875,55.20000076293945,54.7400016784668,54.779998779296875,1077200,
2021-03-10,55.15999984741211,55.279998779296875,54.900001525878906,55.279998779296875,1948600,
2021-03-11,55.939998626708984,55.97999954223633,55.52000045776367,55.630001068115234,1512000,
2021-03-12,55.72999954223633,55.72999954223633,55.2599983215332,55.369998931884766,991600,
2021-03-15,55.79999923706055,55.83000183105469,55.31999969482422,55.619998931884766,1888300,
2021-03-16,56.0,56.04999923706055,55.810001373291016,55.970001220703125,5794100,
2021-03-17,56.150001525878906,56.29999923706055,55.5,55.529998779296875,2021600,
2021-03-18,55.470001220703125,56.13999938964844,55.470001220703125,55.869998931884766,1738800,
2021-03-19,55.75,55.83000183105469,55.2599983215332,55.529998779296875,1162100,
2021-03-22,55.75,55.880001068115234,55.54999923706055,55.63999938964844,2452300,
2021-03-23,54.91999816894531,55.369998931884766,54.84000015258789,55.29999923706055,2293000,
2021-03-24,54.34000015258789,54.810001373291016,54.31999969482422,54.689998626708984,2358300,
2021-03-25,54.61000061035156,54.68000030517578,54.13999938964844,54.310001373291016,1156300,
2021-03-26,55.52000045776367,55.529998779296875,54.83000183105469,54.880001068115234,1318100,
2021-03-29,55.290000915527344,55.380001068115234,54.9900016784668,55.13999938964844,1908300,
2021-03-30,55.25,55.310001373291016,54.970001220703125,55.04999923706055,1647200,
2021-03-31,55.18000030517578,55.38999938964844,55.099998474121094,55.130001068115234,2600900,
2021-04-01,55.91999816894531,55.95000076293945,55.619998931884766,55.68000030517578,1548300,
2021-04-05,56.52000045776367,56.54999923706055,56.18000030517578,56.369998931884766,1245700,
2021-04-06,56.220001220703125,56.33000183105469,56.029998779296875,56.08000183105469,1164400,
2021-04-07,56.0,56.11000061035156,55.869998931884766,55.95000076293945,1515000,
2021-04-08,56.43000030517578,56.52000045776367,56.2599983215332,56.40999984741211,999700,
2021-04-09,56.38999938964844,56.38999938964844,55.880001068115234,56.04999923706055,1777000,
2021-04-12,56.08000183105469,56.13999938964844,55.959999084472656,56.13999938964844,551700,
2021-04-13,56.369998931884766,56.38999938964844,56.08000183105469,56.15999984741211,844100,
2021-04-14,56.459999084472656,56.689998626708984,56.40999984741211,56.52000045776367,1046500,
2021-04-15,56.91999816894531,56.939998626708984,56.77000045776367,56.83000183105469,594100,
2021-04-16,57.2400016784668,57.25,56.970001220703125,57.06999969482422,2282500,
2021-04-19,57.02000045776367,57.25,56.900001525878906,57.22999954223633,2157500,
2021-04-20,56.189998626708984,56.650001525878906,56.06999969482422,56.58000183105469,1063300,
2021-04-21,56.7400016784668,56.75,55.9900016784668,56.060001373291016,2437300,
2021-04-22,56.540000915527344,56.86000061035156,56.400001525878906,56.86000061035156,1402000,
2021-04-23,57.15999984741211,57.25,56.810001373291016,56.81999969482422,816000,
2021-04-26,57.2400016784668,57.279998779296875,57.099998474121094,57.119998931884766,431300,
2021-04-27,57.119998931884766,57.18000030517578,57.0,57.08000183105469,467300,
2021-04-28,57.43000030517578,57.54999923706055,57.150001525878906,57.20000076293945,540400,
2021-04-29,57.36000061035156,57.650001525878906,57.0099983215332,57.58000183105469,992700,
2021-04-30,56.59000015258789,57.0,56.40999984741211,56.939998626708984,924200,
2021-05-03,57.0,57.04999923706055,56.75,56.81999969482422,562100,
2021-05-04,56.25,56.560001373291016,55.900001525878906,56.40999984741211,2302400,
2021-05-05,56.86000061035156,56.959999084472656,56.59000015258789,56.77000045776367,533800,
2021-05-06,57.349998474121094,57.349998474121094,56.810001373291016,56.959999084472656,748000,
2021-05-07,57.97999954223633,58.029998779296875,57.470001220703125,57.5099983215332,1014900,
2021-05-10,57.45000076293945,58.02000045776367,57.400001525878906,58.02000045776367,1140300,
2021-05-11,56.90999984741211,56.9900016784668,56.369998931884766,56.380001068115234,2293600,
2021-05-12,55.790000915527344,56.59000015258789,55.720001220703125,56.36000061035156,2283000,
2021-05-13,56.08000183105469,56.189998626708984,55.709999084472656,55.900001525878906,2838600,
2021-05-14,57.06999969482422,57.11000061035156,56.61000061035156,56.61000061035156,2452000,
2021-05-17,56.970001220703125,57.0,56.650001525878906,56.7400016784668,1426100,
2021-05-18,57.310001373291016,57.56999969482422,57.310001373291016,57.439998626708984,1348500,
2021-05-19,56.880001068115234,57.11000061035156,56.40999984741211,56.560001373291016,1108600,
2021-05-20,57.560001373291016,57.61000061035156,57.16999816894531,57.18000030517578,2123700,
2021-05-21,57.400001525878906,57.689998626708984,57.22999954223633,57.689998626708984,1289500,
2021-05-24,57.779998779296875,57.86000061035156,57.5099983215332,57.59000015258789,793700,
2021-05-25,57.95000076293945,58.15999984741211,57.849998474121094,58.06999969482422,734400,
2021-05-26,58.06999969482422,58.09000015258789,57.90999984741211,57.9900016784668,690800,
2021-05-27,58.130001068115234,58.2599983215332,58.029998779296875,58.16999816894531,1794700,
2021-05-28,58.34000015258789,58.52000045776367,58.220001220703125,58.220001220703125,965400,
2021-06-01,58.900001525878906,59.099998474121094,58.84000015258789,59.099998474121094,1665300,
2021-06-02,59.029998779296875,59.099998474121094,58.849998474121094,58.95000076293945,1130800,
2021-06-03,58.599998474121094,58.7400016784668,58.470001220703125,58.68000030517578,884100,
2021-06-04,59.13999938964844,59.15999984741211,58.959999084472656,59.029998779296875,437600,
2021-06-07,59.13999938964844,59.189998626708984,58.9900016784668,59.13999938964844,804600,
2021-06-08,59.040000915527344,59.16999816894531,58.90999984741211,59.16999816894531,439300,
2021-06-09,58.849998474121094,59.04999923706055,58.83000183105469,59.0,1021500,
2021-06-10,58.540000915527344,58.58000183105469,58.33000183105469,58.40999984741211,1010100,
2021-06-11,58.58000183105469,58.58000183105469,58.36000061035156,58.540000915527344,1314600,
2021-06-14,58.68000030517578,58.689998626708984,58.5099983215332,58.56999969482422,918700,
2021-06-15,58.630001068115234,58.70000076293945,58.4900016784668,58.70000076293945,1723400,
2021-06-16,58.130001068115234,58.70000076293945,57.93000030517578,58.63999938964844,1767500,
2021-06-17,57.93000030517578,58.099998474121094,57.689998626708984,57.93000030517578,1844500,
2021-06-18,56.95000076293945,57.2599983215332,56.91999816894531,57.18000030517578,1021100,
2021-06-21,57.560001373291016,57.630001068115234,57.040000915527344,57.189998626708984,1290400,
2021-06-22,57.54999923706055,57.650001525878906,57.20000076293945,57.310001373291016,1111500,
2021-06-23,57.40999984741211,57.77000045776367,57.34000015258789,57.61000061035156,2277800,
2021-06-24,57.90999984741211,57.939998626708984,57.779998779296875,57.79999923706055,442600,
2021-06-25,58.13999938964844,58.189998626708984,58.0099983215332,58.189998626708984,875200,
2021-06-28,57.90999984741211,58.04999923706055,57.810001373291016,58.04999923706055,1026200,
2021-06-29,57.88999938964844,57.90999984741211,57.7400016784668,57.90999984741211,650600,
2021-06-30,57.5099983215332,57.619998931884766,57.31999969482422,57.459999084472656,1800900,
2021-07-01,57.529998779296875,57.560001373291016,57.27000045776367,57.560001373291016,900000,
2021-07-02,57.560001373291016,57.630001068115234,57.310001373291016,57.4900016784668,392100,
2021-07-06,57.060001373291016,57.470001220703125,56.849998474121094,57.470001220703125,893300,
2021-07-07,57.25,57.400001525878906,56.959999084472656,57.36000061035156,1234200,
2021-07-08,56.34000015258789,56.470001220703125,56.040000915527344,56.22999954223633,2173100,
2021-07-09,57.31999969482422,57.33000183105469,56.869998931884766,56.869998931884766,1021900,
2021-07-12,57.5,57.5,57.209999084472656,57.290000915527344,1602400,
2021-07-13,57.279998779296875,57.4900016784668,57.2400016784668,57.34000015258789,2830300,
2021-07-14,57.41999816894531,57.61000061035156,57.349998474121094,57.58000183105469,896000,
2021-07-15,57.11000061035156,57.290000915527344,56.900001525878906,57.13999938964844,1612400,
2021-07-16,56.59000015258789,57.119998931884766,56.540000915527344,57.06999969482422,1163400,
2021-07-19,55.61000061035156,55.77000045776367,55.33000183105469,55.72999954223633,2095600,
2021-07-20,55.970001220703125,56.08000183105469,55.369998931884766,55.459999084472656,845800,
2021-07-21,56.66999816894531,56.689998626708984,56.130001068115234,56.189998626708984,571000,
2021-07-22,56.7400016784668,56.88999938964844,56.54999923706055,56.88999938964844,391800,
2021-07-23,56.7599983215332,56.84000015258789,56.59000015258789,56.84000015258789,1999500,
2021-07-26,56.470001220703125,56.529998779296875,56.29999923706055,56.29999923706055,811700,
2021-07-27,55.959999084472656,55.97999954223633,55.56999969482422,55.95000076293945,984700,
2021-07-28,56.61000061035156,56.70000076293945,56.08000183105469,56.189998626708984,870400,
2021-07-29,57.02000045776367,57.099998474121094,56.93000030517578,57.06999969482422,4505800,
2021-07-30,56.560001373291016,56.86000061035156,56.470001220703125,56.63999938964844,2164200,
2021-08-02,56.869998931884766,57.15999984741211,56.810001373291016,57.029998779296875,682000,
2021-08-03,57.25,57.25,56.790000915527344,56.9900016784668,866200,
2021-08-04,57.20000076293945,57.5099983215332,57.16999816894531,57.369998931884766,567600,
2021-08-05,57.380001068115234,57.47999954223633,57.31999969482422,57.369998931884766,485500,
2021-08-06,57.09000015258789,57.25,57.0,57.22999954223633,422900,
2021-08-09,57.119998931884766,57.220001220703125,57.04999923706055,57.150001525878906,278800,
2021-08-10,57.2599983215332,57.2599983215332,57.13999938964844,57.25,278800,
2021-08-11,57.54999923706055,57.63999938964844,57.380001068115234,57.63999938964844,2208800,
2021-08-12,57.349998474121094,57.380001068115234,57.15999984741211,57.380001068115234,522400,
2021-08-13,57.5099983215332,57.52000045776367,57.290000915527344,57.41999816894531,987400,
2021-08-16,57.15999984741211,57.16999816894531,56.88999938964844,57.099998474121094,631700,
2021-08-17,56.52000045776367,56.65999984741211,56.25,56.52000045776367,1287700,
2021-08-18,56.380001068115234,56.81999969482422,56.369998931884766,56.61000061035156,1090000,
2021-08-19,55.68000030517578,55.81999969482422,55.470001220703125,55.4900016784668,1462300,
2021-08-20,55.83000183105469,55.86000061035156,55.369998931884766,55.369998931884766,1145000,
2021-08-23,56.459999084472656,56.540000915527344,56.18000030517578,56.209999084472656,2067400,
2021-08-24,56.97999954223633,57.040000915527344,56.70000076293945,56.70000076293945,760600,
2021-08-25,56.97999954223633,57.029998779296875,56.79999923706055,56.849998474121094,404700,
2021-08-26,56.599998474121094,56.79999923706055,56.529998779296875,56.7599983215332,1738600,
2021-08-27,57.18000030517578,57.20000076293945,56.65999984741211,56.689998626708984,739800,
2021-08-30,57.20000076293945,57.2599983215332,57.060001373291016,57.20000076293945,224300,
2021-08-31,57.380001068115234,57.52000045776367,57.33000183105469,57.4900016784668,738500,
2021-09-01,57.95000076293945,58.119998931884766,57.77000045776367,57.79999923706055,1393300,
2021-09-02,58.11000061035156,58.22999954223633,58.029998779296875,58.119998931884766,776100,
2021-09-03,58.36000061035156,58.41999816894531,58.11000061035156,58.209999084472656,470100,
2021-09-07,58.439998626708984,58.560001373291016,58.41999816894531,58.45000076293945,746300,
2021-09-08,57.849998474121094,58.16999816894531,57.75,58.16999816894531,1221000,
2021-09-09,57.75,57.97999954223633,57.650001525878906,57.72999954223633,579000,
2021-09-10,57.619998931884766,58.189998626708984,57.619998931884766,58.15999984741211,1330900,
2021-09-13,57.959999084472656,58.060001373291016,57.79999923706055,58.060001373291016,1130200,
2021-09-14,57.630001068115234,58.060001373291016,57.58000183105469,58.0,1084300,
2021-09-15,57.79999923706055,57.79999923706055,57.41999816894531,57.56999969482422,3282300,
2021-09-16,57.470001220703125,57.540000915527344,57.220001220703125,57.369998931884766,1761800,
2021-09-17,56.880001068115234,57.349998474121094,56.7400016784668,57.27000045776367,2565800,
2021-09-20,55.689998626708984,55.849998474121094,55.20000076293945,55.59000015258789,2248100,
2021-09-21,56.13999938964844,56.40999984741211,56.029998779296875,56.290000915527344,2559500,
2021-09-22,56.599998474121094,57.029998779296875,56.5,56.5099983215332,1391100,
2021-09-23,57.20000076293945,57.279998779296875,56.970001220703125,56.9900016784668,668800,
2021-09-24,56.63999938964844,56.75,56.58000183105469,56.619998931884766,503400,
2021-09-27,56.77000045776367,56.83000183105469,56.470001220703125,56.56999969482422,957600,
2021-09-28,55.65999984741211,56.099998474121094,55.5,56.060001373291016,2774100,
2021-09-29,55.43000030517578,55.810001373291016,55.38999938964844,55.72999954223633,1401100,
2021-09-30,55.40999984741211,55.790000915527344,55.29999923706055,55.630001068115234,2637800,
2021-10-01,55.68000030517578,55.68000030517578,55.040000915527344,55.45000076293945,2180300,
2021-10-04,54.970001220703125,55.31999969482422,54.689998626708984,55.31999969482422,2281100,
2021-10-05,55.31999969482422,55.4900016784668,55.0,55.040000915527344,1279500,
2021-10-06,55.0,55.029998779296875,54.33000183105469,54.5,19630400,
2021-10-07,55.68000030517578,55.84000015258789,55.45000076293945,55.45000076293945,991800,
2021-10-08,55.709999084472656,55.849998474121094,55.630001068115234,55.849998474121094,1078400,
2021-10-11,55.58000183105469,56.040000915527344,55.560001373291016,55.880001068115234,705200,
2021-10-12,55.540000915527344,55.72999954223633,55.47999954223633,55.650001525878906,972800,
2021-10-13,56.15999984741211,56.22999954223633,55.75,55.86000061035156,1078000,
2021-10-14,56.63999938964844,56.68000030517578,56.47999954223633,56.61000061035156,1098300,
2021-10-15,57.11000061035156,57.15999984741211,56.88999938964844,56.91999816894531,670900,
2021-10-18,56.939998626708984,57.02000045776367,56.689998626708984,56.7599983215332,1679400,
2021-10-19,57.400001525878906,57.439998626708984,57.20000076293945,57.2599983215332,1564400,
2021-10-20,57.58000183105469,57.63999938964844,57.400001525878906,57.4900016784668,503300,
2021-10-21,57.25,57.36000061035156,57.15999984741211,57.20000076293945,1018000,
2021-10-22,57.470001220703125,57.68000030517578,57.2400016784668,57.45000076293945,1663100,
2021-10-25,57.4900016784668,57.59000015258789,57.27000045776367,57.45000076293945,771000,
2021-10-26,57.45000076293945,57.779998779296875,57.38999938964844,57.7599983215332,890600,
2021-10-27,57.13999938964844,57.470001220703125,57.13999938964844,57.36000061035156,1853900,
2021-10-28,57.58000183105469,57.59000015258789,57.220001220703125,57.220001220703125,540900,
2021-10-29,57.06999969482422,57.099998474121094,56.90999984741211,57.0099983215332,1525200,
2021-11-01,57.599998474121094,57.650001525878906,57.25,57.27000045776367,1684200,
2021-11-02,57.349998474121094,57.459999084472656,57.31999969482422,57.400001525878906,745200,
2021-11-03,57.7400016784668,57.81999969482422,57.189998626708984,57.33000183105469,769400,
2021-11-04,57.68000030517578,57.709999084472656,57.470001220703125,57.70000076293945,738800,
2021-11-05,57.75,57.77000045776367,57.5099983215332,57.77000045776367,1021100,
2021-11-08,57.91999816894531,57.970001220703125,57.849998474121094,57.939998626708984,1027400,
2021-11-09,57.75,57.97999954223633,57.599998474121094,57.959999084472656,1370900,
2021-11-10,57.209999084472656,57.790000915527344,57.119998931884766,57.65999984741211,972600,
2021-11-11,57.630001068115234,57.75,57.54999923706055,57.61000061035156,921600,
2021-11-12,57.91999816894531,57.93000030517578,57.68000030517578,57.75,504900,
2021-11-15,57.810001373291016,58.08000183105469,57.77000045776367,57.97999954223633,623100,
2021-11-16,57.72999954223633,57.88999938964844,57.720001220703125,57.84000015258789,1154700,
2021-11-17,57.58000183105469,57.689998626708984,57.4900016784668,57.66999816894531,1350300,
2021-11-18,57.439998626708984,57.47999954223633,57.13999938964844,57.41999816894531,1040100,
2021-11-19,57.04999923706055,57.290000915527344,57.029998779296875,57.220001220703125,1336300,
2021-11-22,56.650001525878906,57.099998474121094,56.650001525878906,56.970001220703125,1524000,
2021-11-23,56.619998931884766,56.790000915527344,56.349998474121094,56.560001373291016,1395000,
2021-11-24,56.38999938964844,56.400001525878906,55.939998626708984,56.0,1446400,
2021-11-26,54.79999923706055,55.22999954223633,54.58000183105469,55.209999084472656,2008400,
2021-11-29,55.04999923706055,55.29999923706055,54.79999923706055,55.29999923706055,1471200,
2021-11-30,54.68000030517578,55.150001525878906,54.20000076293945,54.95000076293945,4685400,
2021-12-01,54.40999984741211,55.689998626708984,54.400001525878906,55.38999938964844,3453400,
2021-12-02,55.099998474121094,55.290000915527344,54.790000915527344,54.810001373291016,6226600,
2021-12-03,54.709999084472656,55.279998779296875,54.400001525878906,55.22999954223633,3048700,
2021-12-06,55.220001220703125,55.2599983215332,54.7400016784668,54.91999816894531,2220600,
2021-12-07,56.310001373291016,56.310001373291016,55.88999938964844,55.88999938964844,2693800,
2021-12-08,56.41999816894531,56.470001220703125,56.209999084472656,56.310001373291016,2195100,
2021-12-09,56.0,56.18000030517578,55.95000076293945,56.09000015258789,3259400,
2021-12-10,56.099998474121094,56.13999938964844,55.869998931884766,56.09000015258789,2003800,
2021-12-13,54.599998474121094,54.9900016784668,54.560001373291016,54.970001220703125,3038200,
2021-12-14,54.349998474121094,54.58000183105469,54.13999938964844,54.290000915527344,3595900,
2021-12-15,54.83000183105469,54.84000015258789,54.0099983215332,54.400001525878906,2865400,
2021-12-16,54.88999938964844,55.27000045776367,54.72999954223633,55.16999816894531,3302700,
2021-12-17,54.310001373291016,54.65999984741211,54.27000045776367,54.4900016784668,2047000,
2021-12-20,53.939998626708984,53.939998626708984,53.599998474121094,53.849998474121094,3890400,
2021-12-21,54.66999816894531,54.689998626708984,54.25,54.27000045776367,2032000,
2021-12-22,55.150001525878906,55.15999984741211,54.540000915527344,54.58000183105469,2684800,
2021-12-23,55.470001220703125,55.560001373291016,55.11000061035156,55.11000061035156,2846700,
2021-12-27,55.79999923706055,55.81999969482422,55.439998626708984,55.439998626708984,2495000,
2021-12-28,55.810001373291016,55.93000030517578,55.75,55.84000015258789,1313700,
2021-12-29,55.65999984741211,55.72999954223633,55.529998779296875,55.709999084472656,1327200,
2021-12-30,55.689998626708984,55.81999969482422,55.599998474121094,55.599998474121094,1482500,
2021-12-31,55.599998474121094,55.880001068115234,55.59000015258789,55.689998626708984,2516700,
2022-01-03,55.91999816894531,55.959999084472656,55.61000061035156,55.880001068115234,3154200,
2022-01-04,56.02000045776367,56.25,55.91999816894531,56.189998626708984,1313400,
2022-01-05,55.40999984741211,56.2599983215332,55.40999984741211,56.130001068115234,3377900,
2022-01-06,55.349998474121094,55.59000015258789,55.11000061035156,55.349998474121094,1746800,
2022-01-07,55.599998474121094,55.68000030517578,55.209999084472656,55.380001068115234,1694100,
2022-01-10,55.220001220703125,55.29999923706055,54.779998779296875,55.20000076293945,6468300,
2022-01-11,56.060001373291016,56.060001373291016,55.290000915527344,55.380001068115234,1490000,
2022-01-12,56.70000076293945,56.75,56.38999938964844,56.47999954223633,1203300,
2022-01-13,56.16999816894531,56.790000915527344,56.119998931884766,56.75,1819600,
2022-01-14,56.130001068115234,56.209999084472656,55.77000045776367,55.90999984741211,5381700,
2022-01-18,55.279998779296875,55.58000183105469,55.060001373291016,55.40999984741211,4349500,
2022-01-19,55.34000015258789,55.70000076293945,55.290000915527344,55.59000015258789,2801700,
2022-01-20,55.150001525878906,56.02000045776367,55.150001525878906,55.7599983215332,5681000,
2022-01-21,54.380001068115234,55.130001068115234,54.369998931884766,55.130001068115234,3892000,
2022-01-24,53.779998779296875,53.810001373291016,52.400001525878906,53.5,7097100,
2022-01-25,53.599998474121094,53.93000030517578,52.86000061035156,53.279998779296875,6680700,
2022-01-26,53.20000076293945,54.220001220703125,53.02000045776367,54.11000061035156,5699900,
2022-01-27,52.869998931884766,53.52000045776367,52.72999954223633,53.36000061035156,5245200,
2022-01-28,53.099998474121094,53.099998474121094,52.279998779296875,52.63999938964844,4477700,
2022-01-31,54.18000030517578,54.209999084472656,53.27000045776367,53.29999923706055,3966600,
2022-02-01,54.61000061035156,54.619998931884766,54.04999923706055,54.43000030517578,5633900,
2022-02-02,54.88999938964844,54.9900016784668,54.58000183105469,54.97999954223633,2694300,
2022-02-03,54.09000015258789,54.529998779296875,54.06999969482422,54.29999923706055,3338800,
2022-02-04,54.25,54.4900016784668,53.86000061035156,53.939998626708984,2471100,
2022-02-07,54.310001373291016,54.58000183105469,54.18000030517578,54.20000076293945,2748200,
2022-02-08,54.650001525878906,54.709999084472656,54.189998626708984,54.2599983215332,2140200,
2022-02-09,55.540000915527344,55.540000915527344,55.2400016784668,55.27000045776367,2165900,
2022-02-10,54.95000076293945,55.68000030517578,54.81999969482422,54.869998931884766,3405400,
2022-02-11,54.15999984741211,55.130001068115234,54.0099983215332,54.93000030517578,4234000,
2022-02-14,53.81999969482422,54.0,53.45000076293945,53.959999084472656,6038400,
2022-02-15,54.790000915527344,54.83000183105469,54.400001525878906,54.45000076293945,3918600,
2022-02-16,55.040000915527344,55.15999984741211,54.599998474121094,54.619998931884766,2747100,
2022-02-17,54.2599983215332,54.720001220703125,54.18000030517578,54.650001525878906,2508400,
2022-02-18,53.91999816894531,54.279998779296875,53.7599983215332,54.18000030517578,3655200,
2022-02-22,53.25,53.65999984741211,52.880001068115234,53.36000061035156,4061100,
2022-02-23,52.75,53.709999084472656,52.63999938964844,53.709999084472656,1975900,
2022-02-24,52.0,52.029998779296875,50.560001373291016,50.790000915527344,3562300,
2022-02-25,53.2400016784668,53.25,52.29999923706055,52.369998931884766,4284200,
2022-02-28,52.369998931884766,52.79999923706055,52.02000045776367,52.20000076293945,5771600,
2022-03-01,51.380001068115234,52.33000183105469,51.130001068115234,52.189998626708984,3901600,
2022-03-02,51.93000030517578,52.040000915527344,51.43000030517578,51.61000061035156,2127100,
2022-03-03,51.08000183105469,51.77000045776367,50.939998626708984,51.7400016784668,2615500,
2022-03-04,49.86000061035156,49.970001220703125,49.439998626708984,49.88999938964844,3622700,
2022-03-07,48.2599983215332,49.540000915527344,48.130001068115234,49.540000915527344,3884100,
2022-03-08,48.58000183105469,49.349998474121094,48.04999923706055,48.58000183105469,5231300,
2022-03-09,50.31999969482422,50.5,49.540000915527344,49.66999816894531,3067900,
2022-03-10,49.619998931884766,49.900001525878906,49.33000183105469,49.58000183105469,3301500,
2022-03-11,48.970001220703125,50.040000915527344,48.939998626708984,49.970001220703125,3099100,
2022-03-14,48.849998474121094,49.540000915527344,48.75,49.31999969482422,3482200,
2022-03-15,49.279998779296875,49.33000183105469,48.61000061035156,48.81999969482422,5818600,
2022-03-16,51.5099983215332,51.560001373291016,50.25,50.529998779296875,3336600,
2022-03-17,51.81999969482422,51.880001068115234,51.16999816894531,51.209999084472656,2761400,
2022-03-18,52.38999938964844,52.459999084472656,51.34000015258789,51.369998931884766,3157800,
2022-03-21,51.9900016784668,52.189998626708984,51.70000076293945,52.11000061035156,3147500,
2022-03-22,52.599998474121094,52.65999984741211,52.400001525878906,52.400001525878906,1343000,
2022-03-23,52.04999923706055,52.41999816894531,51.9900016784668,52.04999923706055,1946000,
2022-03-24,52.38999938964844,52.40999984741211,52.02000045776367,52.15999984741211,3786700,
2022-03-25,52.349998474121094,52.349998474121094,51.970001220703125,52.220001220703125,1938800,
2022-03-28,52.279998779296875,52.279998779296875,51.86000061035156,52.11000061035156,4495600,
2022-03-29,53.27000045776367,53.38999938964844,52.869998931884766,53.310001373291016,1843900,
2022-03-30,53.08000183105469,53.349998474121094,52.90999984741211,53.150001525878906,1989100,
2022-03-31,52.27000045776367,52.880001068115234,52.209999084472656,52.70000076293945,3257200,
2022-04-01,52.779998779296875,52.849998474121094,52.439998626708984,52.709999084472656,2231700,
2022-04-04,53.20000076293945,53.22999954223633,52.869998931884766,52.970001220703125,2896800,
2022-04-05,52.459999084472656,53.08000183105469,52.34000015258789,52.9900016784668,2259600,
2022-04-06,51.79999923706055,52.09000015258789,51.54999923706055,51.959999084472656,1664700,
2022-04-07,51.790000915527344,51.95000076293945,51.380001068115234,51.7400016784668,3223500,
2022-04-08,51.83000183105469,52.02000045776367,51.599998474121094,51.689998626708984,1238000,
2022-04-11,51.279998779296875,51.65999984741211,51.220001220703125,51.56999969482422,2508600,
2022-04-12,50.88999938964844,51.529998779296875,50.86000061035156,51.439998626708984,5816700,
2022-04-13,51.529998779296875,51.56999969482422,51.0,51.0,2117900,
2022-04-14,51.189998626708984,51.58000183105469,51.15999984741211,51.529998779296875,3454200,
2022-04-18,50.959999084472656,51.27000045776367,50.86000061035156,51.0,2237400,
2022-04-19,51.02000045776367,51.029998779296875,50.560001373291016,50.650001525878906,3895900,
2022-04-20,51.189998626708984,51.36000061035156,51.060001373291016,51.33000183105469,1796500,
2022-04-21,50.4900016784668,51.599998474121094,50.38999938964844,51.54999923706055,2145300,
2022-04-22,49.720001220703125,50.470001220703125,49.66999816894531,50.380001068115234,4086100,
2022-04-25,49.40999984741211,49.470001220703125,48.75,49.09000015258789,3505400,
2022-04-26,48.13999938964844,49.06999969482422,48.13999938964844,49.04999923706055,3925300,
2022-04-27,48.459999084472656,48.75,48.15999984741211,48.38999938964844,5559900,
2022-04-28,49.20000076293945,49.279998779296875,48.36000061035156,48.79999923706055,3516700,
2022-04-29,48.77000045776367,49.81999969482422,48.72999954223633,49.529998779296875,3416400,
2022-05-02,48.63999938964844,48.83000183105469,48.08000183105469,48.630001068115234,4548500,
2022-05-03,49.029998779296875,49.18000030517578,48.83000183105469,48.9900016784668,3614000,
2022-05-04,49.81999969482422,49.939998626708984,48.45000076293945,48.939998626708984,6393800,
2022-05-05,48.189998626708984,49.09000015258789,47.79999923706055,49.040000915527344,4268000,
2022-05-06,47.65999984741211,47.970001220703125,47.369998931884766,47.81999969482422,5241700,
2022-05-09,46.209999084472656,46.90999984741211,46.130001068115234,46.810001373291016,4774400,
2022-05-10,46.470001220703125,47.02000045776367,46.11000061035156,46.959999084472656,5310700,
2022-05-11,46.189998626708984,47.20000076293945,46.15999984741211,46.650001525878906,7305100,
2022-05-12,46.02000045776367,46.43000030517578,45.599998474121094,45.869998931884766,3435800,
2022-05-13,47.290000915527344,47.31999969482422,46.61000061035156,46.61000061035156,2360300,
2022-05-16,47.33000183105469,47.54999923706055,46.939998626708984,47.11000061035156,3061200,
2022-05-17,48.279998779296875,48.290000915527344,47.90999984741211,48.20000076293945,3148400,
2022-05-18,47.13999938964844,47.97999954223633,47.04999923706055,47.93000030517578,2526000,
2022-05-19,47.68000030517578,47.939998626708984,47.060001373291016,47.13999938964844,6036300,
2022-05-20,47.970001220703125,48.29999923706055,47.33000183105469,48.2400016784668,3557300,
2022-05-23,48.650001525878906,48.75,48.2599983215332,48.400001525878906,3417400,
2022-05-24,48.349998474121094,48.43000030517578,47.939998626708984,48.310001373291016,2852700,
2022-05-25,48.400001525878906,48.59000015258789,47.959999084472656,48.060001373291016,2420600,
2022-05-26,49.02000045776367,49.130001068115234,48.41999816894531,48.439998626708984,2773100,
2022-05-27,49.630001068115234,49.63999938964844,49.290000915527344,49.369998931884766,3407900,
2022-05-31,49.650001525878906,50.02000045776367,49.619998931884766,49.880001068115234,2672400,
2022-06-01,49.209999084472656,49.970001220703125,49.029998779296875,49.95000076293945,1532800,
2022-06-02,50.16999816894531,50.189998626708984,49.369998931884766,49.43000030517578,1556800,
2022-06-03,49.41999816894531,49.70000076293945,49.31999969482422,49.61000061035156,3044000,
2022-06-06,49.61000061035156,50.130001068115234,49.52000045776367,50.060001373291016,2845700,
2022-06-07,49.81999969482422,49.81999969482422,49.18000030517578,49.18000030517578,2361000,
2022-06-08,49.41999816894531,49.72999954223633,49.33000183105469,49.529998779296875,1589600,
2022-06-09,47.5099983215332,48.36000061035156,47.5099983215332,48.209999084472656,3031400,
2022-06-10,46.540000915527344,46.91999816894531,46.43000030517578,46.88999938964844,3599700,
2022-06-13,44.93000030517578,45.56999969482422,44.849998474121094,45.380001068115234,5306500,
2022-06-14,44.880001068115234,45.2599983215332,44.540000915527344,45.09000015258789,5789500,
2022-06-15,45.630001068115234,45.88999938964844,44.77000045776367,45.29999923706055,5533800,
2022-06-16,44.470001220703125,44.7599983215332,44.20000076293945,44.38999938964844,5228800,
2022-06-17,44.36000061035156,44.72999954223633,44.06999969482422,44.54999923706055,5664800,
2022-06-21,45.099998474121094,45.29999923706055,45.04999923706055,45.11000061035156,3958900,
2022-06-22,44.599998474121094,44.95000076293945,44.369998931884766,44.45000076293945,3506900,
2022-06-23,44.540000915527344,44.70000076293945,44.11000061035156,44.560001373291016,2855400,
2022-06-24,45.7599983215332,45.7599983215332,45.060001373291016,45.099998474121094,2051300,
2022-06-27,45.689998626708984,45.959999084472656,45.61000061035156,45.810001373291016,4339300,
2022-06-28,45.41999816894531,46.189998626708984,45.380001068115234,46.04999923706055,2943100,
2022-06-29,45.20000076293945,45.5,45.15999984741211,45.470001220703125,2658700,
2022-06-30,45.0,45.02000045776367,44.2599983215332,44.47999954223633,2276800,
2022-07-01,44.970001220703125,44.970001220703125,44.22999954223633,44.45000076293945,1634800,
2022-07-05,44.20000076293945,44.209999084472656,43.540000915527344,43.81999969482422,2442500,
2022-07-06,44.11000061035156,44.220001220703125,43.7599983215332,44.04999923706055,3170400,
2022-07-07,44.880001068115234,44.88999938964844,44.540000915527344,44.54999923706055,1620300,
2022-07-08,44.90999984741211,45.04999923706055,44.54999923706055,44.77000045776367,2264800,
2022-07-11,44.029998779296875,44.290000915527344,43.97999954223633,44.25,2352100,
2022-07-12,43.95000076293945,44.27000045776367,43.84000015258789,43.91999816894531,2143400,
2022-07-13,43.88999938964844,44.08000183105469,43.36000061035156,43.36000061035156,2420800,
2022-07-14,43.310001373291016,43.36000061035156,42.7599983215332,43.119998931884766,2901300,
2022-07-15,43.869998931884766,43.869998931884766,43.29999923706055,43.5099983215332,4647100,
2022-07-18,44.099998474121094,44.63999938964844,44.0099983215332,44.459999084472656,2903500,
2022-07-19,45.130001068115234,45.16999816894531,44.72999954223633,44.77000045776367,2014100,
2022-07-20,44.880001068115234,45.13999938964844,44.709999084472656,45.08000183105469,2432700,
2022-07-21,45.400001525878906,45.40999984741211,44.849998474121094,44.849998474121094,1480700,
2022-07-22,45.11000061035156,45.66999816894531,44.95000076293945,45.459999084472656,2342300,
2022-07-25,45.43000030517578,45.459999084472656,45.209999084472656,45.38999938964844,2290200,
2022-07-26,44.88999938964844,45.27000045776367,44.880001068115234,45.20000076293945,2050400,
2022-07-27,45.869998931884766,45.95000076293945,45.18000030517578,45.31999969482422,2436200,
2022-07-28,46.099998474121094,46.18000030517578,45.5099983215332,45.81999969482422,1414500,
2022-07-29,46.52000045776367,46.52000045776367,45.869998931884766,46.0099983215332,1967900,
2022-08-01,46.36000061035156,46.619998931884766,46.13999938964844,46.29999923706055,3057700,
2022-08-02,45.790000915527344,46.279998779296875,45.790000915527344,46.0,1447300,
2022-08-03,46.11000061035156,46.189998626708984,45.720001220703125,45.9900016784668,1193100,
2022-08-04,46.36000061035156,46.43000030517578,46.150001525878906,46.220001220703125,1423400,
2022-08-05,46.09000015258789,46.150001525878906,45.81999969482422,45.83000183105469,1074600,
2022-08-08,46.20000076293945,46.58000183105469,46.150001525878906,46.38999938964844,2541600,
2022-08-09,45.9900016784668,46.290000915527344,45.900001525878906,46.22999954223633,1911500,
2022-08-10,46.90999984741211,46.9900016784668,46.59000015258789,46.720001220703125,1749600,
2022-08-11,46.959999084472656,47.41999816894531,46.869998931884766,47.150001525878906,4552400,
2022-08-12,47.36000061035156,47.36000061035156,46.90999984741211,47.0,1600800,
2022-08-15,47.08000183105469,47.119998931884766,46.869998931884766,46.95000076293945,1716000,
2022-08-16,47.099998474121094,47.18000030517578,46.84000015258789,46.88999938964844,1002800,
2022-08-17,46.75,47.0099983215332,46.540000915527344,46.72999954223633,3335100,
2022-08-18,46.59000015258789,46.70000076293945,46.43000030517578,46.68000030517578,940000,
2022-08-19,45.93000030517578,46.209999084472656,45.849998474121094,46.18000030517578,1582300,
2022-08-22,45.290000915527344,45.540000915527344,45.22999954223633,45.540000915527344,2196900,
2022-08-23,45.41999816894531,45.70000076293945,45.22999954223633,45.33000183105469,1455900,
2022-08-24,45.459999084472656,45.650001525878906,45.15999984741211,45.18000030517578,1290500,
2022-08-25,46.09000015258789,46.099998474121094,45.61000061035156,45.689998626708984,1792100,
2022-08-26,45.040000915527344,46.25,45.02000045776367,46.20000076293945,2196000,
2022-08-29,44.869998931884766,45.130001068115234,44.79999923706055,44.869998931884766,2630300,
2022-08-30,44.459999084472656,45.13999938964844,44.36000061035156,45.06999969482422,2294400,
2022-08-31,44.27000045776367,44.72999954223633,44.27000045776367,44.560001373291016,3783300,
2022-09-01,43.790000915527344,43.79999923706055,43.31999969482422,43.75,2890800,
2022-09-02,43.5,44.31999969482422,43.38999938964844,44.04999923706055,2732200,
2022-09-06,43.25,43.63999938964844,43.150001525878906,43.59000015258789,2843100,
2022-09-07,43.619998931884766,43.650001525878906,42.93000030517578,42.93000030517578,2357700,
2022-09-08,43.63999938964844,43.66999816894531,43.099998474121094,43.20000076293945,2155400,
2022-09-09,44.61000061035156,44.630001068115234,44.349998474121094,44.380001068115234,2007400,
2022-09-12,45.2400016784668,45.349998474121094,45.04999923706055,45.130001068115234,2156300,
2022-09-13,43.70000076293945,44.59000015258789,43.65999984741211,44.290000915527344,3225900,
2022-09-14,43.88999938964844,44.04999923706055,43.65999984741211,43.86000061035156,1984100,
2022-09-15,43.4900016784668,43.95000076293945,43.41999816894531,43.56999969482422,3471400,
2022-09-16,43.150001525878906,43.29999923706055,42.91999816894531,43.09000015258789,1983500,
2022-09-19,43.349998474121094,43.380001068115234,42.709999084472656,42.709999084472656,3011700,
2022-09-20,42.72999954223633,42.959999084472656,42.529998779296875,42.900001525878906,2277800,
2022-09-21,42.130001068115234,42.959999084472656,42.099998474121094,42.68000030517578,2470900,
2022-09-22,41.959999084472656,42.279998779296875,41.790000915527344,42.2599983215332,2803300,
2022-09-23,40.709999084472656,41.08000183105469,40.43000030517578,41.04999923706055,4412600,
2022-09-26,40.11000061035156,40.66999816894531,39.95000076293945,40.38999938964844,3283700,
2022-09-27,39.970001220703125,40.56999969482422,39.7400016784668,40.380001068115234,3215100,
2022-09-28,40.790000915527344,40.88999938964844,39.77000045776367,39.880001068115234,3924600,
2022-09-29,40.11000061035156,40.209999084472656,39.650001525878906,40.150001525878906,5606800,
2022-09-30,40.0099983215332,40.470001220703125,39.939998626708984,39.9900016784668,2950600,
2022-10-03,40.84000015258789,40.95000076293945,40.22999954223633,40.349998474121094,4236800,
2022-10-04,42.380001068115234,42.40999984741211,41.779998779296875,41.779998779296875,2591200,
2022-10-05,42.040000915527344,42.209999084472656,41.540000915527344,41.84000015258789,2228900,
2022-10-06,41.38999938964844,41.84000015258789,41.34000015258789,41.689998626708984,3034800,
2022-10-07,40.650001525878906,41.18000030517578,40.529998779296875,41.099998474121094,2042500,
2022-10-10,40.31999969482422,40.599998474121094,40.11000061035156,40.599998474121094,2946700,
2022-10-11,39.81999969482422,40.400001525878906,39.68000030517578,40.02000045776367,1862600,
2022-10-12,39.689998626708984,39.900001525878906,39.59000015258789,39.7599983215332,2749400,
2022-10-13,40.380001068115234,40.54999923706055,38.810001373291016,38.90999984741211,5567600,
2022-10-14,39.720001220703125,40.70000076293945,39.70000076293945,40.54999923706055,3463200,
2022-10-17,40.72999954223633,40.88999938964844,40.54999923706055,40.560001373291016,3889000,
2022-10-18,40.939998626708984,41.310001373291016,40.619998931884766,41.2599983215332,2967800,
2022-10-19,40.33000183105469,40.65999984741211,40.130001068115234,40.5,3975600,
2022-10-20,40.38999938964844,40.9900016784668,40.29999923706055,40.459999084472656,2448700,
2022-10-21,41.099998474121094,41.119998931884766,39.970001220703125,40.11000061035156,3400900,
2022-10-24,40.61000061035156,40.7599983215332,40.27000045776367,40.59000015258789,4979300,
2022-10-25,41.380001068115234,41.40999984741211,40.81999969482422,40.86000061035156,1978900,
2022-10-26,41.86000061035156,42.15999984741211,41.349998474121094,41.380001068115234,2837600,
2022-10-27,41.52000045776367,42.040000915527344,41.5,41.720001220703125,3002100,
2022-10-28,41.7599983215332,41.77000045776367,41.209999084472656,41.290000915527344,4419100,
2022-10-31,41.41999816894531,41.52000045776367,41.279998779296875,41.33000183105469,4500100,
2022-11-01,41.869998931884766,42.34000015258789,41.720001220703125,42.31999969482422,2432700,
2022-11-02,41.310001373291016,42.459999084472656,41.310001373291016,41.95000076293945,3339000,
2022-11-03,41.150001525878906,41.310001373291016,40.79999923706055,40.79999923706055,2553500,
2022-11-04,42.790000915527344,42.84000015258789,42.16999816894531,42.470001220703125,4529600,
2022-11-07,42.88999938964844,43.029998779296875,42.7400016784668,43.0,2352200,
2022-11-08,43.33000183105469,43.54999923706055,42.9900016784668,43.11000061035156,4096800,
2022-11-09,42.63999938964844,43.279998779296875,42.63999938964844,43.0099983215332,2202300,
2022-11-10,44.810001373291016,44.810001373291016,44.02000045776367,44.220001220703125,3530000,
2022-11-11,45.709999084472656,45.79999923706055,45.16999816894531,45.34000015258789,3729000,
2022-11-14,45.310001373291016,45.650001525878906,45.290000915527344,45.38999938964844,3481100,
2022-11-15,45.779998779296875,46.25,45.43000030517578,46.22999954223633,3644700,
2022-11-16,45.4900016784668,45.790000915527344,45.38999938964844,45.72999954223633,2670900,
2022-11-17,45.5099983215332,45.540000915527344,44.790000915527344,44.810001373291016,2503200,
2022-11-18,45.45000076293945,45.630001068115234,45.310001373291016,45.58000183105469,1820900,
2022-11-21,45.11000061035156,45.13999938964844,44.849998474121094,45.11000061035156,5410500,
2022-11-22,45.599998474121094,45.619998931884766,45.220001220703125,45.279998779296875,2624000,
2022-11-23,46.040000915527344,46.099998474121094,45.650001525878906,45.650001525878906,2032800,
2022-11-25,46.150001525878906,46.25,46.02000045776367,46.09000015258789,1455600,
2022-11-28,45.65999984741211,46.20000076293945,45.61000061035156,45.91999816894531,3000800,
2022-11-29,45.9900016784668,46.209999084472656,45.86000061035156,45.9900016784668,1492500,
2022-11-30,46.959999084472656,47.119998931884766,46.119998931884766,46.5,4130100,
2022-12-01,47.22999954223633,47.459999084472656,47.0,47.38999938964844,1718400,
2022-12-02,47.220001220703125,47.369998931884766,46.79999923706055,46.810001373291016,2660400,
2022-12-05,46.56999969482422,47.20000076293945,46.47999954223633,47.13999938964844,3040500,
2022-12-06,46.380001068115234,46.7599983215332,46.22999954223633,46.65999984741211,1848800,
2022-12-07,46.29999923706055,46.47999954223633,46.13999938964844,46.29999923706055,2049400,
2022-12-08,46.63999938964844,46.689998626708984,46.33000183105469,46.40999984741211,2866900,
2022-12-09,46.560001373291016,46.939998626708984,46.54999923706055,46.7400016784668,1741400,
2022-12-12,46.68000030517578,46.68000030517578,46.290000915527344,46.560001373291016,4926400,
2022-12-13,46.7599983215332,47.470001220703125,46.630001068115234,47.38999938964844,3566300,
2022-12-14,46.75,47.099998474121094,46.43000030517578,46.880001068115234,2838000,
2022-12-15,45.619998931884766,46.29999923706055,45.47999954223633,46.2599983215332,3528700,
2022-12-16,45.349998474121094,45.58000183105469,45.189998626708984,45.40999984741211,1870000,
2022-12-19,45.27000045776367,45.560001373291016,45.150001525878906,45.560001373291016,2569400,
2022-12-20,45.400001525878906,45.59000015258789,45.2400016784668,45.34000015258789,1986900,
2022-12-21,45.880001068115234,45.959999084472656,45.540000915527344,45.61000061035156,2459700,
2022-12-22,45.459999084472656,45.709999084472656,45.09000015258789,45.709999084472656,2235300,
2022-12-23,45.59000015258789,45.65999984741211,45.29999923706055,45.43000030517578,2210900,
2022-12-27,45.880001068115234,46.029998779296875,45.72999954223633,45.7599983215332,4409000,
2022-12-28,45.31999969482422,46.0,45.31999969482422,45.90999984741211,2897900,
2022-12-29,46.0099983215332,46.099998474121094,45.7599983215332,45.79999923706055,2984800,
2022-12-30,45.5,45.900001525878906,45.43000030517578,45.7400016784668,2262900,
2023-01-03,45.79999923706055,46.29999923706055,45.66999816894531,45.95000076293945,3331200,
2023-01-04,46.70000076293945,46.77000045776367,46.2400016784668,46.5099983215332,1686000,
2023-01-05,46.29999923706055,46.459999084472656,46.18000030517578,46.2400016784668,2793000,
2023-01-06,47.38999938964844,47.43000030517578,46.33000183105469,46.56999969482422,1755000,
2023-01-09,47.619998931884766,48.08000183105469,47.619998931884766,47.810001373291016,4157800,
2023-01-10,47.84000015258789,47.84000015258789,47.5,47.68000030517578,1368800,
2023-01-11,48.15999984741211,48.16999816894531,47.869998931884766,47.9900016784668,1193300,
2023-01-12,48.720001220703125,48.810001373291016,47.9900016784668,48.47999954223633,1440800,
2023-01-13,49.040000915527344,49.06999969482422,48.54999923706055,48.54999923706055,3858900,
2023-01-17,49.04999923706055,49.2400016784668,48.939998626708984,49.11000061035156,3376000,
2023-01-18,48.81999969482422,49.630001068115234,48.810001373291016,49.59000015258789,3446900,
2023-01-19,48.88999938964844,48.9900016784668,48.619998931884766,48.790000915527344,1598500,
2023-01-20,49.38999938964844,49.38999938964844,48.810001373291016,48.959999084472656,1407800,
2023-01-23,49.650001525878906,49.720001220703125,49.2599983215332,49.27000045776367,2874700,
2023-01-24,49.619998931884766,49.70000076293945,49.279998779296875,49.400001525878906,1419900,
2023-01-25,49.81999969482422,49.849998474121094,49.310001373291016,49.459999084472656,1759700,
2023-01-26,50.029998779296875,50.06999969482422,49.650001525878906,50.0,1000600,
2023-01-27,49.900001525878906,50.0099983215332,49.68000030517578,49.79999923706055,1172400,
2023-01-30,49.349998474121094,49.7400016784668,49.349998474121094,49.58000183105469,3036000,
2023-01-31,49.560001373291016,49.56999969482422,49.060001373291016,49.150001525878906,1768000,
2023-02-01,50.0099983215332,50.209999084472656,49.22999954223633,49.59000015258789,2347300,
2023-02-02,49.880001068115234,50.150001525878906,49.619998931884766,50.150001525878906,1523300,
2023-02-03,49.290000915527344,49.7400016784668,49.220001220703125,49.40999984741211,1356200,
2023-02-06,48.75,48.86000061035156,48.47999954223633,48.77000045776367,2403000,
2023-02-07,49.130001068115234,49.189998626708984,48.47999954223633,48.61000061035156,1801800,
2023-02-08,48.880001068115234,49.150001525878906,48.77000045776367,49.130001068115234,997800,
2023-02-09,48.9900016784668,49.599998474121094,48.880001068115234,49.599998474121094,1032400,
2023-02-10,48.7599983215332,48.83000183105469,48.560001373291016,48.779998779296875,711600,
2023-02-13,49.20000076293945,49.22999954223633,48.779998779296875,48.869998931884766,962800,
2023-02-14,49.22999954223633,49.459999084472656,48.81999969482422,48.93000030517578,2716800,
2023-02-15,48.97999954223633,48.97999954223633,48.560001373291016,48.59000015258789,834500,
2023-02-16,48.77000045776367,49.04999923706055,48.52000045776367,48.61000061035156,856900,
2023-02-17,48.689998626708984,48.72999954223633,48.34000015258789,48.470001220703125,1213400,
2023-02-21,48.119998931884766,48.5,48.08000183105469,48.34000015258789,1323800,
2023-02-22,47.84000015258789,48.11000061035156,47.7400016784668,48.08000183105469,1902000,
2023-02-23,48.08000183105469,48.220001220703125,47.689998626708984,48.20000076293945,1842600,
2023-02-24,47.22999954223633,47.380001068115234,47.04999923706055,47.220001220703125,1961900,
2023-02-27,47.709999084472656,47.849998474121094,47.59000015258789,47.68000030517578,962300,
2023-02-28,47.31999969482422,47.68000030517578,47.31999969482422,47.54999923706055,3144100,
2023-03-01,47.810001373291016,48.0099983215332,47.66999816894531,47.95000076293945,1145400,
2023-03-02,47.95000076293945,48.02000045776367,47.5099983215332,47.52000045776367,783600,
2023-03-03,48.540000915527344,48.599998474121094,48.08000183105469,48.150001525878906,843600,
2023-03-06,48.43000030517578,48.650001525878906,48.380001068115234,48.4900016784668,648800,
2023-03-07,47.61000061035156,48.34000015258789,47.54999923706055,48.34000015258789,876900,
2023-03-08,47.79999923706055,47.95000076293945,47.619998931884766,47.68000030517578,2351900,
2023-03-09,47.220001220703125,47.880001068115234,47.16999816894531,47.779998779296875,1289300,
2023-03-10,46.790000915527344,47.380001068115234,46.75,47.220001220703125,3023500,
2023-03-13,46.599998474121094,46.97999954223633,46.33000183105469,46.43000030517578,2343800,
2023-03-14,47.060001373291016,47.11000061035156,46.7400016784668,46.91999816894531,1905700,
2023-03-15,45.790000915527344,45.849998474121094,45.25,45.560001373291016,2802900,
2023-03-16,46.4900016784668,46.5,45.560001373291016,45.59000015258789,2445000,
2023-03-17,46.040000915527344,46.27000045776367,45.849998474121094,46.2400016784668,989900,
2023-03-20,46.58000183105469,46.66999816894531,46.27000045776367,46.31999969482422,2698400,
2023-03-21,47.16999816894531,47.2599983215332,46.939998626708984,47.13999938964844,2173100,
2023-03-22,47.11000061035156,47.900001525878906,47.099998474121094,47.349998474121094,1478400,
2023-03-23,47.2599983215332,47.93000030517578,47.06999969482422,47.65999984741211,1786100,
2023-03-24,47.150001525878906,47.16999816894531,46.720001220703125,46.849998474121094,1773100,
2023-03-27,47.400001525878906,47.43000030517578,47.150001525878906,47.29999923706055,1141700,
2023-03-28,47.619998931884766,47.689998626708984,47.459999084472656,47.4900016784668,943400,
2023-03-29,48.060001373291016,48.11000061035156,47.900001525878906,47.9900016784668,1185600,
2023-03-30,48.61000061035156,48.65999984741211,48.4900016784668,48.58000183105469,1095200,
2023-03-31,48.77000045776367,48.86000061035156,48.65999984741211,48.7400016784668,1805300,
2023-04-03,49.119998931884766,49.13999938964844,48.790000915527344,48.849998474121094,2508400,
2023-04-04,49.11000061035156,49.25,48.939998626708984,49.119998931884766,799500,
2023-04-05,48.77000045776367,48.9900016784668,48.61000061035156,48.939998626708984,1808900,
2023-04-06,48.970001220703125,49.08000183105469,48.65999984741211,48.7599983215332,465100,
2023-04-10,49.0099983215332,49.02000045776367,48.619998931884766,48.619998931884766,2003800,
2023-04-11,49.20000076293945,49.290000915527344,49.130001068115234,49.13999938964844,1208900,
2023-04-12,49.310001373291016,49.599998474121094,49.22999954223633,49.59000015258789,866400,
2023-04-13,49.9900016784668,50.02000045776367,49.72999954223633,49.75,1085500,
2023-04-14,49.77000045776367,50.040000915527344,49.560001373291016,49.880001068115234,955600,
2023-04-17,49.779998779296875,49.79999923706055,49.540000915527344,49.7599983215332,1712500,
2023-04-18,49.95000076293945,50.029998779296875,49.83000183105469,49.959999084472656,954200,
2023-04-19,49.689998626708984,49.7400016784668,49.58000183105469,49.58000183105469,652400,
2023-04-20,49.66999816894531,49.81999969482422,49.529998779296875,49.54999923706055,1250500,
2023-04-21,49.65999984741211,49.70000076293945,49.349998474121094,49.54999923706055,1193100,
2023-04-24,49.720001220703125,49.72999954223633,49.59000015258789,49.630001068115234,661000,
2023-04-25,48.959999084472656,49.400001525878906,48.95000076293945,49.349998474121094,778600,
2023-04-26,48.9900016784668,49.31999969482422,48.95000076293945,49.279998779296875,959400,
2023-04-27,49.61000061035156,49.63999938964844,49.189998626708984,49.2400016784668,812600,
2023-04-28,49.68000030517578,49.70000076293945,49.31999969482422,49.31999969482422,3919100,
2023-05-01,49.59000015258789,49.869998931884766,49.56999969482422,49.709999084472656,851800,
2023-05-02,49.09000015258789,49.189998626708984,48.79999923706055,49.18000030517578,1363300,
2023-05-03,49.130001068115234,49.5,49.119998931884766,49.22999954223633,701400,
2023-05-04,49.16999816894531,49.33000183105469,49.04999923706055,49.130001068115234,884100,
2023-05-05,49.93000030517578,50.0099983215332,49.400001525878906,49.459999084472656,2292900,
2023-05-08,49.970001220703125,50.119998931884766,49.869998931884766,50.06999969482422,542900,
2023-05-09,49.720001220703125,49.790000915527344,49.5099983215332,49.54999923706055,1174600,
2023-05-10,49.66999816894531,49.79999923706055,49.349998474121094,49.77000045776367,1143100,
2023-05-11,49.47999954223633,49.47999954223633,49.130001068115234,49.34000015258789,2081200,
2023-05-12,49.25,49.5099983215332,49.099998474121094,49.5099983215332,1132300,
2023-05-15,49.790000915527344,49.790000915527344,49.439998626708984,49.4900016784668,713100,
2023-05-16,49.31999969482422,49.619998931884766,49.279998779296875,49.5099983215332,678500,
2023-05-17,49.529998779296875,49.560001373291016,49.18000030517578,49.400001525878906,858000,
2023-05-18,49.41999816894531,49.43000030517578,49.13999938964844,49.43000030517578,1716100,
2023-05-19,49.59000015258789,49.70000076293945,49.4900016784668,49.619998931884766,1268300,
2023-05-22,49.709999084472656,49.81999969482422,49.66999816894531,49.70000076293945,561000,
2023-05-23,49.0,49.369998931884766,48.9900016784668,49.349998474121094,1747000,
2023-05-24,48.36000061035156,48.68000030517578,48.34000015258789,48.619998931884766,1249500,
2023-05-25,48.2599983215332,48.380001068115234,48.099998474121094,48.369998931884766,1016400,
2023-05-26,48.849998474121094,48.880001068115234,48.5099983215332,48.5099983215332,552400,
2023-05-30,48.33000183105469,48.72999954223633,48.209999084472656,48.70000076293945,822400,
2023-05-31,47.81999969482422,47.939998626708984,47.52000045776367,47.90999984741211,2478400,
2023-06-01,48.61000061035156,48.63999938964844,48.029998779296875,48.060001373291016,1430900,
2023-06-02,49.33000183105469,49.380001068115234,49.20000076293945,49.29999923706055,1188900,
2023-06-05,49.099998474121094,49.29999923706055,49.08000183105469,49.2599983215332,1388800,
2023-06-06,49.529998779296875,49.56999969482422,49.13999938964844,49.18000030517578,1208700,
2023-06-07,48.380001068115234,48.810001373291016,48.33000183105469,48.599998474121094,1416300,
2023-06-08,48.81999969482422,48.849998474121094,48.5,48.540000915527344,1087500,
2023-06-09,48.84000015258789,48.97999954223633,48.7599983215332,48.869998931884766,945500,
2023-06-12,49.0,49.029998779296875,48.849998474121094,48.970001220703125,859100,
2023-06-13,49.4900016784668,49.58000183105469,49.380001068115234,49.47999954223633,2288900,
2023-06-14,49.68000030517578,49.880001068115234,49.40999984741211,49.689998626708984,1210700,
2023-06-15,50.20000076293945,50.209999084472656,49.72999954223633,49.77000045776367,1341400,
2023-06-16,50.06999969482422,50.369998931884766,50.04999923706055,50.36000061035156,1210800,
2023-06-20,49.29999923706055,49.540000915527344,49.220001220703125,49.52000045776367,1501800,
2023-06-21,49.33000183105469,49.470001220703125,49.150001525878906,49.16999816894531,900000,
2023-06-22,49.060001373291016,49.11000061035156,48.939998626708984,48.95000076293945,781800,
2023-06-23,48.31999969482422,48.43000030517578,48.22999954223633,48.310001373291016,2440300,
2023-06-26,48.45000076293945,48.54999923706055,48.380001068115234,48.380001068115234,763500,
2023-06-27,48.880001068115234,48.90999984741211,48.52000045776367,48.66999816894531,618700,
2023-06-28,48.83000183105469,48.880001068115234,48.66999816894531,48.7599983215332,638700,
2023-06-29,48.72999954223633,48.72999954223633,48.540000915527344,48.56999969482422,2008800,
2023-06-30,49.220001220703125,49.31999969482422,49.06999969482422,49.13999938964844,1790300,
2023-07-03,49.41999816894531,49.52000045776367,49.349998474121094,49.349998474121094,760600,
2023-07-05,48.91999816894531,49.099998474121094,48.86000061035156,49.099998474121094,917600,
2023-07-06,48.029998779296875,48.220001220703125,47.779998779296875,48.209999084472656,2759300,
2023-07-07,48.470001220703125,48.66999816894531,48.09000015258789,48.099998474121094,3119400,
2023-07-10,48.560001373291016,48.56999969482422,48.279998779296875,48.31999969482422,1441900,
2023-07-11,49.0099983215332,49.0099983215332,48.650001525878906,48.79999923706055,530800,
2023-07-12,49.970001220703125,50.0099983215332,49.61000061035156,49.630001068115234,2133800,
2023-07-13,50.7400016784668,50.790000915527344,50.470001220703125,50.47999954223633,1366200,
2023-07-14,50.40999984741211,50.70000076293945,50.38999938964844,50.70000076293945,1910600,
2023-07-17,50.41999816894531,50.439998626708984,50.11000061035156,50.16999816894531,1495500,
2023-07-18,50.540000915527344,50.630001068115234,50.310001373291016,50.38999938964844,320200,
2023-07-19,50.58000183105469,50.720001220703125,50.470001220703125,50.61000061035156,4063100,
2023-07-20,50.33000183105469,50.58000183105469,50.25,50.47999954223633,1293900,
2023-07-21,50.349998474121094,50.459999084472656,50.290000915527344,50.41999816894531,1787000,
2023-07-24,50.4900016784668,50.61000061035156,50.25,50.29999923706055,700700,
2023-07-25,50.66999816894531,50.75,50.599998474121094,50.599998474121094,1191400,
2023-07-26,50.810001373291016,50.959999084472656,50.38999938964844,50.38999938964844,883600,
2023-07-27,50.529998779296875,51.130001068115234,50.4900016784668,51.130001068115234,982700,
2023-07-28,51.13999938964844,51.290000915527344,51.0,51.11000061035156,2413000,
2023-07-31,51.150001525878906,51.29999923706055,51.099998474121094,51.15999984741211,1452200,
2023-08-01,50.52000045776367,50.790000915527344,50.43000030517578,50.70000076293945,1092000,
2023-08-02,49.4900016784668,49.869998931884766,49.43000030517578,49.83000183105469,1605200,
2023-08-03,49.45000076293945,49.59000015258789,49.22999954223633,49.290000915527344,569700,
2023-08-04,49.529998779296875,50.02000045776367,49.4900016784668,49.66999816894531,958600,
2023-08-07,49.790000915527344,49.810001373291016,49.52000045776367,49.77000045776367,703800,
2023-08-08,49.400001525878906,49.43000030517578,49.029998779296875,49.209999084472656,789500,
2023-08-09,49.439998626708984,49.630001068115234,49.31999969482422,49.560001373291016,1800800,
2023-08-10,49.61000061035156,50.20000076293945,49.540000915527344,49.91999816894531,856900,
2023-08-11,49.16999816894531,49.349998474121094,49.06999969482422,49.15999984741211,889000,
2023-08-14,48.95000076293945,49.0,48.54999923706055,48.7400016784668,1106000,
2023-08-15,48.31999969482422,48.689998626708984,48.25,48.689998626708984,508700,
2023-08-16,47.91999816894531,48.31999969482422,47.91999816894531,48.099998474121094,2311900,
2023-08-17,47.7400016784668,48.2599983215332,47.66999816894531,48.20000076293945,918900,
2023-08-18,47.619998931884766,47.709999084472656,47.31999969482422,47.349998474121094,1068300,
2023-08-21,47.790000915527344,47.83000183105469,47.5099983215332,47.650001525878906,962400,
2023-08-22,47.689998626708984,48.0,47.650001525878906,48.0,704400,
2023-08-23,48.25,48.33000183105469,47.81999969482422,47.81999969482422,597200,
2023-08-24,47.7400016784668,48.27000045776367,47.7400016784668,48.16999816894531,590700,
2023-08-25,47.97999954223633,48.130001068115234,47.54999923706055,47.959999084472656,1208800,
2023-08-28,48.47999954223633,48.5099983215332,48.29999923706055,48.33000183105469,1441600,
2023-08-29,49.119998931884766,49.13999938964844,48.369998931884766,48.439998626708984,1481100,
2023-08-30,49.06999969482422,49.2400016784668,48.970001220703125,49.099998474121094,924900,
2023-08-31,48.720001220703125,49.029998779296875,48.63999938964844,49.02000045776367,1381200,
2023-09-01,48.93000030517578,49.290000915527344,48.810001373291016,49.220001220703125,465700,
2023-09-05,48.529998779296875,48.77000045776367,48.5099983215332,48.75,1220800,
2023-09-06,48.33000183105469,48.61000061035156,48.189998626708984,48.41999816894531,624000,
2023-09-07,48.060001373291016,48.150001525878906,47.91999816894531,48.06999969482422,1068100,
2023-09-08,48.02000045776367,48.16999816894531,47.970001220703125,48.060001373291016,629200,
2023-09-11,48.529998779296875,48.560001373291016,48.29999923706055,48.43000030517578,664000,
2023-09-12,48.369998931884766,48.529998779296875,48.22999954223633,48.27000045776367,822900,
2023-09-13,48.27000045776367,48.41999816894531,48.18000030517578,48.310001373291016,601800,
2023-09-14,48.83000183105469,48.880001068115234,48.56999969482422,48.630001068115234,594300,
2023-09-15,48.720001220703125,49.02000045776367,48.689998626708984,48.90999984741211,1712200,
2023-09-18,48.59000015258789,48.619998931884766,48.380001068115234,48.56999969482422,721700,
2023-09-19,48.5,48.650001525878906,48.38999938964844,48.59000015258789,372400,
2023-09-20,48.380001068115234,48.90999984741211,48.36000061035156,48.709999084472656,853400,
2023-09-21,47.5099983215332,47.91999816894531,47.5099983215332,47.81999969482422,991600,
2023-09-22,47.68000030517578,48.06999969482422,47.68000030517578,47.91999816894531,2638300,
2023-09-25,47.5099983215332,47.540000915527344,47.2599983215332,47.34000015258789,1123300,
2023-09-26,46.86000061035156,47.25,46.84000015258789,47.13999938964844,931500,
2023-09-27,46.79999923706055,47.09000015258789,46.52000045776367,47.08000183105469,1780200,
2023-09-28,47.099998474121094,47.22999954223633,46.720001220703125,46.790000915527344,1647200,
2023-09-29,47.0099983215332,47.599998474121094,46.91999816894531,47.599998474121094,1255900,
2023-10-02,46.41999816894531,46.810001373291016,46.279998779296875,46.790000915527344,1107600,
2023-10-03,45.81999969482422,46.13999938964844,45.68000030517578,46.08000183105469,1600200,
2023-10-04,45.79999923706055,45.900001525878906,45.5,45.88999938964844,810900,
2023-10-05,46.16999816894531,46.209999084472656,45.86000061035156,46.0099983215332,1502800,
2023-10-06,46.720001220703125,46.83000183105469,45.88999938964844,46.09000015258789,2067700,
2023-10-09,46.650001525878906,46.70000076293945,46.22999954223633,46.2599983215332,1018600,
2023-10-10,47.310001373291016,47.41999816894531,47.060001373291016,47.06999969482422,1220200,
2023-10-11,47.529998779296875,47.65999984741211,47.290000915527344,47.65999984741211,641500,
2023-10-12,47.08000183105469,47.619998931884766,46.91999816894531,47.599998474121094,830200,
2023-10-13,46.77000045776367,47.150001525878906,46.65999984741211,46.97999954223633,1625800,
2023-10-16,47.09000015258789,47.13999938964844,46.7599983215332,46.790000915527344,2523600,
2023-10-17,47.08000183105469,47.290000915527344,46.68000030517578,46.68000030517578,777900,
2023-10-18,46.290000915527344,46.720001220703125,46.2599983215332,46.65999984741211,1846100,
2023-10-19,45.939998626708984,46.400001525878906,45.880001068115234,46.130001068115234,1033800,
2023-10-20,45.47999954223633,45.83000183105469,45.45000076293945,45.70000076293945,1734600,
2023-10-23,45.459999084472656,45.75,45.09000015258789,45.27000045776367,1670700,
2023-10-24,45.810001373291016,45.86000061035156,45.54999923706055,45.56999969482422,1681900,
2023-10-25,45.38999938964844,45.75,45.36000061035156,45.59000015258789,1427600,
2023-10-26,45.09000015258789,45.31999969482422,44.939998626708984,45.189998626708984,1600700,
2023-10-27,44.97999954223633,45.45000076293945,44.88999938964844,45.439998626708984,2334100,
2023-10-30,45.540000915527344,45.619998931884766,45.310001373291016,45.560001373291016,2052200,
2023-10-31,45.540000915527344,45.56999969482422,45.27000045776367,45.459999084472656,1755400,
2023-11-01,45.9900016784668,46.0099983215332,45.560001373291016,45.599998474121094,2675100,
2023-11-02,46.939998626708984,46.970001220703125,46.63999938964844,46.7599983215332,2319000,
2023-11-03,47.599998474121094,47.72999954223633,47.38999938964844,47.38999938964844,3332100,
2023-11-06,47.599998474121094,47.779998779296875,47.4900016784668,47.7599983215332,3928100,
2023-11-07,47.29999923706055,47.40999984741211,47.11000061035156,47.2400016784668,3046600,
2023-11-08,47.189998626708984,47.369998931884766,47.04999923706055,47.2400016784668,1614000,
2023-11-09,47.040000915527344,47.599998474121094,47.02000045776367,47.470001220703125,3609300,
2023-11-10,47.33000183105469,47.33000183105469,46.779998779296875,47.0099983215332,1141400,
2023-11-13,47.41999816894531,47.5,47.06999969482422,47.15999984741211,1463600,
2023-11-14,48.619998931884766,48.65999984741211,48.130001068115234,48.130001068115234,2339300,
2023-11-15,48.66999816894531,48.91999816894531,48.63999938964844,48.72999954223633,1619600,
2023-11-16,48.5,48.68000030517578,48.34000015258789,48.439998626708984,2542700,
2023-11-17,48.959999084472656,48.97999954223633,48.72999954223633,48.79999923706055,1330800,
2023-11-20,49.27000045776367,49.33000183105469,48.959999084472656,48.959999084472656,1619800,
2023-11-21,49.040000915527344,49.27000045776367,48.97999954223633,49.2400016784668,883900,
2023-11-22,49.09000015258789,49.130001068115234,48.86000061035156,49.09000015258789,1158400,
2023-11-24,49.380001068115234,49.380001068115234,49.119998931884766,49.119998931884766,787200,
2023-11-27,49.20000076293945,49.2400016784668,49.06999969482422,49.189998626708984,1716000,
2023-11-28,49.33000183105469,49.439998626708984,49.09000015258789,49.189998626708984,1563700,
2023-11-29,49.310001373291016,49.470001220703125,49.22999954223633,49.31999969482422,1342100,
2023-11-30,49.310001373291016,49.41999816894531,49.11000061035156,49.400001525878906,2256200,
2023-12-01,49.75,49.779998779296875,49.16999816894531,49.189998626708984,2283400,
2023-12-04,49.31999969482422,49.5,49.189998626708984,49.33000183105469,1840700,
2023-12-05,49.130001068115234,49.25,49.0,49.099998474121094,1518000,
2023-12-06,49.189998626708984,49.61000061035156,49.18000030517578,49.599998474121094,2180700,
2023-12-07,49.40999984741211,49.4900016784668,49.119998931884766,49.33000183105469,1701400,
2023-12-08,49.47999954223633,49.54999923706055,49.220001220703125,49.22999954223633,2454600,
2023-12-11,49.619998931884766,49.63999938964844,49.380001068115234,49.380001068115234,2686400,
2023-12-12,49.66999816894531,49.66999816894531,49.34000015258789,49.619998931884766,1652700,
2023-12-13,50.369998931884766,50.380001068115234,49.400001525878906,49.630001068115234,2154800,
2023-12-14,50.83000183105469,50.97999954223633,50.650001525878906,50.720001220703125,2938000,
2023-12-15,50.369998931884766,50.7400016784668,50.369998931884766,50.65999984741211,1560300,
2023-12-18,50.5,50.599998474121094,50.31999969482422,50.599998474121094,1881200,
2023-12-19,51.0,51.0,50.779998779296875,50.790000915527344,1655700,
2023-12-20,49.619998931884766,50.27000045776367,49.58000183105469,50.220001220703125,1524200,
2023-12-21,50.459999084472656,50.459999084472656,50.09000015258789,50.20000076293945,1821400,
2023-12-22,50.45000076293945,50.56999969482422,50.29999923706055,50.380001068115234,2406000,
2023-12-26,50.7400016784668,51.04999923706055,50.459999084472656,50.459999084472656,1062200,
2023-12-27,50.97999954223633,51.029998779296875,50.619998931884766,50.619998931884766,2012100,
2023-12-28,50.97999954223633,51.27000045776367,50.97999954223633,51.130001068115234,899000,
2023-12-29,51.040000915527344,51.189998626708984,50.900001525878906,51.040000915527344,1309600,
2024-01-02,50.41999816894531,50.65999984741211,50.290000915527344,50.290000915527344,1855600,
2024-01-03,50.09000015258789,50.2400016784668,49.880001068115234,50.040000915527344,1868100,
2024-01-04,50.150001525878906,50.38999938964844,50.02000045776367,50.02000045776367,1164400,
2024-01-05,50.209999084472656,50.59000015258789,50.06999969482422,50.15999984741211,1448100,
2024-01-08,50.540000915527344,50.58000183105469,50.08000183105469,50.08000183105469,3065200,
2024-01-09,50.040000915527344,50.15999984741211,49.970001220703125,50.119998931884766,945400,
2024-01-10,50.220001220703125,50.290000915527344,50.11000061035156,50.20000076293945,936200,
2024-01-11,50.27000045776367,50.439998626708984,49.849998474121094,50.400001525878906,2646500,
2024-01-12,50.43000030517578,50.77000045776367,50.38999938964844,50.650001525878906,1396500,
2024-01-16,49.560001373291016,49.84000015258789,49.459999084472656,49.7400016784668,3863500,
2024-01-17,48.959999084472656,48.9900016784668,48.68000030517578,48.81999969482422,2438500,
2024-01-18,49.38999938964844,49.40999984741211,49.11000061035156,49.22999954223633,1653600,
2024-01-19,49.650001525878906,49.66999816894531,49.18000030517578,49.31999969482422,1821100,
2024-01-22,49.63999938964844,49.779998779296875,49.540000915527344,49.540000915527344,1610800,
2024-01-23,49.66999816894531,49.709999084472656,49.459999084472656,49.47999954223633,1688000,
2024-01-24,50.08000183105469,50.38999938964844,50.040000915527344,50.369998931884766,1936500,
2024-01-25,50.18000030517578,50.220001220703125,49.959999084472656,50.209999084472656,1233500,
2024-01-26,50.36000061035156,50.459999084472656,50.290000915527344,50.290000915527344,1066500,
2024-01-29,50.59000015258789,50.63999938964844,50.25,50.369998931884766,2052400,
2024-01-30,50.45000076293945,50.459999084472656,50.220001220703125,50.41999816894531,955600,
2024-01-31,50.15999984741211,50.720001220703125,50.06999969482422,50.54999923706055,2178200,
2024-02-01,50.650001525878906,50.650001525878906,50.220001220703125,50.349998474121094,1676200,
2024-02-02,50.29999923706055,50.349998474121094,50.09000015258789,50.29999923706055,1368000,
2024-02-05,50.060001373291016,50.209999084472656,49.84000015258789,50.099998474121094,1572000,
2024-02-06,50.619998931884766,50.650001525878906,50.25,50.34000015258789,631100,
2024-02-07,50.650001525878906,50.70000076293945,50.529998779296875,50.630001068115234,1317800,
2024-02-08,50.47999954223633,50.54999923706055,50.36000061035156,50.4900016784668,906000,
2024-02-09,50.689998626708984,50.72999954223633,50.369998931884766,50.4900016784668,1290600,
2024-02-12,50.88999938964844,51.04999923706055,50.63999938964844,50.63999938964844,893700,
2024-02-13,49.97999954223633,50.34000015258789,49.779998779296875,50.2400016784668,948100,
2024-02-14,50.61000061035156,50.630001068115234,50.34000015258789,50.34000015258789,1362000,
2024-02-15,51.13999938964844,51.13999938964844,50.790000915527344,50.790000915527344,1264200,
2024-02-16,51.22999954223633,51.43000030517578,51.08000183105469,51.189998626708984,1442100,
2024-02-20,51.380001068115234,51.560001373291016,51.27000045776367,51.52000045776367,1254200,
2024-02-21,51.43000030517578,51.45000076293945,51.209999084472656,51.36000061035156,985500,
2024-02-22,51.959999084472656,52.0,51.75,51.79999923706055,1055100,
2024-02-23,52.029998779296875,52.099998474121094,51.91999816894531,52.06999969482422,350900,
2024-02-26,51.880001068115234,52.0099983215332,51.810001373291016,51.939998626708984,964500,
2024-02-27,51.97999954223633,52.040000915527344,51.900001525878906,51.93000030517578,503600,
2024-02-28,51.56999969482422,51.65999984741211,51.5099983215332,51.58000183105469,671100,
2024-02-29,51.68000030517578,51.91999816894531,51.5099983215332,51.83000183105469,1844400,
2024-03-01,52.2599983215332,52.31999969482422,51.79999923706055,51.95000076293945,1048400,
2024-03-04,52.130001068115234,52.22999954223633,52.09000015258789,52.130001068115234,837200,
2024-03-05,51.93000030517578,52.27000045776367,51.81999969482422,52.119998931884766,904500,
2024-03-06,52.56999969482422,52.75,52.470001220703125,52.54999923706055,959500,
2024-03-07,53.13999938964844,53.18000030517578,52.83000183105469,52.869998931884766,1228100,
2024-03-08,52.9900016784668,53.380001068115234,52.900001525878906,53.310001373291016,1259100,
2024-03-11,52.81999969482422,52.869998931884766,52.630001068115234,52.7599983215332,1071500,
2024-03-12,53.290000915527344,53.290000915527344,52.79999923706055,52.9900016784668,1094700,
2024-03-13,53.2400016784668,53.34000015258789,53.16999816894531,53.20000076293945,1050500,
2024-03-14,52.90999984741211,53.27000045776367,52.70000076293945,53.27000045776367,1823100,
2024-03-15,52.79999923706055,52.95000076293945,52.66999816894531,52.86000061035156,816500,
2024-03-18,52.81999969482422,53.02000045776367,52.77000045776367,52.97999954223633,605500,
2024-03-19,52.79999923706055,52.939998626708984,52.59000015258789,52.709999084472656,635900,
2024-03-20,53.380001068115234,53.43000030517578,52.77000045776367,52.81999969482422,751800,
2024-03-21,53.38999938964844,53.59000015258789,53.369998931884766,53.54999923706055,2119800,
2024-03-22,53.150001525878906,53.31999969482422,53.119998931884766,53.2599983215332,564100,
2024-03-25,53.11000061035156,53.27000045776367,53.060001373291016,53.08000183105469,524100,
2024-03-26,53.130001068115234,53.33000183105469,53.130001068115234,53.310001373291016,551600,
2024-03-27,53.41999816894531,53.41999816894531,53.150001525878906,53.22999954223633,904100,
2024-03-28,53.38999938964844,53.4900016784668,53.279998779296875,53.279998779296875,779400,
2024-04-01,53.529998779296875,53.529998779296875,53.13999938964844,53.40999984741211,2595300,
2024-04-02,53.060001373291016,53.130001068115234,52.93000030517578,53.040000915527344,1761200,
2024-04-03,53.279998779296875,53.380001068115234,52.900001525878906,52.900001525878906,2278400,
2024-04-04,52.939998626708984,53.7400016784668,52.880001068115234,53.709999084472656,2029700,
2024-04-05,53.099998474121094,53.20000076293945,52.7599983215332,52.880001068115234,1150800,
2024-04-08,53.349998474121094,53.459999084472656,53.279998779296875,53.38999938964844,837800,
2024-04-09,53.470001220703125,53.70000076293945,53.220001220703125,53.619998931884766,1155900,
2024-04-10,52.75,52.95000076293945,52.560001373291016,52.75,1795500,
2024-04-11,52.90999984741211,52.9900016784668,52.41999816894531,52.970001220703125,800100,
2024-04-12,51.970001220703125,52.52000045776367,51.880001068115234,52.41999816894531,926800,
2024-04-15,51.720001220703125,52.5099983215332,51.630001068115234,52.5099983215332,2266400,
2024-04-16,51.20000076293945,51.43000030517578,51.040000915527344,51.279998779296875,1237200,
2024-04-17,51.20000076293945,51.5,51.0,51.4900016784668,2157200,
2024-04-18,51.189998626708984,51.5099983215332,51.099998474121094,51.279998779296875,904300,
2024-04-19,51.15999984741211,51.31999969482422,51.02000045776367,51.119998931884766,1367700,
2024-04-22,51.7400016784668,51.880001068115234,51.310001373291016,51.43000030517578,799700,
2024-04-23,52.2599983215332,52.310001373291016,51.83000183105469,51.849998474121094,1019300,
2024-04-24,52.16999816894531,52.41999816894531,51.9900016784668,52.41999816894531,1060100,
2024-04-25,52.119998931884766,52.16999816894531,51.47999954223633,51.540000915527344,1734300,
2024-04-26,52.529998779296875,52.59000015258789,52.349998474121094,52.439998626708984,940300,
2024-04-29,52.81999969482422,52.880001068115234,52.63999938964844,52.709999084472656,728700,
2024-04-30,52.09000015258789,52.68000030517578,52.08000183105469,52.5,819100,
2024-05-01,52.029998779296875,52.630001068115234,51.91999816894531,52.119998931884766,1180100,
2024-05-02,52.91999816894531,53.02000045776367,52.380001068115234,52.630001068115234,976800,
2024-05-03,53.400001525878906,53.459999084472656,53.08000183105469,53.38999938964844,832000,
2024-05-06,53.720001220703125,53.7400016784668,53.529998779296875,53.63999938964844,877800,
2024-05-07,53.68000030517578,53.83000183105469,53.619998931884766,53.790000915527344,2470100,
2024-05-08,53.630001068115234,53.63999938964844,53.38999938964844,53.400001525878906,2366300,
2024-05-09,53.95000076293945,53.959999084472656,53.619998931884766,53.619998931884766,1906600,
2024-05-10,54.029998779296875,54.22999954223633,54.0,54.16999816894531,1828500,
2024-05-13,54.16999816894531,54.31999969482422,54.099998474121094,54.220001220703125,531100,
2024-05-14,54.47999954223633,54.52000045776367,54.290000915527344,54.36000061035156,300000,
2024-05-15,55.040000915527344,55.060001373291016,54.63999938964844,54.779998779296875,379200,
2024-05-16,54.900001525878906,55.060001373291016,54.88999938964844,55.02000045776367,530700,
2024-05-17,55.11000061035156,55.130001068115234,54.84000015258789,54.900001525878906,379900,
2024-05-20,55.09000015258789,55.209999084472656,55.040000915527344,55.04999923706055,490100,
2024-05-21,54.91999816894531,54.97999954223633,54.810001373291016,54.900001525878906,311300,
2024-05-22,54.52000045776367,54.72999954223633,54.380001068115234,54.63999938964844,388400,
2024-05-23,54.20000076293945,55.0,54.08000183105469,54.959999084472656,686300,
2024-05-24,54.54999923706055,54.650001525878906,54.349998474121094,54.349998474121094,501400,
2024-05-28,54.5099983215332,54.779998779296875,54.36000061035156,54.779998779296875,601400,
2024-05-29,53.650001525878906,53.880001068115234,53.61000061035156,53.880001068115234,604900,
2024-05-30,53.939998626708984,54.04999923706055,53.790000915527344,53.81999969482422,1250200,
2024-05-31,54.150001525878906,54.93000030517578,53.709999084472656,54.099998474121094,1898400,
2024-06-03,54.43000030517578,54.560001373291016,54.16999816894531,54.540000915527344,2153000,
2024-06-04,54.119998931884766,54.18000030517578,53.86000061035156,54.13999938964844,958700,
2024-06-05,54.63999938964844,54.650001525878906,54.2400016784668,54.529998779296875,344300,
2024-06-06,54.86000061035156,54.86000061035156,54.65999984741211,54.7400016784668,332800,
2024-06-07,54.25,54.560001373291016,54.189998626708984,54.5,688900,
2024-06-10,54.33000183105469,54.38999938964844,53.939998626708984,54.09000015258789,349700,
2024-06-11,53.029998779296875,53.130001068115234,52.790000915527344,53.06999969482422,1317700,
2024-06-12,53.630001068115234,53.970001220703125,53.54999923706055,53.810001373291016,870000,
2024-06-13,53.060001373291016,53.43000030517578,52.86000061035156,53.43000030517578,826000,
2024-06-14,52.72999954223633,52.72999954223633,52.400001525878906,52.59000015258789,574400,
2024-06-17,52.90999984741211,52.95000076293945,52.47999954223633,52.66999816894531,1250600,
2024-06-18,53.20000076293945,53.279998779296875,52.91999816894531,52.95000076293945,2674900,
2024-06-20,53.20000076293945,53.310001373291016,53.040000915527344,53.150001525878906,776900,
2024-06-21,52.88999938964844,52.970001220703125,52.790000915527344,52.88999938964844,505300,
2024-06-24,53.2400016784668,53.5099983215332,53.209999084472656,53.2400016784668,390100,
2024-06-25,53.290000915527344,53.34000015258789,53.119998931884766,53.2400016784668,559500,
2024-06-26,52.97999954223633,53.09000015258789,52.83000183105469,52.93000030517578,876300,
2024-06-27,53.08000183105469,53.22999954223633,52.970001220703125,53.13999938964844,580700,
2024-06-28,53.130001068115234,53.31999969482422,52.939998626708984,53.130001068115234,1538000,
2024-07-01,53.209999084472656,53.52000045776367,53.11000061035156,53.36000061035156,1055500,
2024-07-02,53.369998931884766,53.38999938964844,53.029998779296875,53.060001373291016,880200,
2024-07-03,54.02000045776367,54.84000015258789,53.709999084472656,54.5,737100,
2024-07-05,54.31999969482422,54.47999954223633,53.959999084472656,54.45000076293945,541600,
2024-07-08,54.13999938964844,54.41999816894531,54.099998474121094,54.38999938964844,721300,
2024-07-09,54.06999969482422,54.16999816894531,53.91999816894531,54.150001525878906,346000,
2024-07-10,54.70000076293945,54.720001220703125,54.380001068115234,54.40999984741211,512700,
2024-07-11,54.90999984741211,55.220001220703125,54.86000061035156,55.099998474121094,602300,
2024-07-12,55.40999984741211,55.56999969482422,55.25,55.25,782200,
2024-07-15,54.91999816894531,55.220001220703125,54.84000015258789,55.20000076293945,867100,
2024-07-16,55.189998626708984,55.20000076293945,54.77000045776367,54.83000183105469,656100,
2024-07-17,54.70000076293945,54.970001220703125,54.65999984741211,54.810001373291016,476900,
2024-07-18,54.16999816894531,54.900001525878906,54.060001373291016,54.869998931884766,895800,
2024-07-19,53.79999923706055,54.04999923706055,53.7400016784668,54.02000045776367,2173500,
2024-07-22,54.29999923706055,54.31999969482422,54.06999969482422,54.22999954223633,1385000,
2024-07-23,53.95000076293945,54.099998474121094,53.88999938964844,54.099998474121094,1175200,
2024-07-24,53.27000045776367,53.880001068115234,53.2400016784668,53.720001220703125,2011800,
2024-07-25,52.97999954223633,53.38999938964844,52.72999954223633,52.849998474121094,705800,
2024-07-26,53.619998931884766,53.689998626708984,53.369998931884766,53.41999816894531,276900,
2024-07-29,53.369998931884766,53.529998779296875,53.2400016784668,53.529998779296875,331000,
2024-07-30,53.40999984741211,53.599998474121094,53.22999954223633,53.4900016784668,441300,
2024-07-31,54.279998779296875,54.529998779296875,54.130001068115234,54.25,602300,
2024-08-01,52.97999954223633,53.900001525878906,52.779998779296875,53.81999969482422,1357500,
2024-08-02,52.15999984741211,52.369998931884766,51.77000045776367,52.349998474121094,1520700,
2024-08-05,50.9900016784668,51.27000045776367,49.84000015258789,50.02000045776367,2118800,
2024-08-06,51.189998626708984,51.5,50.599998474121094,50.70000076293945,1582000,
2024-08-07,51.45000076293945,52.27000045776367,51.40999984741211,52.2400016784668,522900,
2024-08-08,52.41999816894531,52.439998626708984,51.790000915527344,52.0099983215332,420800,
2024-08-09,52.630001068115234,52.65999984741211,52.209999084472656,52.349998474121094,444400,
2024-08-12,52.68000030517578,52.81999969482422,52.5099983215332,52.61000061035156,923300,
2024-08-13,53.439998626708984,53.47999954223633,52.95000076293945,52.95000076293945,458700,
2024-08-14,53.52000045776367,53.54999923706055,53.31999969482422,53.5,544000,
2024-08-15,54.18000030517578,54.2599983215332,53.91999816894531,53.9900016784668,734900,
2024-08-16,54.560001373291016,54.59000015258789,54.2599983215332,54.2599983215332,407000,
2024-08-19,55.15999984741211,55.209999084472656,54.83000183105469,54.86000061035156,472600,
2024-08-20,54.900001525878906,55.15999984741211,54.790000915527344,55.15999984741211,515100,
2024-08-21,55.310001373291016,55.41999816894531,55.08000183105469,55.13999938964844,845700,
2024-08-22,54.88999938964844,55.41999816894531,54.83000183105469,55.41999816894531,718100,
2024-08-23,55.86000061035156,55.900001525878906,55.27000045776367,55.27000045776367,605800,
2024-08-26,55.599998474121094,55.880001068115234,55.540000915527344,55.81999969482422,557800,
2024-08-27,55.790000915527344,55.849998474121094,55.59000015258789,55.7599983215332,281100,
2024-08-28,55.4900016784668,55.75,55.29999923706055,55.689998626708984,258300,
2024-08-29,55.66999816894531,55.970001220703125,55.61000061035156,55.779998779296875,246400,
2024-08-30,55.75,55.939998626708984,55.47999954223633,55.939998626708984,1147000,
2024-09-03,54.810001373291016,55.439998626708984,54.689998626708984,55.439998626708984,743000,
2024-09-04,54.66999816894531,54.939998626708984,54.439998626708984,54.459999084472656,305200,
2024-09-05,54.689998626708984,54.88999938964844,54.540000915527344,54.75,416300,
2024-09-06,53.720001220703125,54.720001220703125,53.63999938964844,54.61000061035156,881000,
2024-09-09,54.2400016784668,54.40999984741211,54.06999969482422,54.099998474121094,373400,
2024-09-10,54.02000045776367,54.099998474121094,53.61000061035156,54.099998474121094,361200,
2024-09-11,54.34000015258789,54.400001525878906,53.4900016784668,54.060001373291016,946600,
2024-09-12,54.84000015258789,54.84000015258789,54.25,54.459999084472656,336200,
2024-09-13,55.0,55.15999984741211,54.900001525878906,55.0,385600,
2024-09-16,55.380001068115234,55.40999984741211,55.04999923706055,55.22999954223633,2240200,
2024-09-17,55.189998626708984,55.4900016784668,55.029998779296875,55.459999084472656,342700,
2024-09-18,55.04999923706055,55.709999084472656,54.959999084472656,55.29999923706055,492300,
2024-09-19,56.13999938964844,56.25,55.709999084472656,56.119998931884766,364000,
2024-09-20,55.72999954223633,55.959999084472656,55.58000183105469,55.959999084472656,287100,
2024-09-23,56.02000045776367,56.09000015258789,55.77000045776367,55.77000045776367,299300,
2024-09-24,56.869998931884766,56.88999938964844,56.41999816894531,56.56999969482422,577000,
2024-09-25,56.45000076293945,56.90999984741211,56.43000030517578,56.90999984741211,674000,
2024-09-26,57.810001373291016,57.900001525878906,57.439998626708984,57.70000076293945,404400,
2024-09-27,57.560001373291016,57.959999084472656,57.470001220703125,57.90999984741211,422200,
2024-09-30,57.220001220703125,57.470001220703125,56.90999984741211,57.470001220703125,1868400,
2024-10-01,57.11000061035156,57.33000183105469,56.72999954223633,57.33000183105469,778000,
2024-10-02,57.189998626708984,57.369998931884766,57.0099983215332,57.29999923706055,8188500,
2024-10-03,56.61000061035156,56.810001373291016,56.45000076293945,56.45000076293945,369100,
2024-10-04,57.04999923706055,57.060001373291016,56.72999954223633,56.83000183105469,560500,
2024-10-07,56.97999954223633,57.15999984741211,56.72999954223633,57.130001068115234,439200,
2024-10-08,56.439998626708984,56.529998779296875,56.2599983215332,56.470001220703125,1032300,
2024-10-09,56.380001068115234,56.459999084472656,56.0,56.13999938964844,707900,
2024-10-10,56.38999938964844,56.400001525878906,56.040000915527344,56.33000183105469,547100,
2024-10-11,56.709999084472656,56.7400016784668,56.279998779296875,56.380001068115234,735000,
2024-10-14,56.7400016784668,56.790000915527344,56.41999816894531,56.619998931884766,460200,
2024-10-15,55.75,56.599998474121094,55.68000030517578,56.599998474121094,512500,
2024-10-16,56.02000045776367,56.04999923706055,55.900001525878906,55.900001525878906,303600,
2024-10-17,55.97999954223633,56.119998931884766,55.939998626708984,56.06999969482422,1591900,
2024-10-18,56.400001525878906,56.439998626708984,56.27000045776367,56.43000030517578,421100,
2024-10-21,55.880001068115234,56.150001525878906,55.709999084472656,56.08000183105469,340500,
2024-10-22,55.630001068115234,55.70000076293945,55.5099983215332,55.68000030517578,687600,
2024-10-23,55.16999816894531,55.380001068115234,54.90999984741211,55.2400016784668,580200,
2024-10-24,55.31999969482422,55.459999084472656,55.060001373291016,55.41999816894531,609800,
2024-10-25,55.18000030517578,55.560001373291016,55.09000015258789,55.560001373291016,515900,
2024-10-28,55.54999923706055,55.619998931884766,55.279998779296875,55.33000183105469,1094300,
2024-10-29,55.349998474121094,55.5,55.290000915527344,55.41999816894531,337900,
2024-10-30,54.970001220703125,55.18000030517578,54.83000183105469,54.869998931884766,463200,
2024-10-31,54.560001373291016,54.79999923706055,54.15999984741211,54.79999923706055,2106200,
2024-11-01,54.689998626708984,55.040000915527344,54.630001068115234,55.0099983215332,570800,
2024-11-04,54.83000183105469,55.18000030517578,54.779998779296875,55.06999969482422,575000,
2024-11-05,55.43000030517578,55.470001220703125,55.09000015258789,55.13999938964844,743100,
2024-11-06,54.7400016784668,54.79999923706055,54.2599983215332,54.650001525878906,916300,
2024-11-07,55.689998626708984,55.779998779296875,55.380001068115234,55.470001220703125,814200,
2024-11-08,54.779998779296875,54.97999954223633,54.52000045776367,54.970001220703125,459500,
2024-11-11,54.689998626708984,54.83000183105469,54.56999969482422,54.779998779296875,441300,
2024-11-12,53.79999923706055,54.27000045776367,53.529998779296875,54.27000045776367,656300,
2024-11-13,53.47999954223633,53.68000030517578,53.2400016784668,53.68000030517578,807100,
2024-11-14,53.439998626708984,53.810001373291016,53.40999984741211,53.77000045776367,942700,
2024-11-15,53.349998474121094,53.5,53.20000076293945,53.5,914100,
2024-11-18,53.75,53.790000915527344,53.36000061035156,53.400001525878906,1052700,
2024-11-19,53.72999954223633,53.790000915527344,53.29999923706055,53.4900016784668,2495700,
2024-11-20,53.61000061035156,53.72999954223633,53.25,53.5099983215332,658300,
2024-11-21,53.70000076293945,53.7599983215332,53.36000061035156,53.56999969482422,1407300,
2024-11-22,53.810001373291016,53.849998474121094,53.599998474121094,53.65999984741211,2440600,
2024-11-25,53.959999084472656,54.20000076293945,53.81999969482422,54.11000061035156,1505600,
2024-11-26,53.689998626708984,53.88999938964844,53.56999969482422,53.88999938964844,795400,
2024-11-27,53.93000030517578,54.029998779296875,53.81999969482422,53.939998626708984,802200,
2024-11-29,54.40999984741211,54.45000076293945,53.91999816894531,53.95000076293945,744800,
2024-12-02,54.59000015258789,54.65999984741211,54.209999084472656,54.5099983215332,985300,
2024-12-03,54.810001373291016,54.90999984741211,54.560001373291016,54.790000915527344,707900,
2024-12-04,54.88999938964844,55.0,54.83000183105469,54.95000076293945,1013600,
2024-12-05,55.189998626708984,55.27000045776367,55.099998474121094,55.150001525878906,1863800,
2024-12-06,55.09000015258789,55.630001068115234,55.02000045776367,55.349998474121094,949500,
2024-12-09,55.380001068115234,55.79999923706055,55.380001068115234,55.68000030517578,881200,
2024-12-10,54.81999969482422,55.2599983215332,54.79999923706055,55.13999938964844,1095700,
2024-12-11,55.099998474121094,55.15999984741211,54.900001525878906,55.060001373291016,1051200,
2024-12-12,54.66999816894531,55.04999923706055,54.650001525878906,54.939998626708984,1236600,
2024-12-13,54.560001373291016,54.869998931884766,54.439998626708984,54.720001220703125,1468300,
2024-12-16,54.400001525878906,54.540000915527344,54.310001373291016,54.439998626708984,3648900,
2024-12-17,53.41999816894531,53.59000015258789,53.25,53.38999938964844,1409600,
2024-12-18,52.099998474121094,53.4900016784668,52.040000915527344,53.45000076293945,1800200,
2024-12-19,52.119998931884766,52.5099983215332,52.09000015258789,52.5099983215332,2409600,
2024-12-20,52.099998474121094,52.45000076293945,51.630001068115234,51.66999816894531,3640500,
2024-12-23,52.40999984741211,52.459999084472656,51.959999084472656,52.15999984741211,2370900,
2024-12-24,52.599998474121094,52.63999938964844,52.34000015258789,52.63999938964844,576000,
2024-12-26,52.709999084472656,52.790000915527344,52.52000045776367,52.68000030517578,1255800,
2024-12-27,52.59000015258789,52.650001525878906,52.38999938964844,52.540000915527344,1640200,
2024-12-30,52.209999084472656,52.38999938964844,52.0099983215332,52.29999923706055,1825700,
2024-12-31,52.15999984741211,52.58000183105469,52.060001373291016,52.31999969482422,2981900,
2025-01-02,52.04999923706055,52.36000061035156,51.900001525878906,52.220001220703125,1347400,
2025-01-03,52.33000183105469,52.380001068115234,52.06999969482422,52.2400016784668,840500,
2025-01-06,52.720001220703125,53.029998779296875,52.650001525878906,52.689998626708984,2264400,
2025-01-07,52.540000915527344,53.189998626708984,52.470001220703125,53.08000183105469,835000,
2025-01-08,52.5,52.5099983215332,52.11000061035156,52.29999923706055,885900,
2025-01-10,51.599998474121094,52.52000045776367,51.5,52.52000045776367,1880400,
2025-01-13,51.38999938964844,51.38999938964844,51.08000183105469,51.08000183105469,1414900,
2025-01-14,51.70000076293945,51.77000045776367,51.45000076293945,51.689998626708984,917600,
2025-01-15,52.310001373291016,52.38999938964844,52.119998931884766,52.2400016784668,1756500,
2025-01-16,52.459999084472656,52.65999984741211,52.31999969482422,52.5,2830200,
2025-01-17,52.7400016784668,53.029998779296875,52.630001068115234,52.63999938964844,1092200,
2025-01-21,53.59000015258789,53.61000061035156,53.20000076293945,53.310001373291016,2193100,
2025-01-22,53.52000045776367,53.709999084472656,53.5099983215332,53.709999084472656,657100,
2025-01-23,53.849998474121094,53.869998931884766,53.5,53.540000915527344,2392800,
2025-01-24,54.119998931884766,54.279998779296875,54.029998779296875,54.06999969482422,891800,
2025-01-27,53.83000183105469,53.869998931884766,53.560001373291016,53.869998931884766,2029600,
2025-01-28,53.90999984741211,53.93000030517578,53.540000915527344,53.83000183105469,686600,
2025-01-29,53.880001068115234,54.11000061035156,53.7599983215332,54.02000045776367,753900,
2025-01-30,54.58000183105469,54.790000915527344,54.33000183105469,54.47999954223633,893400,
2025-01-31,53.97999954223633,54.720001220703125,53.97999954223633,54.529998779296875,1433100,
2025-02-03,53.45000076293945,53.720001220703125,52.97999954223633,53.09000015258789,1567300,
2025-02-04,54.189998626708984,54.290000915527344,53.849998474121094,53.88999938964844,820800,
2025-02-05,54.52000045776367,54.599998474121094,54.2599983215332,54.369998931884766,549500,
2025-02-06,54.7400016784668,54.83000183105469,54.59000015258789,54.70000076293945,2311000,
2025-02-07,54.40999984741211,54.9900016784668,54.33000183105469,54.90999984741211,1054300,
2025-02-10,54.86000061035156,54.880001068115234,54.70000076293945,54.77000045776367,763900,
2025-02-11,54.97999954223633,55.04999923706055,54.68000030517578,54.720001220703125,666900,
2025-02-12,55.16999816894531,55.31999969482422,54.61000061035156,54.72999954223633,1164900,
2025-02-13,55.779998779296875,55.790000915527344,55.220001220703125,55.2599983215332,1293200,
2025-02-14,55.90999984741211,56.13999938964844,55.849998474121094,56.13999938964844,1062900,
2025-02-18,56.33000183105469,56.400001525878906,56.16999816894531,56.400001525878906,893400,
2025-02-19,55.90999984741211,56.0,55.72999954223633,56.0,684200,
2025-02-20,56.2400016784668,56.29999923706055,55.9900016784668,56.150001525878906,709400,
2025-02-21,55.88999938964844,56.369998931884766,55.7599983215332,56.369998931884766,579500,
2025-02-24,55.61000061035156,55.9900016784668,55.52000045776367,55.97999954223633,573100,
2025-02-25,55.959999084472656,56.16999816894531,55.72999954223633,56.16999816894531,2335400,
2025-02-26,56.15999984741211,56.59000015258789,56.029998779296875,56.2599983215332,3260600,
2025-02-27,55.380001068115234,55.939998626708984,55.349998474121094,55.880001068115234,1636200,
2025-02-28,55.31999969482422,55.31999969482422,54.77000045776367,55.08000183105469,2323100,
2025-03-03,55.45000076293945,56.20000076293945,55.18000030517578,56.130001068115234,1435300,
2025-03-04,55.56999969482422,56.06999969482422,54.7599983215332,55.25,1898100,
2025-03-05,56.91999816894531,57.02000045776367,56.29999923706055,56.34000015258789,1462900,
2025-03-06,56.439998626708984,57.02000045776367,56.369998931884766,56.709999084472656,2787700,
2025-03-07,56.88999938964844,56.95000076293945,56.29999923706055,56.5099983215332,4331400,
2025-03-10,55.560001373291016,56.15999984741211,55.189998626708984,56.0,2347800,
2025-03-11,55.56999969482422,55.86000061035156,55.18000030517578,55.63999938964844,1347700,
2025-03-12,55.93000030517578,56.040000915527344,55.529998779296875,55.88999938964844,615100,
2025-03-13,55.54999923706055,55.77000045776367,55.41999816894531,55.560001373291016,1020600,
2025-03-14,56.56999969482422,56.599998474121094,56.08000183105469,56.15999984741211,676100,
2025-03-17,57.349998474121094,57.400001525878906,56.650001525878906,56.650001525878906,1519900,
2025-03-18,57.25,57.29999923706055,56.95000076293945,57.2400016784668,937200,
2025-03-19,57.43000030517578,57.619998931884766,57.08000183105469,57.20000076293945,3712300,
2025-03-20,56.97999954223633,57.029998779296875,56.599998474121094,56.63999938964844,1784700,
2025-03-21,56.650001525878906,56.75,56.439998626708984,56.5,971700,
2025-03-24,56.790000915527344,56.90999984741211,56.630001068115234,56.869998931884766,1392500,
2025-03-25,56.9900016784668,57.09000015258789,56.880001068115234,56.880001068115234,954800,
2025-03-26,56.369998931884766,56.810001373291016,56.2599983215332,56.779998779296875,4589000,
2025-03-27,56.5,56.65999984741211,56.09000015258789,56.33000183105469,1624100,
2025-03-28,55.81999969482422,56.220001220703125,55.720001220703125,56.220001220703125,840200,
2025-03-31,55.45000076293945,55.560001373291016,54.84000015258789,55.099998474121094,1130600,
2025-04-01,55.63999938964844,55.790000915527344,55.2400016784668,55.47999954223633,1468400,
2025-04-02,55.77000045776367,55.849998474121094,55.22999954223633,55.290000915527344,842100,
2025-04-03,54.63999938964844,55.220001220703125,54.58000183105469,54.970001220703125,1504400,
2025-04-04,51.220001220703125,52.709999084472656,51.13999938964844,52.58000183105469,2595200,
2025-04-07,49.900001525878906,51.709999084472656,49.130001068115234,49.45000076293945,4448100,
2025-04-08,49.47999954223633,51.58000183105469,48.9900016784668,51.56999969482422,3229200,
2025-04-09,52.9900016784668,53.25,49.33000183105469,49.65999984741211,3664500,
2025-04-10,52.150001525878906,52.439998626708984,51.02000045776367,52.36000061035156,3540900,
2025-04-11,53.5099983215332,53.619998931884766,52.43000030517578,52.540000915527344,2084200,
2025-04-14,54.09000015258789,54.349998474121094,53.66999816894531,53.970001220703125,1081100,
2025-04-15,54.40999984741211,54.650001525878906,54.34000015258789,54.459999084472656,4397200,
2025-04-16,54.130001068115234,54.63999938964844,53.90999984741211,54.33000183105469,1756300,
2025-04-17,54.650001525878906,54.9900016784668,54.5099983215332,54.58000183105469,1013500,
2025-04-21,54.41999816894531,54.95000076293945,54.02000045776367,54.77000045776367,1849600,
2025-04-22,55.45000076293945,55.689998626708984,55.029998779296875,55.13999938964844,1028200,
2025-04-23,55.7400016784668,56.33000183105469,55.630001068115234,56.11000061035156,636000,
2025-04-24,56.439998626708984,56.459999084472656,55.7599983215332,55.90999984741211,2880600,
2025-04-25,56.540000915527344,56.56999969482422,56.15999984741211,56.290000915527344,693200,
2025-04-28,56.84000015258789,56.88999938964844,56.529998779296875,56.709999084472656,629600,
2025-04-29,56.91999816894531,57.099998474121094,56.66999816894531,56.70000076293945,2490800,
2025-04-30,56.95000076293945,57.099998474121094,56.38999938964844,56.7400016784668,1558300,
2025-05-01,56.83000183105469,57.18000030517578,56.77000045776367,57.18000030517578,727600,
2025-05-02,58.029998779296875,58.130001068115234,57.880001068115234,58.0,1090900,
2025-05-05,58.220001220703125,58.380001068115234,58.220001220703125,58.279998779296875,1243500,
2025-05-06,58.099998474121094,58.27000045776367,58.02000045776367,58.09000015258789,620000,
2025-05-07,57.779998779296875,58.0,57.619998931884766,57.959999084472656,905600,
2025-05-08,57.619998931884766,57.93000030517578,57.619998931884766,57.7599983215332,1240200,
2025-05-09,57.900001525878906,58.16999816894531,57.790000915527344,58.16999816894531,1843500,
2025-05-12,58.5,58.5099983215332,58.119998931884766,58.439998626708984,1680800,
2025-05-13,58.56999969482422,58.72999954223633,58.290000915527344,58.36000061035156,2035300,
2025-05-14,58.52000045776367,58.880001068115234,58.45000076293945,58.84000015258789,1435100,
2025-05-15,58.93000030517578,58.939998626708984,58.58000183105469,58.66999816894531,2701200,
2025-05-16,59.0099983215332,59.06999969482422,58.72999954223633,58.88999938964844,1174200,
2025-05-19,59.439998626708984,59.45000076293945,58.90999984741211,58.91999816894531,1188800,
2025-05-20,59.630001068115234,59.63999938964844,59.38999938964844,59.459999084472656,643900,
2025-05-21,59.349998474121094,59.91999816894531,59.31999969482422,59.79999923706055,1265200,
2025-05-22,59.2599983215332,59.43000030517578,59.040000915527344,59.13999938964844,917800,
2025-05-23,59.45000076293945,59.54999923706055,58.849998474121094,58.849998474121094,1141200,
2025-05-27,59.970001220703125,60.09000015258789,59.869998931884766,60.02000045776367,2354200,
2025-05-28,59.45000076293945,59.61000061035156,59.36000061035156,59.560001373291016,874900,
2025-05-29,59.65999984741211,59.849998474121094,59.40999984741211,59.849998474121094,665400,
2025-05-30,59.47999954223633,59.61000061035156,59.11000061035156,59.61000061035156,1189400,
2025-06-02,60.130001068115234,60.130001068115234,59.470001220703125,59.720001220703125,1328200,
2025-06-03,59.869998931884766,59.91999816894531,59.54999923706055,59.72999954223633,725600,
2025-06-04,60.2599983215332,60.400001525878906,60.08000183105469,60.18000030517578,865300,
2025-06-05,60.33000183105469,60.58000183105469,60.20000076293945,60.52000045776367,736300,
2025-06-06,60.540000915527344,60.56999969482422,60.36000061035156,60.47999954223633,955800,
2025-06-09,60.650001525878906,60.84000015258789,60.5099983215332,60.58000183105469,970100,
2025-06-10,60.86000061035156,60.939998626708984,60.65999984741211,60.939998626708984,897800,
2025-06-11,60.88999938964844,61.130001068115234,60.81999969482422,61.04999923706055,1188600,
2025-06-12,61.220001220703125,61.279998779296875,61.0,61.099998474121094,1216700,
2025-06-13,60.43000030517578,60.7400016784668,60.279998779296875,60.470001220703125,1686400,
2025-06-16,59.9900016784668,60.439998626708984,59.959999084472656,60.15999984741211,1575500,
2025-06-17,59.209999084472656,59.75,59.16999816894531,59.650001525878906,781100,
2025-06-18,59.27000045776367,59.560001373291016,59.13999938964844,59.45000076293945,1272400,
2025-06-20,58.810001373291016,59.470001220703125,58.810001373291016,59.470001220703125,807900,
2025-06-23,59.279998779296875,59.279998779296875,58.470001220703125,58.619998931884766,934200,
2025-06-24,60.189998626708984,60.27000045776367,59.81999969482422,59.849998474121094,1431100,
2025-06-25,59.9900016784668,60.06999969482422,59.849998474121094,60.06999969482422,648700,
2025-06-26,60.59000015258789,60.630001068115234,60.29999923706055,60.310001373291016,845100,
2025-06-27,60.81999969482422,61.029998779296875,60.58000183105469,60.84000015258789,1141800,
2025-06-30,60.939998626708984,61.0,60.630001068115234,60.77000045776367,1056600,
2025-07-01,60.93000030517578,61.02000045776367,60.77000045776367,60.88999938964844,576400,
2025-07-02,61.09000015258789,61.150001525878906,60.65999984741211,60.77000045776367,746200,
2025-07-03,61.25,61.310001373291016,61.099998474121094,61.20000076293945,418100,
2025-07-07,60.560001373291016,60.939998626708984,60.38999938964844,60.939998626708984,1799400,
2025-07-08,60.900001525878906,60.97999954223633,60.650001525878906,60.70000076293945,824900,
2025-07-09,61.18000030517578,61.209999084472656,60.91999816894531,61.13999938964844,958800,
2025-07-10,61.2400016784668,61.27000045776367,60.970001220703125,61.150001525878906,441200,
2025-07-11,60.779998779296875,61.04999923706055,60.70000076293945,61.04999923706055,1277700,
2025-07-14,60.849998474121094,60.88999938964844,60.560001373291016,60.7599983215332,541700,
2025-07-15,60.5099983215332,61.099998474121094,60.47999954223633,61.099998474121094,677900,
2025-07-16,60.81999969482422,60.83000183105469,60.31999969482422,60.540000915527344,991300,
2025-07-17,61.0099983215332,61.040000915527344,60.63999938964844,60.709999084472656,1107000,
2025-07-18,60.86000061035156,61.290000915527344,60.83000183105469,61.290000915527344,729700,
2025-07-21,61.209999084472656,61.4900016784668,61.06999969482422,61.130001068115234,533400,
2025-07-22,61.439998626708984,61.47999954223633,61.040000915527344,61.22999954223633,568100,
2025-07-23,62.619998931884766,62.630001068115234,62.06999969482422,62.08000183105469,1088900,
2025-07-24,62.189998626708984,62.45000076293945,62.18000030517578,62.33000183105469,625100,
2025-07-25,62.09000015258789,62.11000061035156,61.720001220703125,61.880001068115234,837400,
2025-07-28,61.310001373291016,61.630001068115234,61.20000076293945,61.599998474121094,1235600,
2025-07-29,61.2400016784668,61.380001068115234,61.15999984741211,61.310001373291016,686900,
2025-07-30,60.81999969482422,61.20000076293945,60.61000061035156,61.11000061035156,977200,
2025-07-31,60.2599983215332,60.619998931884766,60.15999984741211,60.56999969482422,1078300,
2025-08-01,60.0099983215332,60.099998474121094,59.66999816894531,60.099998474121094,1483400,
2025-08-04,60.77000045776367,60.790000915527344,60.59000015258789,60.61000061035156,634100,
2025-08-05,60.88999938964844,60.9900016784668,60.68000030517578,60.90999984741211,639100,
2025-08-06,61.290000915527344,61.34000015258789,61.08000183105469,61.20000076293945,813700,
2025-08-07,61.77000045776367,61.959999084472656,61.5,61.959999084472656,914800,
2025-08-08,61.959999084472656,62.040000915527344,61.79999923706055,61.88999938964844,780500,
2025-08-11,61.72999954223633,61.869998931884766,61.66999816894531,61.779998779296875,454600,
2025-08-12,62.4900016784668,62.5,61.970001220703125,62.13999938964844,449300,
2025-08-13,62.939998626708984,62.970001220703125,62.790000915527344,62.81999969482422,743400,
2025-08-14,62.63999938964844,62.70000076293945,62.45000076293945,62.58000183105469,648200,
2025-08-15,62.95000076293945,63.029998779296875,62.849998474121094,63.029998779296875,906000,
2025-08-18,63.0,63.0,62.790000915527344,62.95000076293945,771500,
2025-08-19,62.81999969482422,63.11000061035156,62.75,63.04999923706055,556300,
2025-08-20,62.900001525878906,62.959999084472656,62.70000076293945,62.880001068115234,597400,
2025-08-21,62.68000030517578,62.77000045776367,62.540000915527344,62.70000076293945,791100,
2025-08-22,63.68000030517578,63.77000045776367,62.900001525878906,62.97999954223633,699300,
2025-08-25,63.029998779296875,63.58000183105469,63.029998779296875,63.529998779296875,699700,
2025-08-26,62.970001220703125,63.029998779296875,62.86000061035156,62.95000076293945,772700,
2025-08-27,62.79999923706055,62.81999969482422,62.38999938964844,62.56999969482422,445600,
2025-08-28,63.040000915527344,63.09000015258789,62.869998931884766,62.9900016784668,383600,
2025-08-29,62.7400016784668,62.810001373291016,62.58000183105469,62.7599983215332,697900,
2025-09-02,62.33000183105469,62.36000061035156,61.88999938964844,62.0,1098800,
2025-09-03,62.45000076293945,62.540000915527344,62.290000915527344,62.40999984741211,1415200,
2025-09-04,62.72999954223633,62.7400016784668,62.400001525878906,62.4900016784668,439500,
2025-09-05,63.11000061035156,63.470001220703125,62.88999938964844,63.369998931884766,1308300,
2025-09-08,63.709999084472656,63.720001220703125,63.38999938964844,63.58000183105469,1016400,
2025-09-09,63.63999938964844,63.779998779296875,63.540000915527344,63.68000030517578,3749900,
2025-09-10,63.7599983215332,64.0199966430664,63.70000076293945,63.970001220703125,1611000,
2025-09-11,64.5,64.52999877929688,64.11000061035156,64.19000244140625,1084100,
2025-09-12,64.30000305175781,64.41999816894531,64.19000244140625,64.41999816894531,803600,
2025-09-15,64.80999755859375,64.80999755859375,64.55000305175781,64.68000030517578,1394700,
2025-09-16,64.83000183105469,64.94000244140625,64.58000183105469,64.94000244140625,612800,
2025-09-17,64.77999877929688,65.26000213623047,64.45999908447266,64.9000015258789,945100,
2025-09-18,64.8499984741211,64.93000030517578,64.48999786376953,64.69999694824219,757400,
2025-09-19,64.66999816894531,64.79000091552734,64.55999755859375,64.68000030517578,831900,
2025-09-22,64.91000366210938,64.97000122070312,64.58000183105469,64.79000091552734,1261800,
2025-09-23,64.86000061035156,65.23999786376953,64.80000305175781,65.23999786376953,980300,
2025-09-24,64.5199966430664,64.80999755859375,64.45999908447266,64.7300033569336,1224700,
2025-09-25,64.0999984741211,64.19999694824219,63.869998931884766,64.06999969482422,1051800,
2025-09-26,64.38999938964844,64.4000015258789,64.0999984741211,64.13999938964844,793600,
2025-09-29,64.76000213623047,64.8499984741211,64.62999725341797,64.79000091552734,718700,
2025-09-30,65.01000213623047,65.08000183105469,64.69000244140625,64.80000305175781,1984500,
2025-10-01,65.54000091552734,65.5999984741211,65.11000061035156,65.37000274658203,839800,
2025-10-02,65.72000122070312,65.93000030517578,65.41000366210938,65.83999633789062,825100,
2025-10-03,66.16999816894531,66.30999755859375,65.98999786376953,66.0199966430664,867200,
2025-10-06,66.37000274658203,66.51000213623047,66.27999877929688,66.33000183105469,759400,
2025-10-07,65.8499984741211,66.31999969482422,65.81999969482422,66.31999969482422,806200,
2025-10-08,66.16000366210938,66.18000030517578,65.95999908447266,65.9800033569336,510200,
2025-10-09,65.56999969482422,66.20999908447266,65.38999938964844,66.20999908447266,721700,
2025-10-10,63.97999954223633,65.52999877929688,63.91999816894531,65.5,1188600,
2025-10-13,64.97000122070312,65.0999984741211,64.63999938964844,64.63999938964844,1018000,
2025-10-14,65.04000091552734,65.27999877929688,64.29000091552734,64.38999938964844,838400,
2025-10-15,65.55999755859375,65.76000213623047,65.18000030517578,65.55000305175781,791000,
2025-10-16,65.86000061035156,66.23999786376953,65.66000366210938,65.98999786376953,1788400,
2025-10-17,65.88999938964844,65.9800033569336,65.51000213623047,65.5999984741211,868900,
2025-10-20,66.55000305175781,66.61000061035156,66.23999786376953,66.29000091552734,1032500,
2025-10-21,65.95999908447266,66.22000122070312,65.94999694824219,66.20999908447266,536400,
2025-10-22,65.91999816894531,66.16000366210938,65.5999984741211,66.0199966430664,653000,
2025-10-23,66.29000091552734,66.4000015258789,66.0199966430664,66.0199966430664,563900,
2025-10-24,66.54000091552734,66.6500015258789,66.45999908447266,66.54000091552734,822500,
2025-10-27,67.05000305175781,67.06999969482422,66.87999725341797,67.04000091552734,981800,
2025-10-28,67.08999633789062,67.20999908447266,66.83000183105469,66.91999816894531,1188500,
2025-10-29,66.87999725341797,67.44999694824219,66.58000183105469,67.33999633789062,1476800,
2025-10-30,66.48999786376953,66.7300033569336,66.33999633789062,66.4000015258789,1037600,
2025-10-31,66.3499984741211,66.43000030517578,66.06999969482422,66.43000030517578,1573400,
2025-11-03,66.5,66.56999969482422,66.20999908447266,66.56999969482422,835300,
2025-11-04,65.5999984741211,66.01000213623047,65.56999969482422,65.66999816894531,515900,
2025-11-05,66.06999969482422,66.20999908447266,65.63999938964844,65.63999938964844,1457200,
2025-11-06,65.80999755859375,66.20999908447266,65.63999938964844,66.16000366210938,890600,
2025-11-07,65.91999816894531,65.94000244140625,65.19999694824219,65.37999725341797,1034500,
2025-11-10,66.80000305175781,66.81999969482422,66.30999755859375,66.55000305175781,1037800,
2025-11-11,67.12999725341797,67.2300033569336,66.88999938964844,66.97000122070312,595900,
2025-11-12,67.44999694824219,67.5,67.2699966430664,67.27999877929688,1025200,
2025-11-13,66.6500015258789,67.43000030517578,66.55999755859375,67.31999969482422,826700,
2025-11-14,66.55999755859375,66.80000305175781,66.06999969482422,66.16000366210938,1550400,
2025-11-17,65.73999786376953,66.36000061035156,65.5199966430664,66.13999938964844,926700,
2025-11-18,65.13999938964844,65.38999938964844,64.7300033569336,65.04000091552734,1583400,
2025-11-19,64.95999908447266,65.31999969482422,64.68000030517578,65.06999969482422,1395700,
2025-11-20,64.06999969482422,65.55999755859375,64.06999969482422,65.55000305175781,1543400,
2025-11-21,64.70999908447266,64.91000366210938,64.01000213623047,64.30999755859375,1909800,
2025-11-24,64.98999786376953,65.06999969482422,64.58999633789062,64.66999816894531,1201600,
2025-11-25,65.58000183105469,65.5999984741211,64.91000366210938,65.19000244140625,928600,
2025-11-26,66.25,66.36000061035156,65.83000183105469,65.83000183105469,1362400,
2025-11-28,66.48999786376953,66.51000213623047,66.12999725341797,66.25,1068000,
2025-12-01,66.23999786376953,66.4800033569336,66.18000030517578,66.27999877929688,1159500,
2025-12-02,66.3499984741211,66.44999694824219,66.13999938964844,66.44999694824219,1138100,
2025-12-03,66.61000061035156,66.62999725341797,66.31999969482422,66.33000183105469,1281100,
2025-12-04,66.81999969482422,66.94999694824219,66.68000030517578,66.91999816894531,1168700,
2025-12-05,66.97000122070312,67.30000305175781,66.9000015258789,67.1500015258789,1954700,
2025-12-08,66.75,67.02999877929688,66.62000274658203,67.02999877929688,1596700,
2025-12-09,66.68000030517578,66.88999938964844,66.6500015258789,66.80000305175781,817300,
2025-12-10,67.43000030517578,67.54000091552734,66.69000244140625,66.69000244140625,1263300,
2025-12-11,67.63999938964844,67.70999908447266,67.29000091552734,67.43000030517578,1291900,
2025-12-15,67.36000061035156,67.69999694824219,67.25,67.69000244140625,1877800,
2025-12-16,65.91999816894531,66.1500015258789,65.69999694824219,66.05999755859375,1603100,
2025-12-17,65.38999938964844,66.0199966430664,65.38999938964844,65.9800033569336,1963500,
2025-12-18,65.9800033569336,66.30999755859375,65.8499984741211,66.05000305175781,2213800,
2025-12-19,66.4800033569336,66.68000030517578,66.32350158691406,66.37000274658203,1596543,
