Date,Close,High,Low,Open,Volume
1987-07-24,3.9375,3.9375,3.875,3.875,15566400
1987-07-27,3.90625,3.9375,3.875,3.9375,1931200
1987-07-28,3.875,3.90625,3.875,3.90625,2074800
1987-07-29,3.875,3.90625,3.875,3.875,4930800
1987-07-30,3.8125,3.90625,3.8125,3.875,4654400
1987-07-31,3.625,3.78125,3.5625,3.78125,3006800
1987-08-03,3.84375,3.84375,3.5,3.625,1277600
1987-08-04,3.78125,3.90625,3.75,3.84375,698400
1987-08-05,3.78125,3.8125,3.75,3.78125,262000
1987-08-06,3.75,3.78125,3.71875,3.78125,480400
1987-08-07,3.84375,3.84375,3.75,3.75,582400
1987-08-10,3.90625,3.96875,3.8125,3.84375,1524800
1987-08-11,3.9375,3.9375,3.875,3.90625,2395200
1987-08-12,3.9375,3.9375,3.90625,3.9375,1514400
1987-08-13,3.875,3.9375,3.84375,3.9375,516000
1987-08-14,3.875,3.9375,3.84375,3.875,324000
1987-08-17,3.875,3.875,3.84375,3.875,183600
1987-08-18,3.71875,3.875,3.71875,3.875,554400
1987-08-19,3.75,3.75,3.65625,3.71875,304400
1987-08-20,3.75,3.8125,3.75,3.75,516000
1987-08-21,3.8125,3.84375,3.71875,3.75,620400
1987-08-24,3.9375,3.9375,3.84375,3.84375,1596800
1987-08-25,4.125,4.15625,3.9375,3.9375,1371600
1987-08-26,4.3125,4.375,4.1875,4.1875,1897200
1987-08-27,4.21875,4.3125,4.1875,4.3125,604800
1987-08-28,4.25,4.25,4.1875,4.21875,171200
1987-08-31,4.21875,4.21875,4.15625,4.21875,192000
1987-09-01,4.1875,4.28125,4.1875,4.21875,1219600
1987-09-02,4.0,4.21875,3.96875,4.1875,1449600
1987-09-03,4.0,4.09375,3.9375,4.0,252400
1987-09-04,3.96875,4.0,3.90625,4.0,225600
1987-09-08,3.875,3.96875,3.78125,3.96875,536000
1987-09-09,3.84375,3.875,3.8125,3.875,376800
1987-09-10,3.84375,3.875,3.78125,3.84375,803600
1987-09-11,3.9375,3.96875,3.84375,3.84375,519600
1987-09-14,3.96875,4.0,3.90625,3.9375,206400
1987-09-15,3.96875,4.0,3.9375,3.96875,78000
1987-09-16,4.0,4.0,3.9375,3.96875,390400
1987-09-17,3.9375,3.96875,3.9375,3.96875,134400
1987-09-18,3.90625,3.96875,3.90625,3.9375,95600
1987-09-21,3.96875,3.96875,3.9375,3.9375,485600
1987-09-22,3.96875,4.0,3.90625,3.96875,520800
1987-09-23,3.96875,4.0,3.9375,3.96875,25200
1987-09-24,3.9375,3.96875,3.9375,3.96875,46400
1987-09-25,3.96875,3.96875,3.9375,3.9375,161600
1987-09-28,4.03125,4.0625,3.96875,3.96875,600000
1987-09-29,3.96875,4.03125,3.96875,4.03125,178400
1987-09-30,4.0,4.0,3.9375,3.96875,235200
1987-10-01,3.96875,4.0,3.96875,4.0,192000
1987-10-02,4.0,4.0,3.96875,3.96875,655600
1987-10-05,4.0,4.03125,3.9375,4.0,408000
1987-10-06,3.90625,4.03125,3.90625,4.0,310400
1987-10-07,3.84375,3.9375,3.71875,3.90625,150400
1987-10-08,3.75,3.84375,3.71875,3.84375,486000
1987-10-09,3.5625,3.75,3.5625,3.75,240400
1987-10-12,3.34375,3.5625,3.25,3.5625,558800
1987-10-13,3.46875,3.46875,3.34375,3.34375,371200
1987-10-14,3.3125,3.46875,3.25,3.46875,755600
1987-10-15,3.15625,3.28125,3.15625,3.28125,269600
1987-10-16,3.03125,3.21875,2.9375,3.15625,620400
1987-10-19,2.28125,2.6875,2.25,2.6875,1634400
1987-10-20,2.625,2.625,2.03125,2.28125,1648800
1987-10-21,2.71875,2.8125,2.625,2.625,1183200
1987-10-22,2.34375,2.46875,2.25,2.46875,652400
1987-10-23,2.34375,2.375,2.25,2.34375,3120400
1987-10-26,2.15625,2.25,2.125,2.25,744800
1987-10-27,2.21875,2.375,2.125,2.15625,875200
1987-10-28,2.1875,2.21875,2.125,2.21875,768000
1987-10-29,2.15625,2.1875,2.125,2.1875,126000
1987-10-30,2.5625,2.5625,2.21875,2.21875,2579200
1987-11-02,2.625,2.6875,2.40625,2.5625,653600
1987-11-03,2.53125,2.5625,2.34375,2.5625,583200
1987-11-04,2.34375,2.40625,2.3125,2.40625,307200
1987-11-05,2.28125,2.3125,2.25,2.3125,544800
1987-11-06,2.3125,2.3125,2.28125,2.28125,405200
1987-11-09,2.28125,2.3125,2.25,2.3125,394000
1987-11-10,2.25,2.3125,2.21875,2.28125,718800
1987-11-11,2.28125,2.3125,2.21875,2.25,308000
1987-11-12,2.3125,2.375,2.28125,2.28125,277600
1987-11-13,2.25,2.3125,2.21875,2.3125,385200
1987-11-16,2.21875,2.3125,2.21875,2.25,145200
1987-11-17,2.25,2.25,2.125,2.21875,353600
1987-11-18,2.21875,2.25,2.15625,2.25,338400
1987-11-19,2.15625,2.21875,2.125,2.21875,204000
1987-11-20,2.15625,2.15625,2.09375,2.15625,606400
1987-11-23,2.25,2.25,2.15625,2.15625,260000
1987-11-24,2.34375,2.375,2.21875,2.25,557200
1987-11-25,2.3125,2.3125,2.25,2.3125,268400
1987-11-27,2.3125,2.34375,2.28125,2.3125,124800
1987-11-30,2.25,2.28125,2.15625,2.28125,623200
1987-12-01,2.1875,2.25,2.15625,2.25,350800
1987-12-02,2.1875,2.1875,2.09375,2.1875,328000
1987-12-03,2.09375,2.1875,2.0625,2.1875,306000
1987-12-04,2.09375,2.09375,2.0625,2.09375,492800
1987-12-07,2.09375,2.125,2.0625,2.09375,286000
1987-12-08,2.09375,2.125,2.0625,2.09375,472400
1987-12-09,2.375,2.40625,2.09375,2.09375,503600
1987-12-10,2.375,2.46875,2.28125,2.375,391200
1987-12-11,2.375,2.40625,2.34375,2.375,292800
1987-12-14,2.46875,2.46875,2.34375,2.375,596800
1987-12-15,2.46875,2.5,2.4375,2.46875,234000
1987-12-16,2.6875,2.75,2.5,2.5,930400
1987-12-17,2.78125,2.875,2.6875,2.6875,820800
1987-12-18,2.8125,2.84375,2.65625,2.78125,468400
1987-12-21,2.75,2.84375,2.6875,2.8125,322000
1987-12-22,2.625,2.75,2.5625,2.75,308400
1987-12-23,2.75,2.75,2.5625,2.625,243200
1987-12-24,2.875,2.9375,2.8125,2.8125,215200
1987-12-28,2.8125,2.875,2.78125,2.875,151600
1987-12-29,2.8125,2.8125,2.75,2.8125,194800
1987-12-30,2.75,2.8125,2.75,2.8125,267600
1987-12-31,3.0,3.0,2.65625,2.75,553200
1988-01-04,3.0,3.0,2.96875,3.0,258800
1988-01-05,3.03125,3.0625,3.0,3.0,300400
1988-01-06,3.25,3.375,3.0,3.03125,366800
1988-01-07,3.5,3.5,3.21875,3.25,2301200
1988-01-08,3.3125,3.5,3.3125,3.5,1037600
1988-01-11,3.34375,3.375,3.21875,3.3125,199200
1988-01-12,3.3125,3.3125,3.25,3.3125,512000
1988-01-13,3.28125,3.28125,3.1875,3.28125,224800
1988-01-14,3.25,3.375,3.21875,3.28125,103600
1988-01-15,3.3125,3.40625,3.3125,3.3125,679200
1988-01-18,3.28125,3.28125,3.21875,3.28125,116000
1988-01-19,3.21875,3.25,3.1875,3.25,351200
1988-01-20,3.21875,3.21875,3.15625,3.21875,202800
1988-01-21,3.15625,3.21875,3.09375,3.21875,146800
1988-01-22,3.15625,3.1875,3.125,3.15625,104800
1988-01-25,3.25,3.25,3.125,3.15625,368800
1988-01-26,3.3125,3.3125,3.21875,3.25,167600
1988-01-27,3.3125,3.3125,3.25,3.3125,192000
1988-01-28,3.3125,3.34375,3.28125,3.3125,68800
1988-01-29,3.34375,3.34375,3.28125,3.3125,270800
1988-02-01,3.25,3.3125,3.21875,3.3125,108800
1988-02-02,3.1875,3.25,3.1875,3.25,42000
1988-02-03,3.21875,3.25,3.1875,3.1875,176800
1988-02-04,3.125,3.21875,3.09375,3.21875,309600
1988-02-05,3.03125,3.125,3.0,3.125,86800
1988-02-08,3.0,3.03125,2.9375,3.03125,202400
1988-02-09,2.90625,2.96875,2.875,2.96875,148800
1988-02-10,3.0,3.0625,2.90625,2.90625,319200
1988-02-11,3.0,3.0625,3.0,3.0,141600
1988-02-12,3.09375,3.1875,3.03125,3.03125,79200
1988-02-16,3.03125,3.09375,3.0,3.09375,49200
1988-02-17,2.96875,3.0,2.9375,3.0,524800
1988-02-18,2.9375,2.96875,2.90625,2.96875,179600
1988-02-19,2.96875,3.0,2.90625,2.9375,144400
1988-02-22,3.125,3.125,3.0,3.0,185600
1988-02-23,3.0625,3.09375,3.0625,3.09375,53200
1988-02-24,3.0625,3.125,3.0625,3.0625,178400
1988-02-25,3.09375,3.15625,3.0625,3.0625,54000
1988-02-26,3.125,3.15625,3.09375,3.09375,82400
1988-02-29,3.21875,3.21875,3.125,3.125,134000
1988-03-01,3.34375,3.34375,3.25,3.25,527200
1988-03-02,3.3125,3.375,3.25,3.34375,740800
1988-03-03,3.21875,3.28125,3.21875,3.28125,353600
1988-03-04,3.125,3.25,3.0,3.21875,908000
1988-03-07,3.125,3.125,3.09375,3.125,545600
1988-03-08,3.125,3.15625,3.09375,3.125,758000
1988-03-09,3.0625,3.125,3.0625,3.125,130800
1988-03-10,3.09375,3.125,3.0625,3.0625,336400
1988-03-11,3.0625,3.09375,3.03125,3.09375,312000
1988-03-14,3.09375,3.09375,3.0625,3.0625,86800
1988-03-15,3.21875,3.21875,3.0625,3.09375,872400
1988-03-16,3.1875,3.21875,3.1875,3.21875,157200
1988-03-17,3.3125,3.375,3.25,3.25,399600
1988-03-18,3.28125,3.34375,3.28125,3.3125,162400
1988-03-21,3.25,3.34375,3.25,3.28125,307200
1988-03-22,3.34375,3.34375,3.3125,3.3125,550800
1988-03-23,3.34375,3.34375,3.28125,3.34375,347200
1988-03-24,3.25,3.34375,3.21875,3.34375,805200
1988-03-25,3.15625,3.28125,3.15625,3.25,263200
1988-03-28,3.25,3.25,3.03125,3.15625,242000
1988-03-29,3.40625,3.4375,3.28125,3.28125,414000
1988-03-30,3.40625,3.53125,3.375,3.40625,252400
1988-03-31,3.375,3.4375,3.375,3.40625,150000
1988-04-04,3.40625,3.5,3.375,3.375,206400
1988-04-05,3.40625,3.4375,3.375,3.40625,828800
1988-04-06,3.3125,3.375,3.28125,3.375,310400
1988-04-07,3.3125,3.375,3.3125,3.3125,203600
1988-04-08,3.375,3.375,3.3125,3.3125,53600
1988-04-11,3.375,3.4375,3.28125,3.375,62800
1988-04-12,3.4375,3.4375,3.375,3.375,54000
1988-04-13,3.375,3.46875,3.34375,3.4375,76800
1988-04-14,3.21875,3.3125,3.1875,3.3125,88000
1988-04-15,3.125,3.1875,3.03125,3.1875,335200
1988-04-18,3.1875,3.1875,3.0625,3.125,156000
1988-04-19,3.125,3.1875,3.0625,3.1875,187200
1988-04-20,3.0625,3.125,3.0625,3.125,58400
1988-04-21,3.15625,3.21875,3.0,3.0625,192400
1988-04-22,3.25,3.25,3.15625,3.15625,233600
1988-04-25,3.1875,3.25,3.1875,3.25,491600
1988-04-26,3.15625,3.21875,3.15625,3.1875,25200
1988-04-27,3.15625,3.21875,3.15625,3.15625,54800
1988-04-28,3.15625,3.21875,3.125,3.15625,64000
1988-04-29,3.15625,3.21875,3.15625,3.15625,85200
1988-05-02,3.125,3.1875,3.125,3.15625,52400
1988-05-03,3.1875,3.1875,3.125,3.125,11200
1988-05-04,3.09375,3.1875,3.09375,3.1875,43200
1988-05-05,3.125,3.1875,3.09375,3.09375,30800
1988-05-06,3.09375,3.15625,3.0625,3.125,113200
1988-05-09,2.96875,3.0625,2.96875,3.0625,92000
1988-05-10,2.9375,3.09375,2.90625,2.96875,120000
1988-05-11,2.875,2.90625,2.8125,2.90625,574000
1988-05-12,2.9375,2.9375,2.875,2.875,94800
1988-05-13,2.96875,3.0625,2.90625,2.9375,401200
1988-05-16,3.03125,3.03125,2.96875,2.96875,296400
1988-05-17,3.09375,3.1875,3.0,3.03125,259600
1988-05-18,3.0625,3.125,3.03125,3.09375,94400
1988-05-19,3.03125,3.0625,2.96875,3.0625,110800
1988-05-20,3.03125,3.09375,2.96875,3.03125,243600
1988-05-23,3.0,3.03125,2.9375,3.03125,434400
1988-05-24,3.03125,3.0625,2.96875,3.0,346000
1988-05-25,3.09375,3.09375,3.03125,3.03125,475200
1988-05-26,3.0625,3.125,3.0625,3.09375,101600
1988-05-27,3.0625,3.15625,3.0625,3.0625,111600
1988-05-31,3.0625,3.09375,3.03125,3.0625,124400
1988-06-01,3.15625,3.1875,3.0625,3.0625,210800
1988-06-02,3.15625,3.1875,3.125,3.15625,69600
1988-06-03,3.125,3.1875,3.125,3.15625,72000
1988-06-06,3.15625,3.1875,3.15625,3.15625,33200
1988-06-07,3.1875,3.1875,3.15625,3.15625,182800
1988-06-08,3.28125,3.3125,3.1875,3.1875,810400
1988-06-09,3.3125,3.34375,3.28125,3.28125,75600
1988-06-10,3.28125,3.34375,3.25,3.3125,34400
1988-06-13,3.25,3.3125,3.25,3.28125,130400
1988-06-14,3.28125,3.34375,3.25,3.25,196800
1988-06-15,3.28125,3.3125,3.21875,3.28125,322400
1988-06-16,3.25,3.3125,3.21875,3.28125,257600
1988-06-17,3.25,3.28125,3.1875,3.25,212800
1988-06-20,3.09375,3.21875,3.0625,3.21875,201200
1988-06-21,3.125,3.125,3.09375,3.09375,208800
1988-06-22,3.125,3.15625,3.09375,3.125,2537600
1988-06-23,3.21875,3.21875,3.125,3.125,927200
1988-06-24,3.3125,3.3125,3.1875,3.21875,928000
1988-06-27,3.3125,3.34375,3.28125,3.3125,760800
1988-06-28,3.3125,3.34375,3.28125,3.3125,562800
1988-06-29,3.28125,3.34375,3.25,3.3125,501200
1988-06-30,3.28125,3.28125,3.21875,3.28125,70400
1988-07-01,3.25,3.28125,3.21875,3.28125,544800
1988-07-05,3.3125,3.3125,3.25,3.25,311200
1988-07-06,3.25,3.3125,3.25,3.3125,267200
1988-07-07,3.25,3.28125,3.25,3.25,406000
1988-07-08,3.28125,3.28125,3.25,3.25,246800
1988-07-11,3.25,3.3125,3.25,3.28125,27600
1988-07-12,3.25,3.28125,3.25,3.25,88000
1988-07-13,3.34375,3.34375,3.25,3.25,225200
1988-07-14,3.40625,3.40625,3.3125,3.34375,232000
1988-07-15,3.3125,3.40625,3.28125,3.40625,96800
1988-07-18,3.28125,3.3125,3.25,3.3125,182400
1988-07-19,3.25,3.3125,3.21875,3.28125,250400
1988-07-20,3.25,3.28125,3.1875,3.25,109200
1988-07-21,3.1875,3.21875,3.1875,3.21875,31600
1988-07-22,3.09375,3.1875,3.09375,3.1875,179200
1988-07-25,3.09375,3.125,3.0625,3.09375,137600
1988-07-26,3.125,3.125,3.0625,3.09375,30800
1988-07-27,3.15625,3.15625,3.125,3.125,101600
1988-07-28,3.15625,3.1875,3.125,3.15625,72400
1988-07-29,3.15625,3.1875,3.125,3.15625,27200
1988-08-01,3.15625,3.1875,3.125,3.15625,33600
1988-08-02,3.15625,3.1875,3.125,3.15625,90800
1988-08-03,3.125,3.15625,3.09375,3.15625,215200
1988-08-04,3.15625,3.1875,3.125,3.125,50800
1988-08-05,3.15625,3.1875,3.125,3.15625,33200
1988-08-08,3.15625,3.1875,3.125,3.15625,14800
1988-08-09,3.09375,3.15625,3.09375,3.15625,292800
1988-08-10,3.03125,3.09375,3.03125,3.09375,190800
1988-08-11,3.0,3.03125,3.0,3.03125,80000
1988-08-12,3.0,3.0,2.96875,3.0,86000
1988-08-15,2.90625,3.0,2.875,3.0,583200
1988-08-16,2.90625,2.90625,2.84375,2.90625,271200
1988-08-17,3.1875,3.1875,2.875,2.90625,549600
1988-08-18,3.3125,3.3125,3.21875,3.21875,495600
1988-08-19,3.21875,3.3125,3.15625,3.3125,305600
1988-08-22,3.15625,3.25,3.125,3.21875,360400
1988-08-23,3.15625,3.1875,3.09375,3.15625,66400
1988-08-24,3.15625,3.15625,3.09375,3.15625,109600
1988-08-25,3.15625,3.15625,3.09375,3.15625,299600
1988-08-26,3.15625,3.21875,3.15625,3.15625,342800
1988-08-29,3.28125,3.34375,3.1875,3.1875,403200
1988-08-30,3.3125,3.3125,3.25,3.28125,465200
1988-08-31,3.65625,3.65625,3.3125,3.3125,1452000
1988-09-01,3.625,3.65625,3.53125,3.65625,747600
1988-09-02,3.65625,3.71875,3.625,3.625,464400
1988-09-06,3.6875,3.71875,3.625,3.65625,366400
1988-09-07,3.59375,3.71875,3.53125,3.6875,448000
1988-09-08,3.625,3.625,3.4375,3.59375,2678400
1988-09-09,3.625,3.625,3.5625,3.625,84400
1988-09-12,3.65625,3.6875,3.625,3.625,113600
1988-09-13,3.625,3.65625,3.5625,3.65625,102800
1988-09-14,3.65625,3.6875,3.625,3.625,84800
1988-09-15,3.5625,3.65625,3.5625,3.65625,83600
1988-09-16,3.625,3.625,3.5625,3.5625,100400
1988-09-19,3.59375,3.65625,3.5625,3.625,68000
1988-09-20,3.65625,3.65625,3.5625,3.59375,64400
1988-09-21,3.65625,3.71875,3.625,3.65625,212000
1988-09-22,3.59375,3.625,3.53125,3.625,377200
1988-09-23,3.5625,3.625,3.5625,3.59375,103600
1988-09-26,3.59375,3.625,3.5625,3.5625,33200
1988-09-27,3.59375,3.625,3.5625,3.59375,32800
1988-09-28,3.59375,3.625,3.5625,3.59375,110400
1988-09-29,3.6875,3.6875,3.5625,3.59375,68800
1988-09-30,3.6875,3.71875,3.65625,3.6875,438400
1988-10-03,3.625,3.65625,3.5625,3.65625,1057600
1988-10-04,3.6875,3.6875,3.59375,3.625,364400
1988-10-05,3.46875,3.65625,3.40625,3.65625,665600
1988-10-06,3.5,3.5,3.4375,3.46875,309200
1988-10-07,3.46875,3.53125,3.4375,3.5,194800
1988-10-10,3.46875,3.5,3.46875,3.46875,289600
1988-10-11,3.46875,3.5,3.46875,3.46875,95200
1988-10-12,3.46875,3.5,3.46875,3.46875,125200
1988-10-13,3.4375,3.46875,3.375,3.46875,114800
1988-10-14,3.46875,3.5,3.4375,3.4375,106400
1988-10-17,3.5625,3.5625,3.46875,3.46875,37600
1988-10-18,3.53125,3.59375,3.53125,3.5625,28400
1988-10-19,3.59375,3.59375,3.53125,3.53125,86000
1988-10-20,3.59375,3.625,3.53125,3.59375,234800
1988-10-21,3.46875,3.59375,3.46875,3.59375,197200
1988-10-24,3.5,3.5,3.46875,3.46875,62000
1988-10-25,3.5,3.5,3.46875,3.5,62800
1988-10-26,3.46875,3.5,3.46875,3.5,19200
1988-10-27,3.46875,3.53125,3.46875,3.46875,348400
1988-10-28,3.5,3.5,3.46875,3.46875,441600
1988-10-31,3.40625,3.46875,3.40625,3.46875,243600
1988-11-01,3.4375,3.4375,3.375,3.40625,21600
1988-11-02,3.40625,3.4375,3.40625,3.4375,26000
1988-11-03,3.375,3.4375,3.375,3.40625,113200
1988-11-04,3.375,3.375,3.34375,3.375,37600
1988-11-07,3.40625,3.40625,3.3125,3.375,142000
1988-11-08,3.375,3.4375,3.375,3.40625,272000
1988-11-09,3.4375,3.4375,3.375,3.375,190400
1988-11-10,3.40625,3.46875,3.40625,3.4375,212000
1988-11-11,3.46875,3.46875,3.40625,3.40625,60400
1988-11-14,3.4375,3.53125,3.4375,3.46875,67600
1988-11-15,3.5,3.5,3.40625,3.4375,185600
1988-11-16,3.4375,3.5,3.4375,3.5,64800
1988-11-17,3.46875,3.5,3.4375,3.4375,85200
1988-11-18,3.46875,3.5,3.4375,3.46875,69600
1988-11-21,3.46875,3.46875,3.4375,3.46875,58400
1988-11-22,3.5,3.5,3.4375,3.46875,248800
1988-11-23,3.53125,3.5625,3.46875,3.5,111600
1988-11-25,3.625,3.625,3.5,3.53125,76000
1988-11-28,3.5625,3.65625,3.53125,3.625,105600
1988-11-29,3.5,3.5625,3.4375,3.5625,1058000
1988-11-30,3.53125,3.5625,3.4375,3.5,182400
1988-12-01,3.53125,3.5625,3.46875,3.53125,390800
1988-12-02,3.5,3.53125,3.5,3.53125,123600
1988-12-05,3.5,3.5625,3.5,3.5,218000
1988-12-06,3.53125,3.5625,3.5,3.5,180400
1988-12-07,3.5625,3.5625,3.5,3.53125,109200
1988-12-08,3.53125,3.53125,3.5,3.53125,118400
1988-12-09,3.53125,3.53125,3.5,3.53125,466800
1988-12-12,3.53125,3.5625,3.5,3.53125,127200
1988-12-13,3.59375,3.59375,3.53125,3.53125,30800
1988-12-14,3.625,3.625,3.59375,3.59375,55600
1988-12-15,3.625,3.625,3.59375,3.625,49200
1988-12-16,3.59375,3.625,3.59375,3.625,45200
1988-12-19,3.59375,3.625,3.59375,3.59375,82000
1988-12-20,3.625,3.65625,3.5625,3.59375,236800
1988-12-21,3.65625,3.6875,3.59375,3.625,101600
1988-12-22,3.59375,3.65625,3.59375,3.65625,160400
1988-12-23,3.625,3.65625,3.625,3.625,35200
1988-12-27,3.65625,3.65625,3.625,3.625,20800
1988-12-28,3.78125,3.78125,3.625,3.65625,242400
1988-12-29,3.78125,3.8125,3.78125,3.78125,79600
1988-12-30,3.875,3.875,3.71875,3.78125,278800
1989-01-03,3.78125,3.84375,3.75,3.84375,70000
1989-01-04,3.8125,3.8125,3.71875,3.78125,180000
1989-01-05,3.875,3.875,3.78125,3.84375,124000
1989-01-06,3.84375,3.875,3.8125,3.84375,180400
1989-01-09,3.875,3.90625,3.8125,3.90625,236400
1989-01-10,3.96875,3.96875,3.8125,3.90625,409600
1989-01-11,4.03125,4.09375,3.96875,3.96875,892000
1989-01-12,4.125,4.125,4.0,4.03125,1088400
1989-01-13,4.1875,4.21875,4.125,4.15625,372800
1989-01-16,4.15625,4.1875,4.09375,4.1875,529600
1989-01-17,4.125,4.1875,4.0625,4.15625,388400
1989-01-18,4.25,4.25,4.09375,4.15625,572800
1989-01-19,4.15625,4.25,4.15625,4.25,100400
1989-01-20,4.21875,4.21875,4.15625,4.1875,452400
1989-01-23,4.15625,4.21875,4.125,4.21875,238000
1989-01-24,4.15625,4.15625,4.09375,4.15625,402000
1989-01-25,4.25,4.3125,4.125,4.1875,194400
1989-01-26,4.40625,4.40625,4.25,4.28125,1333600
1989-01-27,4.5625,4.65625,4.375,4.40625,2786800
1989-01-30,4.5,4.53125,4.46875,4.5,1008400
1989-01-31,4.5,4.59375,4.4375,4.5625,724800
1989-02-01,4.46875,4.5,4.4375,4.46875,398800
1989-02-02,4.46875,4.5,4.4375,4.46875,76000
1989-02-03,4.53125,4.53125,4.4375,4.46875,285600
1989-02-06,4.4375,4.53125,4.40625,4.53125,270800
1989-02-07,4.4375,4.46875,4.375,4.40625,1048800
1989-02-08,4.375,4.46875,4.34375,4.46875,124400
1989-02-09,4.21875,4.375,4.21875,4.34375,137200
1989-02-10,4.15625,4.21875,4.09375,4.15625,282400
1989-02-13,4.125,4.125,4.0625,4.125,272000
1989-02-14,4.21875,4.25,4.09375,4.09375,130400
1989-02-15,4.25,4.28125,4.21875,4.25,431600
1989-02-16,4.21875,4.28125,4.1875,4.25,168400
1989-02-17,4.21875,4.21875,4.1875,4.1875,114800
1989-02-21,4.125,4.21875,4.125,4.1875,193200
1989-02-22,4.09375,4.09375,4.0,4.09375,193600
1989-02-23,4.125,4.125,4.03125,4.09375,544800
1989-02-24,4.15625,4.1875,4.09375,4.125,882000
1989-02-27,4.15625,4.1875,4.125,4.15625,449600
1989-02-28,4.125,4.15625,4.0625,4.15625,569600
1989-03-01,4.09375,4.125,4.0625,4.09375,110000
1989-03-02,4.09375,4.09375,4.0625,4.09375,508400
1989-03-03,4.125,4.125,4.0625,4.0625,1703200
1989-03-06,4.0625,4.125,4.03125,4.09375,1486400
1989-03-07,3.9375,4.0625,3.90625,4.0625,271200
1989-03-08,4.0,4.0,3.875,3.96875,521200
1989-03-09,4.0,4.0,3.9375,3.9375,863600
1989-03-10,3.9375,4.0,3.9375,4.0,339200
1989-03-13,3.9375,3.96875,3.875,3.90625,587200
1989-03-14,4.0,4.0,3.96875,3.96875,219200
1989-03-15,4.0,4.03125,3.96875,4.0,1554400
1989-03-16,4.0,4.03125,3.96875,4.03125,823600
1989-03-17,3.875,3.96875,3.84375,3.96875,311200
1989-03-20,3.8125,3.875,3.78125,3.875,268800
1989-03-21,3.8125,3.875,3.8125,3.8125,808400
1989-03-22,3.8125,3.875,3.75,3.84375,2554800
1989-03-23,3.78125,3.875,3.75,3.84375,876400
1989-03-27,3.75,3.84375,3.71875,3.8125,173200
1989-03-28,3.875,3.96875,3.75,3.78125,518000
1989-03-29,4.03125,4.0625,3.9375,3.9375,1122800
1989-03-30,4.03125,4.0625,3.96875,4.0625,284000
1989-03-31,4.0,4.09375,4.0,4.0,540000
1989-04-03,4.03125,4.0625,4.0,4.03125,158400
1989-04-04,4.03125,4.09375,4.03125,4.0625,596000
1989-04-05,4.0625,4.0625,4.03125,4.0625,230400
1989-04-06,4.0625,4.09375,4.03125,4.09375,209200
1989-04-07,4.0,4.09375,3.96875,4.09375,199200
1989-04-10,4.0625,4.09375,4.0,4.0,672000
1989-04-11,4.0625,4.0625,4.03125,4.0625,401200
1989-04-12,4.03125,4.09375,4.0,4.0625,563600
1989-04-13,4.03125,4.0625,3.96875,4.0625,374400
1989-04-14,4.125,4.125,4.03125,4.03125,781600
1989-04-17,4.34375,4.34375,4.125,4.125,781600
1989-04-18,4.5,4.53125,4.34375,4.375,758000
1989-04-19,4.5,4.53125,4.40625,4.4375,657600
1989-04-20,4.375,4.5,4.34375,4.5,610800
1989-04-21,4.3125,4.375,4.3125,4.34375,720400
1989-04-24,4.4375,4.4375,4.34375,4.34375,260000
1989-04-25,4.4375,4.5,4.40625,4.4375,1207600
1989-04-26,4.40625,4.4375,4.34375,4.4375,772000
1989-04-27,4.46875,4.5,4.4375,4.4375,840000
1989-04-28,4.375,4.46875,4.28125,4.46875,232800
1989-05-01,4.25,4.375,4.25,4.375,117200
1989-05-02,4.25,4.34375,4.25,4.3125,148400
1989-05-03,4.25,4.25,4.21875,4.21875,278000
1989-05-04,4.21875,4.28125,4.21875,4.25,86000
1989-05-05,4.28125,4.34375,4.21875,4.21875,452000
1989-05-08,4.28125,4.28125,4.21875,4.28125,295200
1989-05-09,4.25,4.3125,4.21875,4.28125,193200
1989-05-10,4.25,4.28125,4.25,4.25,159600
1989-05-11,4.34375,4.34375,4.21875,4.25,226000
1989-05-12,4.5,4.5,4.375,4.40625,382400
1989-05-15,4.46875,4.53125,4.4375,4.5,887600
1989-05-16,4.40625,4.46875,4.40625,4.4375,189600
1989-05-17,4.46875,4.5,4.375,4.46875,608800
1989-05-18,4.46875,4.53125,4.40625,4.40625,855600
1989-05-19,4.5,4.53125,4.46875,4.5,696000
1989-05-22,4.46875,4.5,4.4375,4.5,293600
1989-05-23,4.40625,4.4375,4.375,4.40625,271200
1989-05-24,4.40625,4.40625,4.34375,4.34375,40400
1989-05-25,4.40625,4.4375,4.3125,4.34375,222000
1989-05-26,4.40625,4.40625,4.34375,4.40625,79600
1989-05-30,4.34375,4.40625,4.34375,4.375,164400
1989-05-31,4.5,4.5,4.375,4.40625,1340000
1989-06-01,4.59375,4.59375,4.53125,4.53125,1404400
1989-06-02,4.78125,4.78125,4.625,4.625,1428000
1989-06-05,4.78125,4.875,4.75,4.84375,542000
1989-06-06,4.875,4.90625,4.78125,4.78125,430800
1989-06-07,5.25,5.28125,4.9375,4.9375,1306000
1989-06-08,5.28125,5.375,5.21875,5.21875,1220000
1989-06-09,5.28125,5.34375,5.21875,5.25,513600
1989-06-12,5.28125,5.375,5.15625,5.34375,481200
1989-06-13,5.09375,5.25,5.03125,5.25,391600
1989-06-14,5.15625,5.15625,5.0625,5.09375,384000
1989-06-15,5.125,5.21875,5.125,5.15625,244000
1989-06-16,5.15625,5.21875,5.09375,5.125,599200
1989-06-19,5.1875,5.21875,5.09375,5.15625,463600
1989-06-20,5.25,5.3125,5.1875,5.25,290800
1989-06-21,5.09375,5.1875,5.0625,5.1875,1326400
1989-06-22,5.1875,5.21875,5.125,5.125,334800
1989-06-23,5.28125,5.3125,5.1875,5.1875,220800
1989-06-26,5.125,5.28125,5.125,5.25,99600
1989-06-27,5.1875,5.25,5.125,5.21875,289200
1989-06-28,5.125,5.21875,5.09375,5.21875,427600
1989-06-29,4.90625,5.125,4.84375,5.125,511200
1989-06-30,4.8125,4.84375,4.65625,4.84375,339200
1989-07-03,4.75,4.8125,4.71875,4.78125,400000
1989-07-05,4.96875,4.96875,4.71875,4.71875,701600
1989-07-06,5.125,5.15625,5.0,5.0,823600
1989-07-07,5.1875,5.25,5.125,5.21875,476400
1989-07-10,5.34375,5.34375,5.1875,5.21875,716800
1989-07-11,5.375,5.4375,5.34375,5.375,518800
1989-07-12,5.5625,5.5625,5.375,5.40625,547200
1989-07-13,5.6875,5.71875,5.4375,5.53125,368400
1989-07-14,5.65625,5.75,5.65625,5.71875,329200
1989-07-17,5.65625,5.65625,5.5625,5.625,231600
1989-07-18,5.625,5.65625,5.59375,5.65625,281600
1989-07-19,5.5625,5.59375,5.53125,5.59375,367200
1989-07-20,5.5,5.5625,5.5,5.5625,306400
1989-07-21,5.40625,5.5,5.40625,5.5,141600
1989-07-24,5.375,5.46875,5.3125,5.375,416000
1989-07-25,5.46875,5.46875,5.375,5.375,594400
1989-07-26,5.71875,5.71875,5.5,5.5,427200
1989-07-27,5.84375,5.84375,5.65625,5.71875,300800
1989-07-28,5.75,5.84375,5.6875,5.78125,465200
1989-07-31,5.75,5.8125,5.71875,5.75,188400
1989-08-01,5.75,5.875,5.75,5.8125,501600
1989-08-02,5.46875,5.71875,5.40625,5.71875,794800
1989-08-03,5.5625,5.5625,5.25,5.4375,565600
1989-08-04,5.625,5.75,5.5625,5.59375,344800
1989-08-07,5.875,5.96875,5.59375,5.65625,142400
1989-08-08,6.1875,6.1875,5.84375,5.9375,356000
1989-08-09,6.0625,6.1875,6.0625,6.15625,258400
1989-08-10,6.21875,6.21875,6.0,6.03125,317200
1989-08-11,6.0625,6.21875,6.0,6.21875,298000
1989-08-14,5.96875,6.0625,5.96875,6.0625,276400
1989-08-15,6.03125,6.09375,6.0,6.0,327600
1989-08-16,6.03125,6.0625,5.96875,6.03125,92800
1989-08-17,5.96875,6.03125,5.9375,5.96875,208400
1989-08-18,6.0,6.0625,5.875,6.0,326400
1989-08-21,6.03125,6.125,6.0,6.0625,97200
1989-08-22,6.0,6.0625,5.96875,6.0625,207200
1989-08-23,6.28125,6.3125,6.09375,6.09375,391200
1989-08-24,6.5,6.59375,6.3125,6.3125,1317200
1989-08-25,6.25,6.5,6.25,6.40625,286000
1989-08-28,6.25,6.28125,6.15625,6.25,262400
1989-08-29,6.21875,6.28125,6.15625,6.25,170000
1989-08-30,6.09375,6.25,6.0625,6.21875,260400
1989-08-31,6.125,6.125,6.0,6.125,193200
1989-09-01,6.125,6.15625,6.0625,6.125,126800
1989-09-05,6.1875,6.1875,6.0625,6.125,252400
1989-09-06,6.15625,6.21875,6.09375,6.1875,196000
1989-09-07,6.15625,6.1875,6.125,6.1875,110400
1989-09-08,6.21875,6.21875,6.125,6.15625,380000
1989-09-11,6.125,6.21875,6.125,6.21875,76000
1989-09-12,6.1875,6.1875,6.0625,6.125,87600
1989-09-13,6.15625,6.21875,6.125,6.15625,43600
1989-09-14,6.09375,6.15625,6.03125,6.125,192000
1989-09-15,5.90625,6.15625,5.875,6.125,174000
1989-09-18,5.875,5.90625,5.53125,5.84375,419200
1989-09-19,5.5625,5.875,5.5625,5.875,285600
1989-09-20,5.96875,5.96875,5.6875,5.6875,865200
1989-09-21,6.0,6.0625,5.96875,6.0,662400
1989-09-22,6.0,6.09375,5.9375,6.03125,107200
1989-09-25,5.875,5.96875,5.84375,5.96875,358400
1989-09-26,5.8125,5.96875,5.8125,5.84375,516800
1989-09-27,6.0,6.0,5.8125,5.84375,619600
1989-09-28,6.1875,6.1875,6.0,6.0,627200
1989-09-29,6.1875,6.21875,6.15625,6.15625,141600
1989-10-02,6.0625,6.1875,5.96875,6.1875,381600
1989-10-03,6.15625,6.1875,6.0625,6.0625,280400
1989-10-04,6.125,6.21875,6.125,6.1875,135600
1989-10-05,6.15625,6.21875,6.15625,6.1875,122400
1989-10-06,6.0625,6.1875,6.0,6.1875,291600
1989-10-09,5.9375,6.03125,5.9375,6.03125,53200
1989-10-10,6.0,6.0,5.90625,5.9375,555600
1989-10-11,5.625,6.03125,5.5625,5.96875,580000
1989-10-12,5.6875,5.6875,5.59375,5.625,412000
1989-10-13,5.46875,5.8125,5.28125,5.71875,493200
1989-10-16,5.53125,5.71875,5.0,5.0,596800
1989-10-17,5.28125,5.4375,5.125,5.1875,1325600
1989-10-18,5.59375,5.59375,5.25,5.28125,566000
1989-10-19,5.6875,5.78125,5.625,5.65625,224800
1989-10-20,5.625,5.75,5.53125,5.71875,107600
1989-10-23,5.1875,5.65625,5.125,5.65625,760400
1989-10-24,5.40625,5.4375,5.21875,5.25,421600
1989-10-25,5.40625,5.46875,5.375,5.375,92000
1989-10-26,5.21875,5.40625,5.0625,5.375,1462800
1989-10-27,5.125,5.21875,5.09375,5.21875,446800
1989-10-30,4.9375,5.09375,4.9375,5.0625,480400
1989-10-31,5.0625,5.125,4.96875,5.0,492000
1989-11-01,5.40625,5.4375,5.09375,5.09375,782800
1989-11-02,5.21875,5.4375,5.1875,5.4375,1200800
1989-11-03,5.15625,5.1875,5.03125,5.15625,1913600
1989-11-06,5.0625,5.15625,5.03125,5.15625,340400
1989-11-07,5.03125,5.09375,5.03125,5.0625,171200
1989-11-08,5.03125,5.125,5.0,5.09375,266800
1989-11-09,5.0,5.09375,4.96875,5.0625,369600
1989-11-10,5.0625,5.09375,4.96875,5.0,176800
1989-11-13,4.96875,5.125,4.9375,5.09375,749600
1989-11-14,4.90625,4.96875,4.90625,4.9375,160800
1989-11-15,4.90625,4.96875,4.90625,4.90625,157200
1989-11-16,4.875,4.9375,4.8125,4.90625,206800
1989-11-17,4.75,4.84375,4.65625,4.84375,435200
1989-11-20,4.46875,4.75,4.375,4.71875,2975200
1989-11-21,4.5,4.53125,4.4375,4.53125,2619600
1989-11-22,4.4375,4.5,4.3125,4.46875,2479200
1989-11-24,4.375,4.46875,4.375,4.40625,155200
1989-11-27,4.40625,4.4375,4.1875,4.3125,1503200
1989-11-28,4.875,4.90625,4.53125,4.5625,1083200
1989-11-29,4.875,4.9375,4.875,4.9375,483200
1989-11-30,4.90625,4.96875,4.78125,4.875,441600
1989-12-01,4.96875,5.0,4.90625,4.90625,270800
1989-12-04,4.875,4.96875,4.875,4.96875,368800
1989-12-05,4.8125,4.90625,4.75,4.90625,403600
1989-12-06,4.8125,4.84375,4.75,4.78125,199200
1989-12-07,4.90625,4.96875,4.75,4.84375,485600
1989-12-08,4.90625,4.9375,4.875,4.9375,93200
1989-12-11,4.875,4.9375,4.875,4.875,264000
1989-12-12,4.90625,4.96875,4.90625,4.90625,176400
1989-12-13,4.96875,5.0,4.90625,4.90625,621200
1989-12-14,5.1875,5.21875,4.9375,4.96875,268400
1989-12-15,5.1875,5.3125,5.09375,5.25,271600
1989-12-18,5.0,5.1875,4.9375,5.15625,634400
1989-12-19,4.90625,5.0,4.84375,5.0,746800
1989-12-20,4.96875,4.96875,4.84375,4.9375,142800
1989-12-21,5.03125,5.0625,4.9375,4.9375,334000
1989-12-22,5.0,5.0625,4.96875,5.0625,184000
1989-12-26,4.9375,5.0625,4.9375,5.03125,269600
1989-12-27,4.9375,4.96875,4.9375,4.96875,337600
1989-12-28,4.90625,4.96875,4.875,4.96875,491600
1989-12-29,4.96875,5.0,4.875,4.9375,152000
1990-01-02,5.0,5.0,4.9375,4.96875,304800
1990-01-03,4.9375,5.0,4.90625,5.0,439600
1990-01-04,5.03125,5.03125,4.9375,4.96875,328000
1990-01-05,5.0,5.0625,4.9375,5.0625,352400
1990-01-08,4.96875,5.0,4.9375,4.96875,162400
1990-01-09,4.875,4.96875,4.875,4.9375,199200
1990-01-10,4.8125,4.875,4.78125,4.84375,402000
1990-01-11,4.84375,4.84375,4.78125,4.8125,339600
1990-01-12,4.71875,4.84375,4.6875,4.84375,269200
1990-01-15,4.71875,4.75,4.65625,4.75,148800
1990-01-16,4.75,4.78125,4.625,4.65625,286400
1990-01-17,4.90625,4.96875,4.78125,4.8125,245200
1990-01-18,4.84375,4.875,4.6875,4.875,248400
1990-01-19,4.78125,4.90625,4.78125,4.8125,238000
1990-01-22,4.6875,4.8125,4.6875,4.78125,158800
1990-01-23,4.78125,4.78125,4.71875,4.75,154000
1990-01-24,4.71875,4.71875,4.53125,4.6875,223600
1990-01-25,4.75,4.78125,4.6875,4.6875,79200
1990-01-26,4.71875,4.78125,4.6875,4.75,119600
1990-01-29,4.75,4.84375,4.71875,4.78125,146800
1990-01-30,4.5,4.71875,4.5,4.71875,376400
1990-01-31,4.625,4.625,4.53125,4.5625,190400
1990-02-01,4.5625,4.6875,4.53125,4.6875,166400
1990-02-02,4.53125,4.59375,4.5,4.53125,478000
1990-02-05,4.53125,4.59375,4.53125,4.5625,87200
1990-02-06,4.53125,4.5625,4.5,4.53125,86000
1990-02-07,4.4375,4.65625,4.40625,4.5625,239200
1990-02-08,4.4375,4.5,4.4375,4.4375,173600
1990-02-09,4.5625,4.625,4.5,4.5625,648400
1990-02-12,4.625,4.625,4.5625,4.625,162800
1990-02-13,4.625,4.65625,4.59375,4.65625,122800
1990-02-14,4.625,4.625,4.5625,4.625,248000
1990-02-15,4.59375,4.625,4.5625,4.5625,78800
1990-02-16,4.6875,4.6875,4.59375,4.65625,204400
1990-02-20,4.65625,4.6875,4.5625,4.6875,171200
1990-02-21,4.625,4.65625,4.53125,4.59375,456400
1990-02-22,4.71875,4.71875,4.625,4.625,76400
1990-02-23,4.59375,4.71875,4.5625,4.6875,754000
1990-02-26,4.65625,4.65625,4.5625,4.5625,58800
1990-02-27,4.53125,4.6875,4.53125,4.6875,269200
1990-02-28,4.40625,4.5625,4.34375,4.5625,454800
1990-03-01,4.3125,4.375,4.21875,4.375,822400
1990-03-02,4.25,4.3125,4.0625,4.3125,1125600
1990-03-05,4.3125,4.375,4.28125,4.28125,180000
1990-03-06,4.5,4.5,4.34375,4.34375,316800
1990-03-07,4.5,4.5,4.46875,4.5,368800
1990-03-08,4.46875,4.5,4.40625,4.5,213200
1990-03-09,4.71875,4.71875,4.5,4.5,808000
1990-03-12,4.875,4.90625,4.65625,4.71875,441600
1990-03-13,4.875,4.90625,4.8125,4.84375,164400
1990-03-14,4.90625,5.0,4.84375,4.90625,348400
1990-03-15,5.125,5.1875,4.90625,4.90625,434000
1990-03-16,5.1875,5.1875,5.03125,5.09375,206400
1990-03-19,5.1875,5.1875,5.0,5.125,316000
1990-03-20,5.375,5.375,5.21875,5.21875,422400
1990-03-21,5.21875,5.46875,5.1875,5.34375,516400
1990-03-22,5.09375,5.28125,5.03125,5.21875,275200
1990-03-23,5.09375,5.1875,5.0,5.15625,211600
1990-03-26,5.28125,5.34375,5.03125,5.0625,218000
1990-03-27,5.375,5.375,5.15625,5.25,680400
1990-03-28,5.375,5.375,5.25,5.3125,282800
1990-03-29,5.40625,5.4375,5.34375,5.34375,111200
1990-03-30,5.3125,5.46875,5.3125,5.40625,452400
1990-04-02,5.125,5.25,5.125,5.25,109600
1990-04-03,5.03125,5.09375,4.84375,5.09375,473200
1990-04-04,4.96875,5.0625,4.84375,5.0,1028800
1990-04-05,4.96875,4.96875,4.90625,4.90625,504400
1990-04-06,4.9375,4.96875,4.9375,4.96875,202000
1990-04-09,5.0625,5.0625,4.9375,4.9375,175200
1990-04-10,5.21875,5.21875,5.03125,5.0625,170000
1990-04-11,5.28125,5.375,5.21875,5.21875,369200
1990-04-12,5.3125,5.34375,5.28125,5.3125,206400
1990-04-16,5.28125,5.375,5.25,5.25,62000
1990-04-17,5.15625,5.21875,5.0,5.21875,261600
1990-04-18,5.0625,5.125,5.03125,5.09375,107200
1990-04-19,4.96875,5.03125,4.9375,5.0,316800
1990-04-20,4.84375,4.9375,4.84375,4.9375,365200
1990-04-23,4.78125,4.90625,4.75,4.875,326400
1990-04-24,4.75,4.875,4.6875,4.84375,333600
1990-04-25,4.78125,4.8125,4.75,4.75,163600
1990-04-26,4.84375,4.875,4.78125,4.84375,199200
1990-04-27,4.84375,4.84375,4.78125,4.8125,215200
1990-04-30,4.9375,4.9375,4.8125,4.8125,110800
1990-05-01,5.0,5.0625,4.96875,4.96875,233600
1990-05-02,5.21875,5.21875,5.0,5.0,553200
1990-05-03,5.1875,5.21875,5.15625,5.1875,305600
1990-05-04,5.21875,5.21875,5.15625,5.1875,114000
1990-05-07,5.25,5.28125,5.1875,5.1875,263600
1990-05-08,5.1875,5.34375,5.1875,5.28125,523600
1990-05-09,5.125,5.15625,5.03125,5.15625,729200
1990-05-10,5.125,5.15625,5.09375,5.125,195600
1990-05-11,5.1875,5.25,5.15625,5.15625,664000
1990-05-14,5.03125,5.21875,5.03125,5.21875,449600
1990-05-15,5.25,5.28125,5.0625,5.0625,768400
1990-05-16,5.4375,5.4375,5.21875,5.25,349600
1990-05-17,5.59375,5.65625,5.46875,5.5,723600
1990-05-18,5.625,5.65625,5.5625,5.625,361200
1990-05-21,5.84375,5.84375,5.65625,5.65625,639600
1990-05-22,5.625,5.90625,5.59375,5.84375,369200
1990-05-23,5.71875,5.71875,5.4375,5.5625,378400
1990-05-24,5.65625,5.78125,5.65625,5.65625,320000
1990-05-25,5.625,5.6875,5.46875,5.59375,126400
1990-05-29,5.78125,5.84375,5.65625,5.6875,534400
1990-05-30,5.75,5.84375,5.6875,5.8125,314800
1990-05-31,5.78125,5.84375,5.75,5.75,360000
1990-06-01,5.96875,6.0,5.8125,5.8125,276400
1990-06-04,6.0,6.0625,5.9375,6.0625,417200
1990-06-05,6.0625,6.15625,5.90625,6.03125,516400
1990-06-06,6.0,6.0625,5.9375,5.96875,227200
1990-06-07,5.9375,6.0,5.8125,5.9375,262000
1990-06-08,5.78125,5.96875,5.71875,5.9375,252800
1990-06-11,5.75,5.75,5.625,5.75,250400
1990-06-12,5.90625,5.90625,5.71875,5.75,136800
1990-06-13,6.0,6.03125,5.90625,5.90625,425600
1990-06-14,6.1875,6.1875,6.0,6.03125,858400
1990-06-15,6.125,6.1875,6.0625,6.1875,344000
1990-06-18,6.03125,6.125,6.0,6.125,260400
1990-06-19,6.1875,6.1875,6.0,6.03125,713600
1990-06-20,6.15625,6.21875,6.0625,6.1875,814800
1990-06-21,6.09375,6.15625,5.96875,6.125,1036400
1990-06-22,6.0625,6.125,6.0,6.125,492800
1990-06-25,5.90625,6.0625,5.875,6.03125,635600
1990-06-26,6.0,6.09375,5.9375,5.96875,821600
1990-06-27,6.0625,6.09375,5.9375,5.96875,434400
1990-06-28,6.125,6.15625,6.0625,6.09375,984800
1990-06-29,6.0625,6.125,6.0,6.125,461600
1990-07-02,5.9375,6.125,5.90625,6.0625,470400
1990-07-03,6.03125,6.03125,5.9375,5.9375,402800
1990-07-05,5.8125,6.03125,5.78125,6.03125,432000
1990-07-06,5.8125,5.84375,5.71875,5.78125,526800
1990-07-09,5.71875,5.78125,5.65625,5.78125,382000
1990-07-10,5.75,5.78125,5.71875,5.75,208400
1990-07-11,5.8125,5.84375,5.75,5.78125,458400
1990-07-12,5.9375,5.96875,5.8125,5.84375,302400
1990-07-13,6.0,6.0,5.9375,5.96875,326800
1990-07-16,5.9375,6.0625,5.9375,6.03125,420800
1990-07-17,5.84375,5.96875,5.84375,5.9375,266000
1990-07-18,5.78125,5.84375,5.78125,5.8125,486000
1990-07-19,5.78125,5.8125,5.75,5.75,172400
1990-07-20,5.8125,5.84375,5.78125,5.8125,132800
1990-07-23,5.71875,5.75,5.4375,5.75,295600
1990-07-24,5.65625,5.71875,5.59375,5.6875,262800
1990-07-25,5.46875,5.625,5.40625,5.625,370400
1990-07-26,5.53125,5.5625,5.46875,5.46875,164800
1990-07-27,5.40625,5.5,5.40625,5.5,190400
1990-07-30,5.21875,5.4375,5.1875,5.4375,532400
1990-07-31,5.21875,5.25,5.15625,5.25,422800
1990-08-01,5.1875,5.1875,5.03125,5.15625,303600
1990-08-02,4.875,5.03125,4.8125,5.03125,305600
1990-08-03,4.78125,4.8125,4.59375,4.8125,672800
1990-08-06,4.40625,4.53125,4.28125,4.5,925200
1990-08-07,4.46875,4.59375,4.4375,4.5,700000
1990-08-08,4.5,4.53125,4.40625,4.40625,224400
1990-08-09,4.5625,4.59375,4.46875,4.5625,264400
1990-08-10,4.5,4.59375,4.46875,4.59375,242800
1990-08-13,4.40625,4.5,4.34375,4.4375,428400
1990-08-14,4.625,4.65625,4.40625,4.40625,244400
1990-08-15,4.71875,4.71875,4.625,4.65625,192400
1990-08-16,4.59375,4.71875,4.59375,4.71875,403600
1990-08-17,4.375,4.59375,4.28125,4.5625,352000
1990-08-20,4.15625,4.34375,4.125,4.34375,341600
1990-08-21,3.90625,4.0,3.71875,4.0,644800
1990-08-22,3.9375,4.0,3.875,3.875,324800
1990-08-23,3.65625,3.8125,3.59375,3.8125,676000
1990-08-24,3.84375,3.875,3.6875,3.6875,344000
1990-08-27,4.375,4.375,4.03125,4.03125,419600
1990-08-28,4.375,4.375,4.3125,4.34375,228400
1990-08-29,4.375,4.375,4.25,4.34375,239600
1990-08-30,4.375,4.4375,4.3125,4.40625,118800
1990-08-31,4.40625,4.40625,4.375,4.375,214000
1990-09-04,4.375,4.40625,4.34375,4.40625,269600
1990-09-05,4.4375,4.4375,4.375,4.375,176000
1990-09-06,4.40625,4.4375,4.375,4.4375,92400
1990-09-07,4.4375,4.5,4.375,4.40625,388000
1990-09-10,4.3125,4.5,4.28125,4.46875,867200
1990-09-11,4.09375,4.25,3.96875,4.25,1324000
1990-09-12,4.09375,4.15625,4.0625,4.15625,341200
1990-09-13,4.0,4.09375,3.96875,4.09375,390400
1990-09-14,3.90625,3.96875,3.84375,3.96875,562000
1990-09-17,3.90625,3.90625,3.84375,3.875,408800
1990-09-18,3.90625,3.90625,3.84375,3.90625,162400
1990-09-19,3.8125,3.9375,3.8125,3.90625,292000
1990-09-20,3.75,3.8125,3.75,3.8125,126400
1990-09-21,3.65625,3.78125,3.59375,3.75,335600
1990-09-24,3.40625,3.625,3.375,3.59375,786000
1990-09-25,3.46875,3.46875,3.375,3.4375,587200
1990-09-26,3.4375,3.46875,3.40625,3.46875,662800
1990-09-27,3.34375,3.4375,3.34375,3.4375,356400
1990-09-28,3.125,3.375,3.125,3.375,1115200
1990-10-01,3.21875,3.25,3.125,3.21875,1702800
1990-10-02,3.46875,3.46875,3.34375,3.34375,2214000
1990-10-03,3.4375,3.46875,3.40625,3.46875,322800
1990-10-04,3.0,3.34375,2.875,3.34375,1940000
1990-10-05,2.84375,3.0,2.8125,3.0,1444800
1990-10-08,2.875,2.9375,2.875,2.9375,196000
1990-10-09,2.8125,2.875,2.78125,2.875,262800
1990-10-10,2.875,3.0,2.8125,2.8125,524800
1990-10-11,2.75,2.84375,2.71875,2.84375,791600
1990-10-12,2.78125,2.78125,2.6875,2.75,569200
1990-10-15,2.875,2.875,2.78125,2.8125,251200
1990-10-16,2.875,2.90625,2.84375,2.875,159600
1990-10-17,2.90625,2.9375,2.875,2.875,222800
1990-10-18,3.25,3.25,2.90625,2.9375,753200
1990-10-19,3.5,3.71875,3.4375,3.4375,1436400
1990-10-22,3.53125,3.59375,3.4375,3.46875,1087200
1990-10-23,3.5,3.53125,3.46875,3.53125,223200
1990-10-24,3.3125,3.4375,3.25,3.4375,588000
1990-10-25,3.25,3.3125,3.25,3.3125,202000
1990-10-26,3.1875,3.21875,3.0625,3.21875,607200
1990-10-29,3.15625,3.1875,3.09375,3.1875,206400
1990-10-30,3.125,3.1875,3.03125,3.15625,353200
1990-10-31,3.15625,3.15625,3.09375,3.125,344000
1990-11-01,3.25,3.28125,3.125,3.15625,204800
1990-11-02,3.34375,3.40625,3.28125,3.28125,140800
1990-11-05,3.40625,3.4375,3.34375,3.375,168800
1990-11-06,3.5,3.53125,3.375,3.40625,293200
1990-11-07,3.25,3.46875,3.21875,3.46875,372800
1990-11-08,3.15625,3.21875,3.09375,3.21875,204000
1990-11-09,3.3125,3.3125,3.125,3.15625,483600
1990-11-12,3.4375,3.46875,3.3125,3.3125,541200
1990-11-13,3.53125,3.5625,3.4375,3.4375,616800
1990-11-14,3.6875,3.6875,3.5,3.53125,446000
1990-11-15,3.625,3.65625,3.5625,3.625,340400
1990-11-16,3.5625,3.625,3.53125,3.59375,211600
1990-11-19,3.65625,3.65625,3.5625,3.5625,232400
1990-11-20,3.5625,3.78125,3.5625,3.6875,363600
1990-11-21,3.46875,3.59375,3.40625,3.59375,332000
1990-11-23,3.40625,3.4375,3.375,3.40625,134000
1990-11-26,3.40625,3.4375,3.375,3.40625,418800
1990-11-27,3.375,3.4375,3.34375,3.40625,203600
1990-11-28,3.375,3.40625,3.3125,3.375,187200
1990-11-29,3.34375,3.4375,3.34375,3.375,228000
1990-11-30,3.3125,3.375,3.28125,3.375,308000
1990-12-03,3.40625,3.4375,3.3125,3.3125,296800
1990-12-04,3.59375,3.59375,3.40625,3.4375,462400
1990-12-05,3.71875,3.71875,3.5625,3.5625,1348400
1990-12-06,3.6875,4.0,3.6875,3.8125,1704000
1990-12-07,3.6875,3.78125,3.65625,3.71875,566000
1990-12-10,3.8125,3.84375,3.65625,3.6875,917600
1990-12-11,3.78125,3.875,3.75,3.78125,644000
1990-12-12,3.8125,3.84375,3.71875,3.75,511200
1990-12-13,3.875,3.875,3.8125,3.8125,312400
1990-12-14,3.8125,3.84375,3.78125,3.8125,126000
1990-12-17,3.84375,3.875,3.8125,3.8125,238400
1990-12-18,3.90625,3.90625,3.84375,3.875,136400
1990-12-19,3.90625,3.96875,3.90625,3.90625,396000
1990-12-20,3.875,3.9375,3.8125,3.8125,210000
1990-12-21,3.78125,3.875,3.6875,3.875,392800
1990-12-24,3.59375,3.75,3.59375,3.75,381600
1990-12-26,3.625,3.65625,3.53125,3.53125,544800
1990-12-27,3.5,3.59375,3.46875,3.59375,402400
1990-12-28,3.5,3.53125,3.46875,3.46875,516400
1990-12-31,3.53125,3.5625,3.46875,3.53125,300400
1991-01-02,3.53125,3.53125,3.5,3.5,443200
1991-01-03,3.46875,3.5,3.46875,3.5,296000
1991-01-04,3.40625,3.4375,3.375,3.4375,189200
1991-01-07,3.25,3.40625,3.25,3.40625,258400
1991-01-08,3.21875,3.21875,3.15625,3.15625,604400
1991-01-09,3.21875,3.25,3.15625,3.21875,657200
1991-01-10,3.15625,3.21875,3.125,3.1875,314000
1991-01-11,3.09375,3.1875,3.0625,3.15625,333200
1991-01-14,3.09375,3.125,3.03125,3.0625,724000
1991-01-15,3.1875,3.21875,3.09375,3.15625,518800
1991-01-16,3.40625,3.40625,3.1875,3.21875,502000
1991-01-17,3.65625,3.71875,3.59375,3.71875,1156000
1991-01-18,3.71875,3.75,3.625,3.625,766400
1991-01-21,3.625,3.65625,3.5625,3.65625,422000
1991-01-22,3.6875,3.6875,3.59375,3.59375,222800
1991-01-23,3.5625,3.625,3.53125,3.625,888000
1991-01-24,3.625,3.65625,3.5625,3.5625,1292800
1991-01-25,3.6875,3.71875,3.5625,3.625,445600
1991-01-28,3.71875,3.71875,3.5625,3.625,849600
1991-01-29,3.71875,3.71875,3.65625,3.6875,239200
1991-01-30,4.0,4.0,3.6875,3.71875,1045200
1991-01-31,4.1875,4.1875,4.0,4.0,1898800
1991-02-01,4.40625,4.4375,4.21875,4.25,2236800
1991-02-04,4.28125,4.40625,4.25,4.40625,1358000
1991-02-05,4.28125,4.375,4.21875,4.25,966400
1991-02-06,4.46875,4.5625,4.25,4.3125,936000
1991-02-07,4.625,4.78125,4.53125,4.53125,2087600
1991-02-08,4.78125,4.78125,4.53125,4.625,643200
1991-02-11,4.8125,4.875,4.75,4.78125,816800
1991-02-12,4.75,4.8125,4.6875,4.78125,642800
1991-02-13,4.78125,4.8125,4.625,4.6875,1355600
1991-02-14,4.78125,4.8125,4.75,4.75,451600
1991-02-15,4.78125,4.84375,4.65625,4.78125,469200
1991-02-19,4.78125,4.8125,4.6875,4.75,998800
1991-02-20,4.625,4.75,4.59375,4.75,380400
1991-02-21,4.40625,4.625,4.40625,4.59375,486800
1991-02-22,4.375,4.40625,4.34375,4.40625,440800
1991-02-25,4.3125,4.46875,4.28125,4.4375,413200
1991-02-26,4.21875,4.25,4.15625,4.25,428800
1991-02-27,4.125,4.15625,4.09375,4.125,366800
1991-02-28,4.375,4.40625,4.125,4.125,1526000
1991-03-01,4.65625,4.75,4.40625,4.40625,10070000
1991-03-04,4.65625,4.71875,4.65625,4.6875,1810800
1991-03-05,4.65625,4.71875,4.65625,4.6875,935200
1991-03-06,4.84375,5.03125,4.6875,4.78125,2676400
1991-03-07,4.90625,4.9375,4.875,4.90625,1272400
1991-03-08,5.1875,5.1875,4.90625,4.9375,903600
1991-03-11,5.15625,5.1875,5.0625,5.1875,984000
1991-03-12,5.0625,5.125,5.03125,5.125,666000
1991-03-13,5.0625,5.15625,4.9375,5.09375,1038400
1991-03-14,5.09375,5.1875,5.03125,5.09375,590000
1991-03-15,4.96875,5.03125,4.875,5.03125,198800
1991-03-18,4.90625,4.96875,4.875,4.96875,269600
1991-03-19,4.6875,4.875,4.625,4.875,306800
1991-03-20,4.75,4.78125,4.6875,4.6875,365200
1991-03-21,4.90625,4.9375,4.75,4.8125,244000
1991-03-22,4.84375,4.96875,4.84375,4.96875,122800
1991-03-25,4.8125,4.875,4.8125,4.875,82800
1991-03-26,5.0,5.03125,4.78125,4.78125,1096800
1991-03-27,4.9375,5.0,4.90625,5.0,202800
1991-03-28,5.0,5.03125,4.96875,5.0,1558000
1991-04-01,5.03125,5.0625,4.96875,5.0,1435600
1991-04-02,5.1875,5.1875,5.0625,5.0625,986400
1991-04-03,5.28125,5.3125,5.1875,5.1875,1741600
1991-04-04,5.4375,5.4375,5.3125,5.375,576000
1991-04-05,5.34375,5.4375,5.28125,5.4375,695600
1991-04-08,5.34375,5.40625,5.3125,5.375,401600
1991-04-09,5.375,5.40625,5.28125,5.34375,244400
1991-04-10,5.28125,5.4375,5.125,5.40625,684800
1991-04-11,5.40625,5.40625,5.3125,5.3125,324800
1991-04-12,5.46875,5.46875,5.375,5.4375,386800
1991-04-15,5.4375,5.5,5.34375,5.46875,471600
1991-04-16,5.90625,5.9375,5.46875,5.46875,1724800
1991-04-17,6.125,6.125,5.875,5.96875,1954400
1991-04-18,6.25,6.28125,6.0,6.0625,1970000
1991-04-19,6.15625,6.28125,6.125,6.28125,803600
1991-04-22,5.9375,6.15625,5.90625,6.15625,1107200
1991-04-23,6.03125,6.09375,5.96875,5.96875,921200
1991-04-24,6.15625,6.21875,5.96875,6.0,1138400
1991-04-25,6.0,6.15625,5.96875,6.15625,305200
1991-04-26,5.96875,6.0625,5.9375,5.96875,384800
1991-04-29,5.9375,6.0,5.875,6.0,267200
1991-04-30,6.0625,6.0625,5.8125,5.90625,560800
1991-05-01,6.0625,6.0625,6.0,6.03125,452000
1991-05-02,6.1875,6.21875,5.96875,6.09375,489600
1991-05-03,6.15625,6.25,6.09375,6.15625,330400
1991-05-06,6.03125,6.09375,6.0,6.09375,354800
1991-05-07,6.0,6.03125,6.0,6.03125,140000
1991-05-08,6.125,6.125,5.875,5.96875,478000
1991-05-09,6.28125,6.3125,6.1875,6.1875,1775600
1991-05-10,6.125,6.3125,6.09375,6.21875,466000
1991-05-13,5.96875,6.15625,5.96875,6.15625,236000
1991-05-14,5.84375,6.0,5.78125,6.0,566800
1991-05-15,5.65625,5.84375,5.5625,5.8125,468000
1991-05-16,5.71875,5.75,5.65625,5.71875,390800
1991-05-17,5.71875,5.71875,5.65625,5.71875,217600
1991-05-20,5.6875,5.71875,5.625,5.6875,251200
1991-05-21,5.6875,5.71875,5.6875,5.6875,396400
1991-05-22,5.78125,5.78125,5.6875,5.6875,465200
1991-05-23,5.75,5.84375,5.71875,5.78125,290000
1991-05-24,5.8125,5.875,5.6875,5.75,338400
1991-05-28,5.9375,5.9375,5.875,5.875,74000
1991-05-29,5.96875,6.03125,5.90625,5.9375,683600
1991-05-30,5.75,6.09375,5.75,6.0,733600
1991-05-31,5.9375,6.0,5.8125,5.8125,1060400
1991-06-03,5.9375,6.0,5.875,6.0,786400
1991-06-04,5.90625,5.9375,5.78125,5.9375,434000
1991-06-05,5.96875,5.96875,5.875,5.90625,174400
1991-06-06,5.90625,5.96875,5.875,5.96875,256400
1991-06-07,5.75,5.875,5.65625,5.875,785600
1991-06-10,5.6875,5.71875,5.625,5.71875,362800
1991-06-11,5.75,5.8125,5.6875,5.6875,984400
1991-06-12,5.75,5.75,5.625,5.6875,586400
1991-06-13,5.6875,5.78125,5.65625,5.78125,944000
1991-06-14,5.71875,5.75,5.6875,5.71875,230800
1991-06-17,5.71875,5.71875,5.65625,5.6875,192000
1991-06-18,5.5625,5.71875,5.53125,5.71875,299200
1991-06-19,5.375,5.53125,5.3125,5.5,586000
1991-06-20,5.375,5.40625,5.3125,5.3125,358000
1991-06-21,5.46875,5.5,5.40625,5.40625,191600
1991-06-24,5.375,5.46875,5.34375,5.46875,184800
1991-06-25,5.375,5.4375,5.375,5.40625,114800
1991-06-26,5.375,5.40625,5.28125,5.375,396000
1991-06-27,5.46875,5.46875,5.375,5.375,279200
1991-06-28,5.25,5.46875,5.25,5.46875,376800
1991-07-01,5.0625,5.125,4.96875,5.125,1172800
1991-07-02,5.21875,5.25,5.0,5.03125,762800
1991-07-03,5.21875,5.25,5.125,5.1875,382400
1991-07-05,5.28125,5.28125,5.1875,5.21875,119200
1991-07-08,5.375,5.375,5.21875,5.25,335200
1991-07-09,5.28125,5.40625,5.25,5.40625,420000
1991-07-10,5.4375,5.4375,5.3125,5.34375,468000
1991-07-11,5.4375,5.5,5.40625,5.5,372000
1991-07-12,5.4375,5.5625,5.40625,5.5625,179200
1991-07-15,5.46875,5.5,5.40625,5.4375,328000
1991-07-16,5.40625,5.46875,5.34375,5.46875,392400
1991-07-17,5.375,5.40625,5.34375,5.40625,253600
1991-07-18,5.5625,5.5625,5.34375,5.34375,6554000
1991-07-19,5.5625,5.65625,5.5,5.59375,1747600
1991-07-22,5.5,5.53125,5.4375,5.5,747200
1991-07-23,5.53125,5.53125,5.46875,5.5,933600
1991-07-24,5.53125,5.53125,5.4375,5.53125,716400
1991-07-25,5.53125,5.53125,5.46875,5.53125,787200
1991-07-26,5.5,5.5625,5.46875,5.5,1163200
1991-07-29,5.5625,5.5625,5.5,5.53125,200800
1991-07-30,5.6875,5.75,5.5625,5.5625,576400
1991-07-31,5.71875,5.75,5.65625,5.6875,649600
1991-08-01,5.65625,5.71875,5.59375,5.71875,712800
1991-08-02,5.5,5.65625,5.5,5.65625,778400
1991-08-05,5.46875,5.53125,5.4375,5.5,273600
1991-08-06,5.4375,5.5,5.28125,5.46875,654000
1991-08-07,5.5,5.5625,5.40625,5.4375,660400
1991-08-08,5.5,5.5,5.375,5.5,217600
1991-08-09,5.34375,5.53125,5.3125,5.5,419600
1991-08-12,5.375,5.40625,5.34375,5.375,234000
1991-08-13,5.5,5.5,5.34375,5.34375,657200
1991-08-14,5.40625,5.53125,5.375,5.5,1236000
1991-08-15,5.4375,5.46875,5.375,5.40625,900800
1991-08-16,5.3125,5.40625,5.28125,5.40625,646400
1991-08-19,5.09375,5.15625,4.9375,5.0,1039200
1991-08-20,5.15625,5.3125,5.125,5.15625,643200
1991-08-21,5.25,5.34375,5.21875,5.3125,1373600
1991-08-22,5.375,5.375,5.1875,5.3125,698800
1991-08-23,5.40625,5.46875,5.34375,5.375,891200
1991-08-26,5.3125,5.40625,5.25,5.375,238400
1991-08-27,5.25,5.34375,5.15625,5.3125,1190400
1991-08-28,5.375,5.40625,5.125,5.1875,1074400
1991-08-29,5.46875,5.46875,5.375,5.4375,373600
1991-08-30,5.59375,5.625,5.46875,5.46875,402800
1991-09-03,5.46875,5.65625,5.4375,5.5625,311200
1991-09-04,5.46875,5.5,5.40625,5.5,274000
1991-09-05,5.25,5.4375,5.25,5.4375,482000
1991-09-06,5.1875,5.3125,5.15625,5.28125,869200
1991-09-09,5.1875,5.25,5.125,5.15625,406800
1991-09-10,5.34375,5.34375,5.21875,5.21875,497200
1991-09-11,5.375,5.375,5.3125,5.3125,366000
1991-09-12,5.625,5.71875,5.4375,5.4375,1048000
1991-09-13,5.59375,5.6875,5.53125,5.65625,337200
1991-09-16,5.6875,5.6875,5.59375,5.59375,1502000
1991-09-17,5.8125,5.8125,5.65625,5.6875,1102800
1991-09-18,5.84375,5.84375,5.71875,5.78125,740800
1991-09-19,6.09375,6.21875,5.875,5.875,1857600
1991-09-20,6.09375,6.09375,6.0,6.09375,520000
1991-09-23,6.03125,6.15625,6.0,6.0625,971600
1991-09-24,6.0,6.0,5.9375,6.0,976000
1991-09-25,6.28125,6.3125,6.125,6.1875,2225200
1991-09-26,6.28125,6.375,6.28125,6.28125,1932400
1991-09-27,6.28125,6.40625,6.25,6.25,834400
1991-09-30,6.34375,6.34375,6.28125,6.3125,484000
1991-10-01,6.40625,6.46875,6.34375,6.34375,1486800
1991-10-02,6.46875,6.5,6.375,6.375,474800
1991-10-03,6.4375,6.5625,6.40625,6.46875,896400
1991-10-04,6.21875,6.4375,6.21875,6.4375,453600
1991-10-07,6.1875,6.21875,6.15625,6.21875,410800
1991-10-08,6.25,6.25,6.0625,6.15625,384000
1991-10-09,6.125,6.28125,6.125,6.25,683200
1991-10-10,6.46875,6.5,6.1875,6.1875,2028000
1991-10-11,6.4375,6.5,6.4375,6.5,1729200
1991-10-14,6.5,6.5,6.375,6.4375,618800
1991-10-15,6.4375,6.5,6.4375,6.46875,1049600
1991-10-16,6.96875,6.96875,6.46875,6.46875,2629200
1991-10-17,6.9375,7.125,6.875,6.90625,2357200
1991-10-18,7.1875,7.3125,7.0,7.0,4304800
1991-10-21,7.03125,7.1875,6.90625,7.1875,664800
1991-10-22,6.84375,7.0,6.71875,7.0,967600
1991-10-23,6.8125,6.96875,6.78125,6.875,655200
1991-10-24,6.6875,6.78125,6.5625,6.78125,536800
1991-10-25,6.75,6.75,6.625,6.75,446400
1991-10-28,6.90625,6.9375,6.6875,6.71875,708000
1991-10-29,6.90625,6.96875,6.875,6.96875,696400
1991-10-30,6.75,6.9375,6.75,6.90625,625600
1991-10-31,6.625,6.78125,6.625,6.71875,311200
1991-11-01,6.75,6.78125,6.65625,6.6875,732800
1991-11-04,6.6875,6.75,6.65625,6.75,320000
1991-11-05,6.59375,6.6875,6.59375,6.6875,600800
1991-11-06,6.5,6.625,6.34375,6.625,562800
1991-11-07,6.4375,6.46875,6.40625,6.46875,646800
1991-11-08,6.59375,6.625,6.5,6.5,865600
1991-11-11,6.46875,6.59375,6.4375,6.59375,434000
1991-11-12,6.4375,6.53125,6.4375,6.5,665200
1991-11-13,6.21875,6.46875,6.21875,6.46875,884800
1991-11-14,6.09375,6.28125,5.9375,6.25,2156800
1991-11-15,5.90625,6.09375,5.875,6.09375,568000
1991-11-18,5.78125,6.0,5.75,5.9375,1636800
1991-11-19,5.5,5.78125,5.40625,5.78125,1844400
1991-11-20,5.5,5.6875,5.375,5.5,1485200
1991-11-21,5.71875,5.78125,5.46875,5.5,1176000
1991-11-22,5.75,5.90625,5.65625,5.75,1086000
1991-11-25,5.625,5.71875,5.5625,5.71875,1064400
1991-11-26,5.75,5.75,5.59375,5.65625,1246000
1991-11-27,5.78125,5.78125,5.625,5.75,398800
1991-11-29,5.78125,5.78125,5.78125,5.78125,292400
1991-12-02,6.09375,6.09375,5.75,5.75,1078000
1991-12-03,6.03125,6.0625,5.96875,6.0625,370000
1991-12-04,6.0625,6.0625,6.0,6.03125,259200
1991-12-05,6.0,6.09375,5.96875,6.0625,293600
1991-12-06,5.96875,6.03125,5.96875,6.0,177600
1991-12-09,5.875,6.0,5.875,6.0,262800
1991-12-10,5.8125,5.90625,5.75,5.90625,270400
1991-12-11,5.78125,5.84375,5.6875,5.8125,546000
1991-12-12,5.75,5.8125,5.71875,5.8125,447600
1991-12-13,5.8125,5.8125,5.75,5.8125,1212800
1991-12-16,5.96875,5.96875,5.8125,5.84375,391600
1991-12-17,6.0,6.0,5.96875,5.96875,413600
1991-12-18,5.90625,6.0,5.84375,6.0,856400
1991-12-19,5.8125,5.90625,5.75,5.90625,1062400
1991-12-20,5.6875,5.8125,5.6875,5.8125,1045200
1991-12-23,5.90625,5.90625,5.625,5.75,880400
1991-12-24,6.34375,6.375,6.0,6.0,494000
1991-12-26,6.3125,6.34375,6.25,6.3125,215600
1991-12-27,6.3125,6.34375,6.25,6.34375,374800
1991-12-30,6.40625,6.40625,6.3125,6.34375,995600
1991-12-31,6.5625,6.65625,6.4375,6.4375,550800
1992-01-02,6.4375,6.53125,6.375,6.53125,327600
1992-01-03,6.5,6.5,6.4375,6.5,386000
1992-01-06,6.53125,6.5625,6.46875,6.5,850800
1992-01-07,6.6875,6.6875,6.46875,6.5,556000
1992-01-08,6.9375,7.1875,6.6875,6.6875,2190400
1992-01-09,7.0625,7.15625,6.96875,7.0625,1842400
1992-01-10,7.0625,7.09375,7.0,7.03125,508800
1992-01-13,7.0625,7.09375,6.90625,7.03125,1025600
1992-01-14,7.0,7.03125,6.96875,7.03125,1093600
1992-01-15,7.0625,7.0625,6.96875,7.03125,1453600
1992-01-16,7.0,7.0625,6.96875,7.03125,1157600
1992-01-17,6.9375,7.0,6.875,7.0,829600
1992-01-20,6.8125,6.875,6.78125,6.875,481600
1992-01-21,6.625,6.6875,6.46875,6.6875,651200
1992-01-22,6.6875,6.90625,6.59375,6.59375,1629200
1992-01-23,6.75,6.78125,6.6875,6.6875,253600
1992-01-24,6.9375,7.0,6.75,6.75,921200
1992-01-27,7.0,7.15625,7.0,7.0,3267200
1992-01-28,6.90625,7.0625,6.90625,7.03125,970400
1992-01-29,6.78125,7.0,6.75,6.96875,1086800
1992-01-30,6.75,6.84375,6.71875,6.84375,419600
1992-01-31,6.6875,6.75,6.65625,6.71875,608800
1992-02-03,6.53125,6.6875,6.53125,6.625,1043200
1992-02-04,6.78125,6.8125,6.46875,6.46875,1288400
1992-02-05,7.125,7.3125,6.71875,6.71875,2361200
1992-02-06,7.1875,7.25,7.15625,7.15625,2494800
1992-02-07,7.625,7.625,7.25,7.25,2005600
1992-02-10,7.8125,7.90625,7.65625,7.6875,1653600
1992-02-11,7.8125,8.0625,7.8125,7.84375,1636400
1992-02-12,8.0,8.0,7.8125,7.8125,688800
1992-02-13,7.84375,8.0625,7.84375,7.96875,853600
1992-02-14,7.90625,7.9375,7.75,7.875,977600
1992-02-18,7.9375,8.03125,7.8125,7.8125,1212000
1992-02-19,7.9375,8.0,7.90625,7.9375,505600
1992-02-20,8.09375,8.125,7.90625,7.90625,783200
1992-02-21,8.09375,8.1875,8.0625,8.09375,1207200
1992-02-24,8.0,8.03125,7.90625,8.03125,1130000
1992-02-25,8.0,8.0625,7.90625,8.03125,621200
1992-02-26,8.15625,8.15625,7.96875,8.03125,809600
1992-02-27,8.0,8.28125,8.0,8.25,1135200
1992-02-28,8.1875,8.1875,8.03125,8.0625,415200
1992-03-02,8.28125,8.28125,8.15625,8.1875,499200
1992-03-03,8.25,8.34375,8.25,8.28125,908000
1992-03-04,8.34375,8.375,8.25,8.25,1422000
1992-03-05,8.28125,8.40625,8.28125,8.375,987200
1992-03-06,8.1875,8.3125,8.1875,8.3125,842000
1992-03-09,8.25,8.25,8.15625,8.1875,616800
1992-03-10,8.4375,8.46875,8.3125,8.3125,667600
1992-03-11,8.03125,8.5,7.96875,8.4375,1702800
1992-03-12,8.03125,8.0625,7.84375,8.0,738800
1992-03-13,7.96875,8.125,7.96875,8.125,1138000
1992-03-16,7.96875,8.0,7.9375,8.0,392000
1992-03-17,8.03125,8.03125,7.9375,7.96875,750800
1992-03-18,8.15625,8.1875,8.03125,8.03125,455200
1992-03-19,8.21875,8.25,8.09375,8.1875,512000
1992-03-20,8.125,8.25,8.125,8.25,616800
1992-03-23,8.09375,8.15625,8.09375,8.125,800800
1992-03-24,8.0,8.21875,8.0,8.15625,390400
1992-03-25,8.15625,8.1875,8.0,8.0,540800
1992-03-26,7.96875,8.21875,7.9375,8.21875,742800
1992-03-27,7.75,8.03125,7.75,8.0,700400
1992-03-30,7.5625,7.78125,7.5625,7.75,425200
1992-03-31,7.75,7.75,7.53125,7.5625,520800
1992-04-01,7.65625,7.6875,7.5625,7.6875,401600
1992-04-02,7.625,7.75,7.59375,7.6875,322800
1992-04-03,7.5,7.625,7.5,7.625,389200
1992-04-06,7.5,7.5625,7.4375,7.5,968400
1992-04-07,7.5,7.53125,7.5,7.53125,104800
1992-04-08,7.3125,7.4375,7.25,7.40625,698000
1992-04-09,7.40625,7.46875,7.3125,7.3125,872400
1992-04-10,7.5,7.53125,7.40625,7.40625,280800
1992-04-13,7.5,7.5,7.46875,7.5,306400
1992-04-14,7.59375,7.6875,7.5625,7.625,1248800
1992-04-15,7.5,7.59375,7.46875,7.59375,1010400
1992-04-16,7.4375,7.5,7.40625,7.46875,998400
1992-04-20,7.4375,7.4375,7.34375,7.40625,610800
1992-04-21,7.0625,7.46875,6.96875,7.46875,773200
1992-04-22,7.1875,7.1875,7.0625,7.125,3992000
1992-04-23,7.09375,7.1875,7.0625,7.1875,481200
1992-04-24,7.0625,7.15625,7.0625,7.125,509200
1992-04-27,7.21875,7.25,7.09375,7.09375,759600
1992-04-28,7.125,7.21875,7.09375,7.21875,516800
1992-04-29,7.125,7.21875,7.125,7.125,664800
1992-04-30,7.34375,7.34375,7.125,7.125,1354800
1992-05-01,7.375,7.375,7.28125,7.375,721200
1992-05-04,7.4375,7.46875,7.375,7.375,756000
1992-05-05,7.4375,7.5,7.4375,7.5,710000
1992-05-06,7.40625,7.46875,7.3125,7.4375,1070800
1992-05-07,7.46875,7.5,7.4375,7.46875,674800
1992-05-08,7.46875,7.46875,7.40625,7.46875,282000
1992-05-11,7.46875,7.46875,7.4375,7.46875,215200
1992-05-12,7.46875,7.5,7.4375,7.46875,1610000
1992-05-13,7.4375,7.5,7.40625,7.5,370800
1992-05-14,7.3125,7.5,7.3125,7.5,280400
1992-05-15,7.25,7.34375,7.25,7.34375,510400
1992-05-18,7.3125,7.3125,7.25,7.28125,388400
1992-05-19,7.375,7.4375,7.34375,7.375,516000
1992-05-20,7.375,7.4375,7.375,7.4375,154800
1992-05-21,7.46875,7.5,7.40625,7.40625,1257600
1992-05-22,7.40625,7.46875,7.375,7.46875,949600
1992-05-26,7.28125,7.375,7.25,7.34375,527200
1992-05-27,7.15625,7.25,7.09375,7.25,910800
1992-05-28,7.125,7.1875,7.09375,7.1875,369200
1992-05-29,7.15625,7.1875,7.09375,7.15625,921200
1992-06-01,7.15625,7.21875,7.15625,7.15625,442800
1992-06-02,7.15625,7.1875,7.125,7.15625,196000
1992-06-03,7.1875,7.1875,7.09375,7.15625,1265600
1992-06-04,7.3125,7.3125,7.1875,7.25,924000
1992-06-05,7.5,7.71875,7.4375,7.6875,2860400
1992-06-08,7.5,7.5,7.40625,7.5,1026000
1992-06-09,7.59375,7.625,7.46875,7.5,651200
1992-06-10,7.65625,7.65625,7.625,7.65625,383600
1992-06-11,7.5625,7.65625,7.5625,7.65625,409600
1992-06-12,7.5625,7.625,7.5,7.625,436400
1992-06-15,7.59375,7.625,7.53125,7.53125,176000
1992-06-16,7.59375,7.65625,7.59375,7.65625,90400
1992-06-17,7.4375,7.59375,7.40625,7.5,932000
1992-06-18,7.5,7.5,7.375,7.375,514400
1992-06-19,7.40625,7.5625,7.3125,7.53125,1129600
1992-06-22,7.25,7.40625,7.21875,7.40625,681600
1992-06-23,6.96875,7.3125,6.96875,7.3125,960000
1992-06-24,7.25,7.25,6.78125,6.96875,920000
1992-06-25,7.375,7.375,7.25,7.28125,694800
1992-06-26,7.125,7.375,7.0625,7.375,406400
1992-06-29,7.09375,7.09375,7.0,7.0625,524000
1992-06-30,7.0625,7.0625,7.0,7.0,1654400
1992-07-01,7.03125,7.125,7.03125,7.0625,1375200
1992-07-02,6.96875,7.125,6.9375,7.09375,1991600
1992-07-06,7.0625,7.125,7.03125,7.03125,1451600
1992-07-07,7.0625,7.125,7.0625,7.0625,462800
1992-07-08,6.90625,7.03125,6.8125,7.03125,890000
1992-07-09,7.03125,7.0625,6.90625,6.90625,305600
1992-07-10,7.0,7.09375,7.0,7.09375,1584400
1992-07-13,7.15625,7.1875,6.96875,7.0,1145600
1992-07-14,6.8125,7.0,6.78125,7.0,2630000
1992-07-15,6.8125,6.8125,6.65625,6.78125,2168800
1992-07-16,6.90625,6.90625,6.78125,6.8125,745600
1992-07-17,7.0,7.0,6.8125,6.90625,488800
1992-07-20,7.0,7.0625,6.90625,6.9375,394800
1992-07-21,6.9375,7.03125,6.90625,7.0,928800
1992-07-22,6.96875,6.96875,6.9375,6.9375,286000
1992-07-23,7.0,7.0625,6.96875,7.0,680400
1992-07-24,7.0,7.0,6.9375,6.96875,241200
1992-07-27,7.0,7.03125,6.9375,7.03125,316400
1992-07-28,7.03125,7.03125,6.96875,7.0,633600
1992-07-29,6.96875,7.0625,6.96875,7.0625,434000
1992-07-30,6.96875,7.0,6.9375,6.96875,1092000
1992-07-31,6.96875,7.0,6.90625,6.96875,527600
1992-08-03,6.90625,6.96875,6.90625,6.96875,443600
1992-08-04,6.875,6.9375,6.875,6.9375,766800
1992-08-05,6.78125,6.875,6.71875,6.84375,870000
1992-08-06,6.875,6.875,6.71875,6.75,291600
1992-08-07,6.8125,6.9375,6.8125,6.875,224000
1992-08-10,6.78125,6.8125,6.75,6.8125,808000
1992-08-11,6.6875,6.78125,6.5625,6.78125,908000
1992-08-12,6.6875,6.75,6.6875,6.6875,553600
1992-08-13,6.65625,6.75,6.65625,6.71875,234000
1992-08-14,6.71875,6.71875,6.65625,6.65625,533600
1992-08-17,6.6875,6.71875,6.65625,6.71875,245200
1992-08-18,6.71875,6.75,6.65625,6.6875,600000
1992-08-19,6.625,6.75,6.625,6.75,505600
1992-08-20,6.59375,6.625,6.5625,6.625,168800
1992-08-21,6.65625,6.65625,6.59375,6.59375,255200
1992-08-24,6.40625,6.5625,6.40625,6.5625,390400
1992-08-25,6.5625,6.5625,6.375,6.375,1409200
1992-08-26,6.5,6.6875,6.46875,6.59375,1326400
1992-08-27,6.5625,6.625,6.46875,6.46875,480800
1992-08-28,6.5625,6.59375,6.53125,6.59375,591200
1992-08-31,6.5625,6.59375,6.5,6.53125,216000
1992-09-01,6.5,6.59375,6.5,6.5625,338800
1992-09-02,6.625,6.625,6.53125,6.53125,826800
1992-09-03,6.625,6.65625,6.59375,6.625,500800
1992-09-04,6.65625,6.75,6.65625,6.6875,764000
1992-09-08,6.5625,6.6875,6.5625,6.6875,205200
1992-09-09,6.5,6.59375,6.46875,6.59375,568800
1992-09-10,6.53125,6.5625,6.46875,6.5,729200
1992-09-11,6.65625,6.6875,6.59375,6.59375,810400
1992-09-14,6.75,6.84375,6.71875,6.71875,933200
1992-09-15,6.6875,6.75,6.65625,6.75,893200
1992-09-16,6.59375,6.6875,6.59375,6.6875,149600
1992-09-17,6.5625,6.625,6.53125,6.625,457600
1992-09-18,6.71875,6.71875,6.59375,6.625,509600
1992-09-21,6.65625,6.71875,6.59375,6.6875,413600
1992-09-22,6.65625,6.78125,6.625,6.71875,271600
1992-09-23,6.625,6.65625,6.5625,6.65625,348800
1992-09-24,6.53125,6.625,6.5,6.625,470400
1992-09-25,6.46875,6.53125,6.46875,6.53125,1626800
1992-09-28,6.53125,6.53125,6.46875,6.5,382800
1992-09-29,6.46875,6.53125,6.40625,6.53125,712000
1992-09-30,6.46875,6.53125,6.46875,6.46875,1000400
1992-10-01,6.34375,6.46875,6.3125,6.46875,890800
1992-10-02,6.3125,6.375,6.3125,6.34375,1280800
1992-10-05,6.28125,6.3125,6.0,6.3125,702800
1992-10-06,6.375,6.46875,6.34375,6.375,884000
1992-10-07,6.53125,6.53125,6.34375,6.375,467200
1992-10-08,6.53125,6.5625,6.4375,6.5,532400
1992-10-09,6.59375,6.59375,6.5,6.5625,402400
1992-10-12,6.625,6.65625,6.59375,6.625,170000
1992-10-13,6.625,6.71875,6.59375,6.625,516800
1992-10-14,6.6875,6.71875,6.5625,6.65625,536000
1992-10-15,6.6875,6.71875,6.65625,6.65625,2334800
1992-10-16,7.0,7.0625,6.625,6.625,1017600
1992-10-19,7.375,7.40625,7.0625,7.0625,1036400
1992-10-20,7.28125,7.34375,7.1875,7.3125,505600
1992-10-21,7.3125,7.375,7.25,7.3125,773200
1992-10-22,7.3125,7.34375,7.3125,7.34375,150000
1992-10-23,7.375,7.4375,7.34375,7.34375,1407600
1992-10-26,7.34375,7.40625,7.25,7.40625,132000
1992-10-27,7.34375,7.4375,7.34375,7.40625,366400
1992-10-28,7.5,7.5625,7.40625,7.46875,847200
1992-10-29,7.53125,7.53125,7.4375,7.5,1454800
1992-10-30,7.4375,7.59375,7.4375,7.53125,560400
1992-11-02,7.5,7.53125,7.46875,7.46875,1388400
1992-11-03,7.46875,7.625,7.46875,7.5625,784000
1992-11-04,7.5,7.5,7.4375,7.5,558000
1992-11-05,7.5625,7.59375,7.46875,7.46875,200400
1992-11-06,7.59375,7.625,7.53125,7.625,312000
1992-11-09,7.625,7.65625,7.53125,7.59375,406400
1992-11-10,7.65625,7.71875,7.59375,7.59375,671200
1992-11-11,7.9375,7.9375,7.71875,7.71875,850000
1992-11-12,7.78125,7.96875,7.75,7.96875,368800
1992-11-13,7.75,7.8125,7.75,7.75,111600
1992-11-16,7.75,7.8125,7.6875,7.8125,269600
1992-11-17,7.75,7.78125,7.75,7.75,288800
1992-11-18,7.78125,7.78125,7.75,7.78125,212400
1992-11-19,7.78125,7.84375,7.78125,7.78125,777600
1992-11-20,7.875,7.9375,7.8125,7.84375,354400
1992-11-23,7.9375,7.9375,7.84375,7.875,608800
1992-11-24,7.90625,7.96875,7.90625,7.9375,803200
1992-11-25,7.875,7.9375,7.84375,7.90625,386800
1992-11-27,7.90625,7.9375,7.90625,7.9375,88400
1992-11-30,8.0625,8.0625,7.9375,7.96875,777200
1992-12-01,7.96875,8.0625,7.9375,8.03125,1417600
1992-12-02,7.96875,8.03125,7.9375,7.96875,196000
1992-12-03,8.03125,8.0625,8.0,8.0,291600
1992-12-04,8.15625,8.15625,8.0625,8.09375,196800
1992-12-07,8.1875,8.21875,8.1875,8.1875,253200
1992-12-08,8.1875,8.1875,8.125,8.1875,216800
1992-12-09,8.09375,8.1875,8.09375,8.1875,473600
1992-12-10,8.0625,8.125,8.03125,8.125,342400
1992-12-11,8.0,8.03125,7.9375,8.03125,424400
1992-12-14,7.96875,7.96875,7.84375,7.9375,742800
1992-12-15,7.875,7.96875,7.84375,7.96875,400000
1992-12-16,7.96875,7.96875,7.84375,7.9375,377600
1992-12-17,8.03125,8.03125,7.9375,7.9375,396800
1992-12-18,8.125,8.125,8.0625,8.09375,807200
1992-12-21,8.15625,8.15625,8.03125,8.15625,302800
1992-12-22,8.1875,8.28125,8.15625,8.1875,342000
1992-12-23,8.3125,8.3125,8.1875,8.21875,410400
1992-12-24,8.3125,8.34375,8.28125,8.3125,100400
1992-12-28,8.34375,8.34375,8.28125,8.34375,269200
1992-12-29,8.1875,8.34375,8.15625,8.3125,1042800
1992-12-30,8.0625,8.1875,8.03125,8.1875,750400
1992-12-31,8.1875,8.1875,8.09375,8.125,288800
1993-01-04,8.21875,8.21875,8.125,8.1875,304800
1993-01-05,8.09375,8.1875,8.0625,8.1875,290000
1993-01-06,8.125,8.125,8.03125,8.09375,748800
1993-01-07,8.34375,8.4375,8.21875,8.21875,1789600
1993-01-08,8.5625,8.625,8.40625,8.40625,1066800
1993-01-11,8.5625,8.5625,8.375,8.53125,1693600
1993-01-12,8.5625,8.5625,8.46875,8.53125,432800
1993-01-13,8.84375,9.03125,8.65625,8.875,1427600
1993-01-14,9.15625,9.1875,8.875,8.9375,1638800
1993-01-15,8.9375,9.15625,8.75,9.15625,5300400
1993-01-18,8.90625,8.9375,8.875,8.9375,293600
1993-01-19,8.9375,9.0,8.8125,8.875,524000
1993-01-20,8.84375,9.09375,8.84375,9.0,861200
1993-01-21,8.6875,8.8125,8.53125,8.8125,1131600
1993-01-22,8.84375,8.84375,8.5625,8.65625,772800
1993-01-25,8.875,8.875,8.78125,8.84375,508800
1993-01-26,9.125,9.15625,8.875,8.875,698800
1993-01-27,8.8125,9.15625,8.78125,9.125,939200
1993-01-28,8.90625,8.96875,8.8125,8.84375,231200
1993-01-29,8.90625,8.90625,8.78125,8.875,196800
1993-02-01,9.09375,9.21875,9.0625,9.0625,752800
1993-02-02,9.25,9.25,9.0625,9.09375,463200
1993-02-03,9.46875,9.65625,9.4375,9.4375,1632000
1993-02-04,9.59375,9.75,9.53125,9.59375,1054000
1993-02-05,9.5,9.5625,9.375,9.46875,902800
1993-02-08,9.8125,9.84375,9.5625,9.59375,1665200
1993-02-09,9.625,9.75,9.53125,9.75,472400
1993-02-10,9.71875,9.75,9.65625,9.65625,690800
1993-02-11,9.6875,9.75,9.625,9.71875,367200
1993-02-12,9.75,9.75,9.625,9.6875,711200
1993-02-16,9.0625,9.5625,9.0,9.5625,1200400
1993-02-17,8.9375,9.15625,8.875,9.15625,737600
1993-02-18,8.75,9.0,8.59375,8.96875,1496400
1993-02-19,8.65625,8.75,8.5625,8.75,434000
1993-02-22,8.84375,8.84375,8.65625,8.65625,508000
1993-02-23,8.71875,8.8125,8.65625,8.8125,209600
1993-02-24,9.09375,9.09375,8.71875,8.75,358000
1993-02-25,9.21875,9.21875,9.125,9.125,786800
1993-02-26,9.4375,9.5,9.28125,9.28125,452800
1993-03-01,9.4375,9.59375,9.375,9.375,431600
1993-03-02,9.46875,9.5625,9.40625,9.46875,346400
1993-03-03,9.4375,9.53125,9.4375,9.46875,853200
1993-03-04,9.25,9.375,9.03125,9.375,360400
1993-03-05,9.34375,9.40625,9.28125,9.28125,334800
1993-03-08,9.34375,9.40625,9.34375,9.40625,637600
1993-03-09,9.3125,9.34375,9.28125,9.34375,373600
1993-03-10,9.4375,9.4375,9.21875,9.34375,963600
1993-03-11,9.4375,9.5625,9.4375,9.5,412000
1993-03-12,9.375,9.46875,9.3125,9.46875,92800
1993-03-15,9.4375,9.46875,9.375,9.4375,175600
1993-03-16,9.46875,9.5,9.40625,9.40625,187600
1993-03-17,9.5625,9.71875,9.53125,9.53125,936800
1993-03-18,9.71875,9.71875,9.53125,9.53125,1128800
1993-03-19,9.71875,9.78125,9.65625,9.75,212000
1993-03-22,9.59375,9.6875,9.5625,9.6875,306400
1993-03-23,9.34375,9.625,9.34375,9.625,1045600
1993-03-24,8.28125,9.28125,8.125,9.28125,4791200
1993-03-25,8.46875,8.5,8.21875,8.34375,5557600
1993-03-26,8.65625,8.65625,8.46875,8.5,1107200
1993-03-29,8.40625,8.625,8.40625,8.59375,636800
1993-03-30,8.28125,8.46875,8.15625,8.46875,650800
1993-03-31,8.28125,8.375,8.25,8.28125,728000
1993-04-01,8.0,8.375,7.96875,8.21875,1008800
1993-04-02,7.90625,7.90625,7.5625,7.75,2638000
1993-04-05,7.8125,8.03125,7.75,7.96875,1255600
1993-04-06,7.84375,7.875,7.78125,7.8125,831600
1993-04-07,7.875,7.875,7.75,7.8125,500800
1993-04-08,7.84375,7.90625,7.78125,7.84375,498800
1993-04-12,8.1875,8.1875,7.875,7.875,614400
1993-04-13,8.34375,8.4375,8.15625,8.15625,344000
1993-04-14,8.5625,8.5625,8.375,8.40625,635200
1993-04-15,8.5,8.5625,8.46875,8.5625,394400
1993-04-16,8.3125,8.53125,8.28125,8.46875,829600
1993-04-19,8.09375,8.21875,8.03125,8.21875,543600
1993-04-20,7.90625,8.0625,7.875,8.0625,596800
1993-04-21,8.125,8.21875,7.84375,7.84375,1161600
1993-04-22,8.5,8.53125,8.125,8.125,862400
1993-04-23,8.46875,8.5,8.40625,8.5,560800
1993-04-26,8.25,8.46875,8.1875,8.4375,996400
1993-04-27,8.125,8.3125,8.0625,8.28125,194400
1993-04-28,8.21875,8.25,8.09375,8.09375,351600
1993-04-29,8.3125,8.3125,8.125,8.1875,281600
1993-04-30,8.1875,8.3125,8.15625,8.3125,254000
1993-05-03,8.125,8.1875,8.0625,8.1875,549600
1993-05-04,8.59375,8.625,8.1875,8.1875,1183600
1993-05-05,8.75,8.78125,8.65625,8.65625,950400
1993-05-06,8.6875,8.875,8.6875,8.78125,780800
1993-05-07,8.75,8.75,8.59375,8.625,249600
1993-05-10,8.78125,8.8125,8.71875,8.75,339600
1993-05-11,8.84375,8.84375,8.6875,8.78125,603600
1993-05-12,8.875,8.875,8.8125,8.84375,522400
1993-05-13,8.875,8.9375,8.84375,8.875,338000
1993-05-14,8.8125,8.84375,8.78125,8.84375,202400
1993-05-17,8.875,9.0,8.8125,8.875,788000
1993-05-18,8.84375,8.96875,8.8125,8.875,649600
1993-05-19,8.8125,8.90625,8.78125,8.8125,396400
1993-05-20,8.875,8.96875,8.84375,8.90625,670400
1993-05-21,8.78125,8.90625,8.625,8.90625,302000
1993-05-24,8.53125,8.65625,8.5,8.625,674000
1993-05-25,8.5,8.59375,8.46875,8.5625,1166000
1993-05-26,8.5625,8.5625,8.4375,8.46875,386800
1993-05-27,8.59375,8.75,8.53125,8.625,1461600
1993-05-28,8.53125,8.59375,8.5,8.59375,175200
1993-06-01,8.46875,8.53125,8.4375,8.53125,324400
1993-06-02,8.53125,8.53125,8.4375,8.46875,232800
1993-06-03,8.6875,8.75,8.53125,8.53125,594000
1993-06-04,8.96875,9.0,8.6875,8.6875,1293200
1993-06-07,8.71875,9.03125,8.71875,8.9375,4632800
1993-06-08,8.6875,8.75,8.65625,8.71875,509200
1993-06-09,8.6875,8.71875,8.65625,8.6875,664400
1993-06-10,8.75,8.8125,8.6875,8.71875,410400
1993-06-11,8.65625,8.84375,8.65625,8.8125,366800
1993-06-14,8.59375,8.6875,8.59375,8.65625,367600
1993-06-15,8.625,8.65625,8.5625,8.59375,175600
1993-06-16,8.59375,8.6875,8.5625,8.625,509200
1993-06-17,8.53125,8.59375,8.40625,8.59375,830800
1993-06-18,8.40625,8.53125,8.375,8.53125,623600
1993-06-21,8.375,8.4375,8.25,8.40625,694400
1993-06-22,8.40625,8.46875,8.375,8.40625,569600
1993-06-23,8.375,8.40625,8.3125,8.40625,1357200
1993-06-24,9.0625,9.09375,8.59375,8.625,4236800
1993-06-25,9.15625,9.1875,9.0,9.0,1128000
1993-06-28,9.9375,10.0,9.1875,9.1875,2763200
1993-06-29,9.75,9.9375,9.625,9.9375,1257200
1993-06-30,9.78125,9.84375,9.71875,9.71875,492400
1993-07-01,9.71875,9.78125,9.6875,9.75,722000
1993-07-02,9.5625,9.6875,9.5625,9.65625,248400
1993-07-06,9.6875,9.6875,9.625,9.625,556400
1993-07-07,9.6875,9.71875,9.6875,9.71875,330000
1993-07-08,9.65625,9.71875,9.65625,9.6875,1148800
1993-07-09,9.90625,9.9375,9.6875,9.6875,575200
1993-07-12,9.90625,10.03125,9.875,9.875,536800
1993-07-13,10.0625,10.15625,9.90625,9.9375,1211600
1993-07-14,9.9375,10.0625,9.875,10.03125,308000
1993-07-15,9.9375,10.03125,9.9375,10.0,884000
1993-07-16,9.9375,9.96875,9.9375,9.9375,396800
1993-07-19,9.9375,10.0,9.9375,9.9375,417600
1993-07-20,9.9375,10.03125,9.9375,9.9375,459200
1993-07-21,10.0,10.0,9.9375,9.9375,411600
1993-07-22,9.90625,10.0,9.90625,10.0,371200
1993-07-23,9.71875,9.9375,9.71875,9.9375,348000
1993-07-26,9.71875,9.75,9.71875,9.75,286400
1993-07-27,9.90625,9.90625,9.71875,9.75,503200
1993-07-28,10.15625,10.1875,9.9375,9.96875,988800
1993-07-29,10.1875,10.28125,10.125,10.15625,591600
1993-07-30,10.125,10.25,10.125,10.25,228000
1993-08-02,10.1875,10.34375,10.125,10.15625,715200
1993-08-03,10.125,10.1875,10.125,10.1875,436400
1993-08-04,10.09375,10.125,10.0625,10.125,745600
1993-08-05,10.0625,10.125,10.03125,10.0625,184400
1993-08-06,10.0,10.09375,9.9375,10.03125,157200
1993-08-09,10.15625,10.21875,9.96875,10.0,347200
1993-08-10,10.09375,10.125,10.0625,10.125,291200
1993-08-11,10.125,10.15625,10.09375,10.125,399600
1993-08-12,10.28125,10.3125,10.125,10.125,856400
1993-08-13,10.3125,10.375,10.21875,10.3125,483600
1993-08-16,10.46875,10.5,10.28125,10.34375,552000
1993-08-17,10.9375,10.9375,10.4375,10.4375,2125200
1993-08-18,10.5625,11.0625,10.46875,11.0,2196400
1993-08-19,10.4375,10.65625,10.4375,10.5625,1221600
1993-08-20,10.25,10.4375,10.0625,10.4375,1070400
1993-08-23,10.46875,10.53125,10.1875,10.1875,382400
1993-08-24,10.8125,10.8125,10.53125,10.53125,1564800
1993-08-25,10.65625,10.78125,10.625,10.75,454000
1993-08-26,10.46875,10.65625,10.34375,10.625,577200
1993-08-27,10.125,10.4375,10.09375,10.4375,891600
1993-08-30,10.3125,10.375,10.09375,10.1875,1104800
1993-08-31,10.46875,10.5625,10.28125,10.3125,1005200
1993-09-01,10.3125,10.5,10.3125,10.46875,324400
1993-09-02,10.5625,10.5625,10.375,10.375,382400
1993-09-03,10.46875,10.625,10.4375,10.53125,547600
1993-09-07,10.25,10.5,10.25,10.4375,301600
1993-09-08,10.03125,10.21875,10.03125,10.21875,370800
1993-09-09,10.15625,10.1875,10.03125,10.0625,330400
1993-09-10,10.3125,10.34375,10.15625,10.21875,319600
1993-09-13,10.34375,10.375,10.28125,10.3125,404800
1993-09-14,10.28125,10.28125,10.15625,10.28125,128400
1993-09-15,9.9375,10.28125,9.9375,10.28125,5506000
1993-09-16,10.0,10.0625,10.0,10.0625,486000
1993-09-17,10.3125,10.3125,10.0,10.0625,522000
1993-09-20,10.25,10.5,10.25,10.3125,698000
1993-09-21,10.28125,10.40625,10.21875,10.3125,783200
1993-09-22,10.5625,10.5625,10.25,10.25,1201200
1993-09-23,10.875,10.90625,10.59375,10.59375,2299200
1993-09-24,10.6875,10.8125,10.6875,10.8125,1166000
1993-09-27,10.71875,10.78125,10.6875,10.6875,224800
1993-09-28,10.9375,11.0,10.75,10.75,1681600
1993-09-29,10.96875,10.96875,10.875,10.9375,752800
1993-09-30,11.0,11.03125,10.875,10.9375,1233600
1993-10-01,11.09375,11.1875,11.0,11.03125,572800
1993-10-04,11.15625,11.1875,11.09375,11.125,989600
1993-10-05,11.53125,11.53125,11.09375,11.15625,1104800
1993-10-06,11.59375,11.65625,11.5,11.53125,2793600
1993-10-07,11.28125,11.625,11.25,11.5625,1504400
1993-10-08,11.21875,11.28125,11.15625,11.28125,582400
1993-10-11,11.34375,11.34375,11.21875,11.25,852800
1993-10-12,11.40625,11.59375,11.375,11.375,2038800
1993-10-13,11.40625,11.4375,11.34375,11.4375,448400
1993-10-14,11.875,11.9375,11.40625,11.4375,1711200
1993-10-15,12.0625,12.09375,11.96875,12.0,1822000
1993-10-18,11.71875,12.03125,11.71875,12.03125,883200
1993-10-19,11.53125,11.8125,11.53125,11.75,329600
1993-10-20,11.375,11.53125,11.25,11.53125,682000
1993-10-21,11.46875,11.53125,11.3125,11.3125,602400
1993-10-22,11.5625,11.625,11.4375,11.46875,272800
1993-10-25,11.5625,11.71875,11.53125,11.5625,761200
1993-10-26,11.5,11.65625,11.46875,11.5625,665600
1993-10-27,11.65625,11.6875,11.5,11.53125,314800
1993-10-28,11.90625,12.03125,11.625,11.65625,1328000
1993-10-29,11.875,11.90625,11.75,11.875,286000
1993-11-01,11.65625,11.875,11.625,11.84375,770800
1993-11-02,11.375,11.625,11.21875,11.59375,1352000
1993-11-03,11.1875,11.4375,11.125,11.4375,1157600
1993-11-04,11.21875,11.625,11.09375,11.15625,1026000
1993-11-05,11.46875,11.5625,11.09375,11.125,1131200
1993-11-08,11.34375,11.46875,11.25,11.46875,960000
1993-11-09,11.46875,11.5625,11.375,11.4375,351200
1993-11-10,11.46875,11.5,11.4375,11.46875,354400
1993-11-11,11.40625,11.53125,11.34375,11.53125,293200
1993-11-12,11.40625,11.4375,11.34375,11.4375,342000
1993-11-15,11.3125,11.375,11.28125,11.34375,108800
1993-11-16,11.09375,11.28125,11.0,11.25,232000
1993-11-17,10.875,11.125,10.8125,11.125,598800
1993-11-18,10.65625,10.75,10.59375,10.75,688800
1993-11-19,10.75,10.75,10.53125,10.59375,369200
1993-11-22,10.96875,10.96875,10.6875,10.6875,496000
1993-11-23,11.25,11.34375,11.125,11.15625,982000
1993-11-24,11.65625,11.65625,11.28125,11.28125,517600
1993-11-26,11.8125,11.8125,11.71875,11.71875,540000
1993-11-29,11.9375,11.9375,11.8125,11.8125,1218800
1993-11-30,12.03125,12.03125,11.90625,11.90625,938800
1993-12-01,12.15625,12.25,11.96875,12.0,1570800
1993-12-02,12.1875,12.5,12.09375,12.5,2566000
1993-12-03,12.0,12.21875,11.90625,12.21875,571600
1993-12-06,11.9375,12.09375,11.9375,12.03125,416000
1993-12-07,11.9375,12.0,11.75,11.875,665200
1993-12-08,12.09375,12.1875,11.9375,11.96875,1181200
1993-12-09,12.125,12.25,12.0625,12.0625,352800
1993-12-10,12.0,12.09375,11.96875,12.09375,306000
1993-12-13,11.8125,11.90625,11.78125,11.90625,159600
1993-12-14,11.71875,11.84375,11.65625,11.78125,492800
1993-12-15,12.0,12.03125,11.75,11.78125,652400
1993-12-16,12.0,12.15625,11.96875,12.09375,480000
1993-12-17,11.96875,12.09375,11.9375,12.03125,274800
1993-12-20,11.96875,12.0,11.875,11.96875,941600
1993-12-21,11.84375,11.96875,11.78125,11.90625,463200
1993-12-22,11.65625,11.8125,11.53125,11.8125,534400
1993-12-23,11.9375,11.96875,11.6875,11.71875,349200
1993-12-27,11.96875,12.0,11.90625,11.90625,411200
1993-12-28,11.9375,12.15625,11.90625,12.0,2011200
1993-12-29,11.78125,11.875,11.71875,11.875,536800
1993-12-30,11.75,11.84375,11.71875,11.78125,597200
1993-12-31,11.84375,11.84375,11.71875,11.71875,53200
1994-01-03,11.6875,11.84375,11.6875,11.84375,666000
1994-01-04,11.78125,11.90625,11.625,11.6875,2315200
1994-01-05,11.71875,11.84375,11.65625,11.75,584400
1994-01-06,11.59375,11.90625,11.59375,11.8125,498400
1994-01-07,11.8125,11.84375,11.5,11.625,1506000
1994-01-10,12.0625,12.09375,11.84375,11.84375,1599200
1994-01-11,11.875,12.09375,11.84375,12.0,734800
1994-01-12,11.84375,11.96875,11.84375,11.9375,1171200
1994-01-13,11.78125,11.84375,11.75,11.8125,510400
1994-01-14,11.75,11.9375,11.71875,11.8125,881200
1994-01-17,11.65625,11.8125,11.59375,11.59375,630400
1994-01-18,11.875,11.875,11.5625,11.65625,925200
1994-01-19,12.0625,12.09375,11.9375,11.9375,1016400
1994-01-20,11.96875,12.09375,11.96875,12.09375,713600
1994-01-21,12.21875,12.28125,11.9375,11.9375,965600
1994-01-24,12.28125,12.40625,12.21875,12.21875,702000
1994-01-25,12.15625,12.28125,12.15625,12.25,662800
1994-01-26,12.21875,12.21875,12.03125,12.125,1155200
1994-01-27,12.1875,12.375,12.125,12.125,504000
1994-01-28,12.28125,12.3125,12.15625,12.15625,221600
1994-01-31,12.375,12.46875,12.21875,12.25,216000
1994-02-01,12.53125,12.53125,12.21875,12.3125,1125600
1994-02-02,12.9375,12.9375,12.53125,12.53125,1054800
1994-02-03,13.0,13.0625,12.90625,12.90625,804000
1994-02-04,12.46875,13.03125,12.4375,12.96875,496000
1994-02-07,12.4375,12.59375,12.40625,12.40625,547600
1994-02-08,12.53125,12.75,12.4375,12.5,420400
1994-02-09,12.53125,12.59375,12.46875,12.5,499600
1994-02-10,12.4375,12.5625,12.4375,12.5625,1249600
1994-02-11,12.5625,12.625,12.34375,12.375,1530800
1994-02-14,12.59375,12.65625,12.40625,12.59375,1174400
1994-02-15,12.5625,12.625,12.5,12.625,991600
1994-02-16,12.625,12.65625,12.53125,12.53125,998400
1994-02-17,12.625,12.625,12.5625,12.625,741600
1994-02-18,12.59375,12.59375,12.5,12.5625,255200
1994-02-22,12.5625,12.5625,12.40625,12.5,414000
1994-02-23,12.40625,12.5625,12.40625,12.53125,201600
1994-02-24,12.0,12.34375,11.96875,12.34375,370000
1994-02-25,11.9375,12.0,11.9375,12.0,279600
1994-02-28,12.09375,12.09375,12.0,12.0,585600
1994-03-01,11.875,12.125,11.84375,12.09375,427200
1994-03-02,11.625,11.8125,11.46875,11.8125,602000
1994-03-03,12.125,12.125,11.65625,11.6875,1035200
1994-03-04,12.40625,12.5,12.09375,12.09375,515200
1994-03-07,12.375,12.53125,12.375,12.46875,234800
1994-03-08,12.5625,12.65625,12.40625,12.40625,1843200
1994-03-09,12.71875,12.71875,12.625,12.6875,2002400
1994-03-10,12.5,12.71875,12.46875,12.71875,1008000
1994-03-11,12.46875,12.5,12.40625,12.4375,116400
1994-03-14,12.5,12.53125,12.46875,12.5,624800
1994-03-15,12.40625,12.53125,12.375,12.5,405200
1994-03-16,12.40625,12.40625,12.3125,12.34375,316400
1994-03-17,12.375,12.4375,12.34375,12.40625,439600
1994-03-18,12.3125,12.375,12.28125,12.34375,528800
1994-03-21,12.125,12.25,12.09375,12.25,692800
1994-03-22,12.09375,12.125,12.0625,12.125,299200
1994-03-23,12.03125,12.09375,11.9375,12.0625,285600
1994-03-24,11.96875,12.15625,11.9375,12.03125,911600
1994-03-25,11.9375,12.0625,11.9375,12.03125,426400
1994-03-28,11.75,12.0,11.6875,12.0,702000
1994-03-29,11.53125,11.75,11.5,11.75,1471600
1994-03-30,11.25,11.53125,11.21875,11.46875,749200
1994-03-31,11.09375,11.21875,10.71875,11.21875,612400
1994-04-04,10.96875,11.25,10.90625,11.0625,669200
1994-04-05,11.34375,11.375,11.0625,11.0625,1111600
1994-04-06,11.25,11.4375,11.25,11.375,621200
1994-04-07,11.46875,11.5,11.21875,11.25,288400
1994-04-08,11.40625,11.53125,11.40625,11.46875,86400
1994-04-11,11.1875,11.5,11.1875,11.46875,402400
1994-04-12,11.25,11.25,11.1875,11.21875,520000
1994-04-13,11.3125,11.34375,11.25,11.25,339600
1994-04-14,11.28125,11.34375,11.21875,11.25,381200
1994-04-15,11.4375,11.4375,11.25,11.25,244400
1994-04-18,11.25,11.46875,11.03125,11.46875,734400
1994-04-19,11.21875,11.3125,11.1875,11.1875,678400
1994-04-20,11.1875,11.34375,11.1875,11.25,507600
1994-04-21,11.375,11.40625,11.1875,11.25,482000
1994-04-22,11.4375,11.53125,11.34375,11.34375,304800
1994-04-25,11.6875,11.6875,11.46875,11.46875,576400
1994-04-26,11.65625,11.71875,11.59375,11.71875,370000
1994-04-28,11.59375,11.65625,11.53125,11.59375,318800
1994-04-29,11.625,11.65625,11.5625,11.5625,303600
1994-05-02,11.5,11.625,11.4375,11.625,512400
1994-05-03,11.375,11.59375,11.34375,11.53125,749200
1994-05-04,11.4375,11.4375,11.21875,11.4375,427600
1994-05-05,11.625,11.625,11.375,11.375,295200
1994-05-06,11.4375,11.5625,11.40625,11.5625,283200
1994-05-09,11.1875,11.46875,11.1875,11.40625,352400
1994-05-10,10.9375,11.1875,10.75,11.1875,968800
1994-05-11,10.90625,11.03125,10.875,10.875,2292000
1994-05-12,10.84375,10.90625,10.71875,10.90625,3861200
1994-05-13,10.59375,10.875,10.5,10.875,4066800
1994-05-16,10.59375,10.6875,10.5,10.59375,1376800
1994-05-17,10.90625,10.90625,10.5625,10.5625,1102000
1994-05-18,11.0,11.15625,10.96875,11.0,824800
1994-05-19,11.3125,11.375,11.09375,11.09375,647600
1994-05-20,11.125,11.4375,11.125,11.3125,348800
1994-05-23,10.96875,11.15625,10.9375,11.15625,112400
1994-05-24,11.09375,11.125,10.96875,11.0,914400
1994-05-25,11.0625,11.09375,11.03125,11.09375,305200
1994-05-26,11.1875,11.21875,11.125,11.125,347200
1994-05-27,11.46875,11.53125,11.15625,11.15625,317200
1994-05-31,11.6875,11.71875,11.5,11.53125,862800
1994-06-01,11.5625,11.625,11.53125,11.625,1036400
1994-06-02,11.625,11.65625,11.59375,11.625,425600
1994-06-03,11.71875,11.75,11.53125,11.5625,404000
1994-06-06,11.59375,11.6875,11.46875,11.65625,297600
1994-06-07,11.625,11.65625,11.59375,11.59375,576000
1994-06-08,11.71875,11.8125,11.625,11.65625,348000
1994-06-09,11.59375,11.6875,11.5625,11.65625,151200
1994-06-10,11.71875,11.8125,11.65625,11.65625,142000
1994-06-13,11.90625,11.90625,11.6875,11.78125,366800
1994-06-14,11.8125,11.9375,11.78125,11.90625,488400
1994-06-15,11.6875,11.8125,11.5625,11.75,674400
1994-06-16,11.65625,11.6875,11.5,11.59375,200400
1994-06-17,11.5625,11.71875,11.5625,11.71875,104400
1994-06-20,11.375,11.5625,11.34375,11.5,192800
1994-06-21,11.375,11.375,11.15625,11.3125,334000
1994-06-22,11.625,11.6875,11.40625,11.40625,469200
1994-06-23,11.5,11.625,11.5,11.625,403600
1994-06-24,11.15625,11.40625,11.15625,11.40625,393200
1994-06-27,11.03125,11.125,10.875,11.0625,250000
1994-06-28,11.28125,11.375,11.03125,11.09375,656400
1994-06-29,11.21875,11.5,11.21875,11.25,569200
1994-06-30,11.0625,11.1875,11.0625,11.15625,1274000
1994-07-01,11.1875,11.28125,11.03125,11.09375,977600
1994-07-05,11.25,11.34375,11.15625,11.15625,688000
1994-07-06,11.46875,11.46875,11.3125,11.3125,947600
1994-07-07,11.46875,11.5,11.40625,11.46875,796000
1994-07-08,11.5625,11.59375,11.4375,11.4375,170400
1994-07-11,11.4375,11.59375,11.40625,11.59375,161600
1994-07-12,11.5625,11.5625,11.375,11.40625,296800
1994-07-13,11.65625,11.65625,11.46875,11.59375,688800
1994-07-14,11.625,11.625,11.5625,11.625,771600
1994-07-15,11.84375,11.84375,11.59375,11.59375,195600
1994-07-18,11.9375,12.03125,11.6875,11.6875,359600
1994-07-19,11.75,12.0,11.71875,11.9375,146400
1994-07-20,11.71875,11.78125,11.65625,11.75,418400
1994-07-21,11.71875,11.71875,11.59375,11.6875,463200
1994-07-22,11.90625,11.90625,11.71875,11.71875,363600
1994-07-25,11.90625,11.9375,11.78125,11.90625,618400
1994-07-26,11.875,11.9375,11.84375,11.875,262000
1994-07-27,11.84375,11.875,11.8125,11.84375,216400
1994-07-28,11.78125,11.875,11.78125,11.875,255200
1994-07-29,11.8125,11.84375,11.75,11.8125,180400
1994-08-01,11.875,11.90625,11.8125,11.84375,187600
1994-08-02,11.84375,11.9375,11.84375,11.875,494800
1994-08-03,11.875,11.875,11.78125,11.84375,438000
1994-08-04,11.8125,11.875,11.78125,11.875,139600
1994-08-05,11.75,11.84375,11.75,11.84375,332000
1994-08-08,11.9375,12.0,11.84375,11.90625,276800
1994-08-09,11.6875,11.96875,11.625,11.96875,1864000
1994-08-10,11.78125,11.8125,11.65625,11.75,888000
1994-08-11,11.71875,11.8125,11.71875,11.78125,616400
1994-08-12,11.65625,11.75,11.65625,11.71875,778400
1994-08-15,11.8125,11.84375,11.71875,11.71875,545600
1994-08-16,11.75,11.8125,11.6875,11.78125,230400
1994-08-17,11.53125,11.8125,11.5,11.8125,2119600
1994-08-18,11.4375,11.53125,11.375,11.46875,1916000
1994-08-19,11.34375,11.4375,11.3125,11.4375,235600
1994-08-22,11.25,11.34375,11.1875,11.34375,430400
1994-08-23,11.15625,11.25,10.90625,11.25,3421600
1994-08-24,11.1875,11.4375,11.15625,11.15625,1276000
1994-08-25,11.1875,11.3125,11.15625,11.21875,828400
1994-08-26,11.1875,11.25,11.15625,11.1875,790000
1994-08-29,11.1875,11.21875,11.15625,11.1875,771600
1994-08-30,11.21875,11.3125,11.21875,11.21875,1448400
1994-08-31,11.09375,11.21875,11.0625,11.21875,628000
1994-09-01,11.09375,11.1875,11.03125,11.125,782000
1994-09-02,11.0,11.0625,10.9375,11.0,1096800
1994-09-06,10.9375,11.0625,10.875,11.0,547200
1994-09-07,10.9375,11.03125,10.90625,11.0,863200
1994-09-08,10.9375,10.9375,10.84375,10.875,1462000
1994-09-09,10.90625,10.90625,10.78125,10.90625,1049600
1994-09-12,10.78125,10.90625,10.75,10.90625,436000
1994-09-13,10.96875,11.03125,10.8125,10.84375,423200
1994-09-14,11.1875,11.1875,11.03125,11.03125,882400
1994-09-15,11.25,11.3125,11.21875,11.3125,1443200
1994-09-16,11.15625,11.25,11.125,11.25,292800
1994-09-19,11.125,11.21875,11.125,11.15625,143200
1994-09-20,11.0,11.09375,10.96875,11.09375,410800
1994-09-21,10.875,11.0625,10.84375,11.0,898000
1994-09-22,10.75,11.0,10.75,10.90625,776000
1994-09-23,10.40625,10.6875,10.28125,10.6875,974800
1994-09-26,10.4375,10.5625,10.4375,10.4375,1117600
1994-09-27,10.84375,10.9375,10.65625,10.6875,3174000
1994-09-28,11.0,11.03125,10.84375,10.84375,738000
1994-09-29,10.875,11.09375,10.84375,11.0,748000
1994-09-30,10.96875,11.03125,10.875,10.875,564800
1994-10-03,11.0,11.0,10.9375,10.96875,498800
1994-10-04,10.84375,11.0,10.78125,11.0,437600
1994-10-05,10.71875,10.84375,10.625,10.8125,765600
1994-10-06,10.65625,10.78125,10.65625,10.78125,501600
1994-10-07,10.625,10.75,10.625,10.6875,291600
1994-10-10,10.71875,10.75,10.59375,10.6875,2504400
1994-10-11,10.9375,11.03125,10.78125,10.8125,1792000
1994-10-12,11.375,11.4375,11.15625,11.28125,1778400
1994-10-13,11.4375,11.46875,11.28125,11.4375,1039200
1994-10-14,11.4375,11.5,11.34375,11.46875,549200
1994-10-17,11.53125,11.5625,11.375,11.375,763200
1994-10-18,11.40625,11.53125,11.3125,11.53125,352400
1994-10-19,11.25,11.4375,11.09375,11.40625,857200
1994-10-20,11.25,11.3125,11.21875,11.21875,451600
1994-10-21,11.21875,11.28125,11.125,11.28125,195600
1994-10-24,11.125,11.3125,11.0625,11.1875,522000
1994-10-25,11.03125,11.125,10.9375,11.125,310000
1994-10-26,11.0,11.09375,11.0,11.0625,454000
1994-10-27,11.03125,11.0625,10.96875,11.03125,571200
1994-10-28,11.21875,11.375,11.0,11.0,382400
1994-10-31,11.375,11.40625,11.1875,11.21875,815200
1994-11-01,11.4375,11.53125,11.40625,11.40625,698000
1994-11-02,11.1875,11.40625,11.1875,11.40625,621600
1994-11-03,11.0625,11.1875,10.9375,11.15625,688800
1994-11-04,10.90625,11.0,10.875,11.0,386800
1994-11-07,10.8125,10.90625,10.8125,10.875,485600
1994-11-08,10.8125,10.84375,10.65625,10.8125,980000
1994-11-09,10.90625,10.9375,10.8125,10.875,193200
1994-11-10,11.125,11.25,10.90625,10.90625,401600
1994-11-11,11.0,11.1875,11.0,11.15625,98800
1994-11-14,10.96875,11.03125,10.90625,11.03125,494800
1994-11-15,10.9375,11.03125,10.875,11.0,279600
1994-11-16,10.84375,11.0,10.78125,11.0,936800
1994-11-17,10.75,10.96875,10.71875,10.875,491600
1994-11-18,10.75,10.8125,10.65625,10.65625,506800
1994-11-21,10.78125,10.8125,10.71875,10.78125,464800
1994-11-22,10.84375,10.96875,10.75,10.78125,595200
1994-11-23,10.6875,10.71875,10.625,10.71875,529200
1994-11-25,10.78125,10.78125,10.6875,10.6875,94400
1994-11-28,10.6875,10.8125,10.625,10.78125,275600
1994-11-29,10.75,10.8125,10.71875,10.75,467600
1994-11-30,10.8125,10.90625,10.78125,10.84375,538800
1994-12-01,10.59375,10.875,10.59375,10.84375,965200
1994-12-02,10.5625,10.625,10.53125,10.53125,344000
1994-12-05,10.625,10.71875,10.5625,10.5625,458800
1994-12-06,10.40625,10.65625,10.375,10.65625,527600
1994-12-07,10.375,10.4375,10.375,10.40625,299600
1994-12-08,10.09375,10.34375,10.0625,10.34375,553200
1994-12-09,9.71875,10.09375,9.625,10.09375,3180800
1994-12-12,9.75,9.78125,9.71875,9.71875,684800
1994-12-13,10.03125,10.03125,9.75,9.8125,904000
1994-12-14,10.25,10.375,10.0625,10.0625,1219600
1994-12-15,9.9375,10.25,9.9375,10.1875,663800
1994-12-16,10.0,10.25,9.9375,10.1875,699200
1994-12-19,10.125,10.1875,10.0,10.125,476400
1994-12-20,9.9375,10.3125,9.875,10.0625,724200
1994-12-21,10.375,10.375,10.0,10.0,1653800
1994-12-22,9.8125,10.125,9.5625,10.0625,3744600
1994-12-23,10.375,10.375,9.9375,10.0625,1394800
1994-12-27,10.125,10.375,10.0625,10.25,327600
1994-12-28,10.1875,10.25,10.0625,10.125,374400
1994-12-29,10.25,10.3125,10.125,10.1875,708600
1994-12-30,10.625,10.625,10.25,10.25,1149000
1995-01-03,10.125,10.625,10.0625,10.5,1355800
1995-01-04,10.125,10.3125,10.0625,10.0625,887600
1995-01-05,10.4375,10.4375,10.125,10.1875,1015000
1995-01-06,10.3125,10.6875,10.3125,10.3125,1373000
1995-01-09,10.125,10.25,10.0,10.25,368200
1995-01-10,10.1875,10.3125,10.125,10.1875,671400
1995-01-11,10.25,10.25,10.1875,10.1875,542000
1995-01-12,10.3125,10.5,10.25,10.25,706400
1995-01-13,10.5625,10.625,10.25,10.25,525200
1995-01-16,11.125,11.1875,10.625,10.625,626800
1995-01-17,10.9375,11.1875,10.6875,11.1875,499400
1995-01-18,10.75,10.9375,10.6875,10.9375,212800
1995-01-19,10.6875,10.75,10.5625,10.75,257800
1995-01-20,10.625,10.6875,10.5,10.5625,339400
1995-01-23,10.6875,10.75,10.4375,10.5,697400
1995-01-24,10.6875,10.8125,10.625,10.75,278200
1995-01-25,10.75,10.9375,10.6875,10.6875,484800
1995-01-26,10.5625,10.8125,10.5625,10.75,700400
1995-01-27,10.625,10.8125,10.5,10.625,460200
1995-01-30,10.5625,10.75,10.5,10.6875,722200
1995-01-31,10.5,10.625,10.4375,10.5,680600
1995-02-01,10.8125,10.8125,10.4375,10.4375,1195600
1995-02-02,10.75,10.9375,10.625,10.8125,514400
1995-02-03,10.8125,11.0,10.75,10.8125,1562400
1995-02-06,10.8125,10.9375,10.8125,10.875,426200
1995-02-07,10.9375,10.9375,10.8125,10.9375,493200
1995-02-08,11.0625,11.1875,10.875,10.9375,691000
1995-02-09,10.8125,11.4375,10.75,11.0625,697800
1995-02-10,10.875,11.0,10.8125,10.9375,867200
1995-02-13,11.0,11.125,10.9375,11.0,584400
1995-02-14,11.0625,11.1875,11.0,11.0,930800
1995-02-15,11.0,11.125,11.0,11.0625,1174400
1995-02-16,10.875,11.0625,10.875,11.0625,982000
1995-02-17,11.0625,11.125,10.9375,10.9375,419600
1995-02-21,11.0625,11.0625,10.9375,11.0625,270200
1995-02-22,11.3125,11.4375,11.0625,11.0625,823200
1995-02-23,11.6875,11.75,11.375,11.375,1216400
1995-02-24,11.5625,11.625,11.4375,11.5625,677000
1995-02-27,11.625,11.625,11.5,11.5,917800
1995-02-28,11.875,11.875,11.5625,11.5625,1123400
1995-03-01,11.6875,11.8125,11.6875,11.8125,802400
1995-03-02,11.5625,11.625,11.5,11.625,978000
1995-03-03,11.625,11.625,11.5,11.625,661400
1995-03-06,11.5,11.5625,11.4375,11.5625,1375800
1995-03-07,11.4375,11.5625,11.375,11.5625,879000
1995-03-08,11.4375,11.4375,11.125,11.375,661400
1995-03-09,11.875,11.875,11.375,11.5,259400
1995-03-10,11.8125,11.875,11.75,11.75,305800
1995-03-13,11.625,11.75,11.625,11.75,467000
1995-03-14,11.6875,11.75,11.5,11.625,526600
1995-03-15,11.625,11.8125,11.5,11.8125,721800
1995-03-16,11.625,11.6875,11.5,11.5,1457000
1995-03-17,11.5625,11.625,11.5,11.625,455000
1995-03-20,11.5625,11.5625,11.4375,11.5,497400
1995-03-21,11.3125,11.5,11.3125,11.3125,629200
1995-03-22,11.25,11.375,11.25,11.3125,433800
1995-03-23,11.125,11.375,11.125,11.375,738200
1995-03-24,11.375,11.375,11.0625,11.125,640000
1995-03-27,11.6875,11.75,11.375,11.4375,1407200
1995-03-28,11.8125,11.8125,11.5625,11.6875,382800
1995-03-29,11.9375,12.25,11.8125,11.8125,1233200
1995-03-30,12.0625,12.25,12.0625,12.0625,459600
1995-03-31,11.6875,12.125,11.6875,12.125,209400
1995-04-03,11.75,11.8125,11.6875,11.75,247200
1995-04-04,12.0,12.0,11.5,11.6875,519400
1995-04-05,11.9375,12.125,11.875,11.9375,374400
1995-04-06,11.875,12.0,11.75,12.0,143600
1995-04-07,11.75,11.9375,11.75,11.875,232200
1995-04-10,11.6875,11.8125,11.625,11.8125,518800
1995-04-11,11.75,11.75,11.375,11.5625,371400
1995-04-12,11.6875,11.75,11.5625,11.6875,610800
1995-04-13,12.0,12.125,11.6875,11.6875,8820600
1995-04-17,12.25,12.4375,12.0625,12.0625,2545600
1995-04-18,12.0,12.3125,12.0,12.25,2472400
1995-04-19,12.0625,12.125,12.0,12.0,1174800
1995-04-20,12.0,12.125,12.0,12.0625,852000
1995-04-21,12.125,12.1875,12.0,12.0625,688200
1995-04-24,12.0625,12.125,12.0,12.125,1166400
1995-04-25,12.0,12.125,12.0,12.0625,668000
1995-04-26,12.375,12.4375,12.0,12.0625,1122200
1995-04-27,12.3125,12.4375,12.25,12.25,813600
1995-04-28,12.4375,12.5,12.3125,12.3125,691000
1995-05-01,12.6875,12.6875,12.4375,12.4375,1194800
1995-05-02,12.625,12.6875,12.5,12.625,1050000
1995-05-03,12.5625,12.6875,12.4375,12.625,2262000
1995-05-04,12.375,12.625,12.3125,12.625,2101200
1995-05-05,12.4375,12.5,12.3125,12.4375,914400
1995-05-08,12.5625,12.5625,12.375,12.375,345200
1995-05-09,12.625,12.6875,12.5,12.5625,610800
1995-05-10,12.75,12.75,12.5,12.5625,655600
1995-05-11,12.75,12.875,12.625,12.6875,1320000
1995-05-12,12.875,12.9375,12.625,12.625,920000
1995-05-15,13.0625,13.1875,12.8125,12.8125,937800
1995-05-16,13.25,13.25,12.875,13.0625,1712400
1995-05-17,12.875,13.3125,12.8125,13.25,1734400
1995-05-18,12.5625,12.875,12.5,12.8125,608800
1995-05-19,12.375,12.625,12.25,12.4375,979400
1995-05-22,12.5,12.8125,12.375,12.4375,1162600
1995-05-23,12.5,12.6875,12.375,12.4375,1460200
1995-05-24,12.25,12.5625,12.25,12.5,625200
1995-05-25,12.25,12.4375,12.1875,12.25,1402200
1995-05-26,11.875,12.25,11.75,12.25,2318600
1995-05-30,11.5,11.625,11.125,11.25,5414600
1995-05-31,11.625,11.6875,11.5,11.5,1582600
1995-06-01,11.5,11.5625,11.375,11.5625,2886000
1995-06-02,11.4375,11.5,11.3125,11.5,1270400
1995-06-05,11.125,11.375,11.0625,11.375,1796400
1995-06-06,11.0,11.125,11.0,11.0625,2309400
1995-06-07,11.0,11.0625,10.8125,11.0625,1255400
1995-06-08,11.0,11.0625,10.875,10.875,598800
1995-06-09,10.75,10.9375,10.6875,10.9375,791200
1995-06-12,11.125,11.125,10.75,10.75,584800
1995-06-13,11.25,11.3125,11.1875,11.25,1024400
1995-06-14,11.375,11.5,11.3125,11.3125,1818400
1995-06-15,11.375,11.375,11.3125,11.375,1099800
1995-06-16,11.25,11.4375,11.25,11.375,1256600
1995-06-19,11.0,11.1875,10.75,11.1875,3450000
1995-06-20,11.0,11.125,11.0,11.0625,1711800
1995-06-21,11.25,11.4375,11.0625,11.125,2326400
1995-06-22,11.6875,11.75,11.3125,11.375,2682800
1995-06-23,11.9375,12.0625,11.6875,11.75,974200
1995-06-26,11.625,11.9375,11.625,11.9375,660600
1995-06-27,11.625,11.6875,11.4375,11.5625,1765400
1995-06-28,11.5,11.6875,11.3125,11.6875,2575600
1995-06-29,11.375,11.5,11.25,11.5,1009000
1995-06-30,11.625,11.6875,11.3125,11.3125,1067200
1995-07-03,11.3125,11.5,11.3125,11.5,353200
1995-07-05,11.3125,11.5,11.25,11.25,993200
1995-07-06,11.5,11.5625,11.25,11.375,914400
1995-07-07,11.75,11.8125,11.5625,11.5625,898200
1995-07-10,11.8125,11.9375,11.625,11.9375,1423600
1995-07-11,11.8125,11.875,11.6875,11.8125,1439400
1995-07-12,12.0625,12.125,11.8125,11.8125,590200
1995-07-13,12.0625,12.0625,11.875,12.0625,1214400
1995-07-14,11.875,12.0,11.8125,11.875,608400
1995-07-17,11.9375,12.0,11.75,11.875,1117000
1995-07-18,11.75,12.0,11.75,12.0,798800
1995-07-19,11.625,11.75,11.5,11.75,841600
1995-07-20,11.75,11.875,11.625,11.625,673000
1995-07-21,11.25,11.75,11.25,11.75,1573400
1995-07-24,11.5,11.625,11.3125,11.375,939600
1995-07-25,11.375,11.5,11.375,11.4375,617200
1995-07-26,11.375,11.5,11.25,11.5,1329800
1995-07-27,11.5,11.5625,11.25,11.375,1082200
1995-07-28,11.4375,11.5,11.3125,11.4375,319200
1995-07-31,11.3125,11.4375,11.1875,11.4375,1319600
1995-08-01,11.375,11.375,11.25,11.3125,607400
1995-08-02,11.4375,11.5,11.375,11.4375,599600
1995-08-03,11.25,11.4375,11.25,11.375,1107200
1995-08-04,11.0625,11.3125,11.0625,11.25,1886600
1995-08-07,10.875,11.1875,10.875,11.125,1031800
1995-08-08,10.8125,10.875,10.6875,10.875,1523200
1995-08-09,10.75,10.9375,10.6875,10.875,624200
1995-08-10,10.9375,10.9375,10.6875,10.8125,577400
1995-08-11,10.8125,11.0,10.6875,11.0,1767800
1995-08-14,10.5,10.8125,10.3125,10.6875,2423000
1995-08-15,10.4375,10.625,10.25,10.25,793200
1995-08-16,10.3125,10.5625,10.3125,10.4375,979000
1995-08-17,11.1875,11.1875,10.1875,10.3125,1645400
1995-08-18,10.9375,11.0625,10.875,11.0625,724800
1995-08-21,10.9375,11.0625,10.8125,10.9375,1329200
1995-08-22,10.875,11.0,10.8125,11.0,809400
1995-08-23,11.0,11.0625,10.8125,10.875,1327000
1995-08-24,10.875,11.0,10.8125,10.9375,2745000
1995-08-25,11.125,11.125,10.8125,10.8125,1114200
1995-08-28,10.9375,11.125,10.9375,11.0625,490400
1995-08-29,11.0625,11.0625,10.875,10.875,575800
1995-08-30,11.0,11.125,10.875,11.125,486800
1995-08-31,10.875,11.0,10.875,10.9375,1073400
1995-09-01,10.9375,10.9375,10.6875,10.9375,399600
1995-09-05,10.625,10.9375,10.5625,10.875,649400
1995-09-06,10.625,10.75,10.5625,10.75,1086400
1995-09-07,10.8125,10.875,10.6875,10.6875,668000
1995-09-08,10.5,10.8125,10.5,10.8125,342200
1995-09-11,10.5625,10.8125,10.5,10.625,718000
1995-09-12,10.5,10.5625,10.3125,10.5,1072800
1995-09-13,10.625,10.6875,10.5,10.5625,932800
1995-09-14,10.8125,10.8125,10.625,10.6875,389000
1995-09-15,10.625,10.8125,10.625,10.75,1394400
1995-09-18,10.9375,10.9375,10.625,10.6875,991400
1995-09-19,11.375,11.75,11.25,11.25,5759200
1995-09-20,11.6875,11.75,11.5,11.5,3007200
1995-09-21,11.875,12.4375,11.625,11.625,2126200
1995-09-22,11.375,11.875,11.375,11.75,1243800
1995-09-25,11.3125,11.4375,11.1875,11.4375,1985600
1995-09-26,11.4375,11.5625,11.3125,11.375,657200
1995-09-27,11.4375,11.5,11.25,11.375,648200
1995-09-28,11.875,11.875,11.5,11.5,1261800
1995-09-29,12.0,12.1875,11.875,11.875,1673600
1995-10-02,11.625,12.0625,11.5,12.0625,752600
1995-10-03,11.75,11.8125,11.5,11.6875,830600
1995-10-04,11.5625,11.9375,11.5,11.8125,1194600
1995-10-05,11.6875,11.75,11.5,11.625,726000
1995-10-06,11.875,11.9375,11.75,11.75,879200
1995-10-09,11.6875,11.9375,11.625,11.9375,416400
1995-10-10,11.4375,11.625,11.125,11.625,1118400
1995-10-11,11.375,11.4375,11.25,11.375,483000
1995-10-12,11.5,11.5625,11.0,11.3125,1264800
1995-10-13,11.8125,11.875,11.625,11.625,1100200
1995-10-16,12.125,12.125,11.75,11.75,1043000
1995-10-17,11.9375,12.1875,11.875,12.1875,1033400
1995-10-18,11.6875,12.0,11.5,11.9375,5116200
1995-10-19,12.0,12.0625,11.625,11.6875,764800
1995-10-20,12.0,12.0,11.8125,11.9375,356600
1995-10-23,12.0,12.0625,11.8125,11.9375,1115200
1995-10-24,12.1875,12.1875,11.9375,12.0,698600
1995-10-25,11.875,12.1875,11.8125,12.1875,1031200
1995-10-26,11.75,11.9375,11.625,11.8125,537000
1995-10-27,11.6875,11.75,11.625,11.6875,352000
1995-10-30,11.5,11.6875,11.375,11.6875,359400
1995-10-31,11.625,11.8125,11.4375,11.4375,824800
1995-11-01,11.5,11.6875,11.4375,11.5625,532200
1995-11-02,12.0,12.125,11.625,11.75,1872000
1995-11-03,12.5625,12.5625,12.0625,12.0625,1427000
1995-11-06,12.5625,12.625,12.5,12.5,938000
1995-11-07,12.5,12.625,12.4375,12.625,998600
1995-11-08,13.0,13.0,12.5,12.5625,536800
1995-11-09,12.875,13.0,12.6875,13.0,674000
1995-11-10,13.375,13.5625,12.9375,13.0,3708600
1995-11-13,13.1875,13.3125,13.125,13.25,871000
1995-11-14,13.4375,13.5,13.0625,13.0625,1284200
1995-11-15,13.5,13.5,13.375,13.4375,1460200
1995-11-16,13.375,13.5625,13.25,13.5,723000
1995-11-17,13.25,13.375,13.125,13.3125,287400
1995-11-20,13.0,13.3125,13.0,13.3125,755000
1995-11-21,12.875,13.0,12.8125,12.875,920600
1995-11-22,12.625,12.9375,12.5625,12.9375,2171200
1995-11-24,12.625,12.6875,12.625,12.6875,257200
1995-11-27,12.5625,12.75,12.375,12.6875,1216600
1995-11-28,13.0,13.0,12.375,12.375,621400
1995-11-29,12.875,13.0625,12.75,13.0,1704800
1995-11-30,13.0,13.125,12.75,13.125,631200
1995-12-01,12.625,13.0,12.5,13.0,889800
1995-12-04,12.625,12.6875,12.5,12.625,739200
1995-12-05,12.9375,12.9375,12.5625,12.5625,791800
1995-12-06,12.875,12.9375,12.8125,12.9375,443800
1995-12-07,12.8125,12.9375,12.5,12.9375,639200
1995-12-08,12.8125,12.9375,12.6875,12.875,182000
1995-12-11,12.6875,12.9375,12.625,12.875,272600
1995-12-12,12.5625,12.6875,12.5,12.6875,1352400
1995-12-13,12.4375,12.75,12.375,12.6875,792000
1995-12-14,12.4375,12.625,11.5,12.625,836400
1995-12-15,12.125,12.4375,12.0625,12.375,906200
1995-12-18,11.8125,12.25,11.8125,12.125,719000
1995-12-19,11.8125,12.0,11.75,11.8125,1347400
1995-12-20,11.375,12.0,11.375,12.0,2046600
1995-12-21,11.5,11.5625,11.375,11.4375,3730000
1995-12-22,11.8125,11.8125,11.5625,11.5625,1609400
1995-12-26,11.75,11.8125,11.625,11.8125,449000
1995-12-27,12.0,12.125,11.75,11.75,1596200
1995-12-28,11.9375,12.0625,11.875,11.9375,1125200
1995-12-29,12.1875,12.1875,12.0,12.0625,589600
1996-01-02,12.4375,12.4375,12.125,12.1875,1070600
1996-01-03,12.5,12.625,12.375,12.4375,889800
1996-01-04,12.0625,12.5,12.0625,12.5,341400
1996-01-05,12.0625,12.1875,11.75,11.9375,1410200
1996-01-08,12.3125,12.375,12.1875,12.25,87800
1996-01-09,12.125,12.3125,12.0,12.3125,350200
1996-01-10,11.6875,12.0,11.625,11.875,1163000
1996-01-11,11.75,11.875,11.75,11.8125,438800
1996-01-12,11.875,11.9375,11.75,11.875,373600
1996-01-15,11.875,11.9375,11.75,11.75,303600
1996-01-16,12.3125,12.4375,12.0,12.0,1570800
1996-01-17,12.25,12.375,12.1875,12.1875,617200
1996-01-18,12.3125,12.4375,12.25,12.25,279200
1996-01-19,12.5625,12.5625,12.25,12.25,340800
1996-01-22,12.5625,12.8125,12.5625,12.625,1004400
1996-01-23,12.6875,12.6875,12.5625,12.5625,651200
1996-01-24,12.625,12.8125,12.5625,12.8125,528200
1996-01-25,12.6875,12.6875,12.5625,12.625,833800
1996-01-26,12.875,12.875,12.5,12.5625,665000
1996-01-29,12.875,13.0625,12.8125,12.875,372600
1996-01-30,13.375,13.4375,13.0,13.0,1503600
1996-01-31,13.4375,13.5625,13.3125,13.375,2723200
1996-02-01,13.4375,13.5,13.3125,13.4375,660000
1996-02-02,13.8125,13.8125,13.5,13.5625,820200
1996-02-05,13.4375,13.75,13.4375,13.75,358400
1996-02-06,13.5625,13.6875,13.375,13.5625,450800
1996-02-07,13.5,14.0,13.375,13.75,1010000
1996-02-08,13.6875,13.75,13.4375,13.5,1257400
1996-02-09,13.875,13.9375,13.6875,13.75,1002400
1996-02-12,13.8125,13.9375,13.75,13.875,628000
1996-02-13,13.625,13.8125,13.5625,13.75,1053800
1996-02-14,14.3125,14.3125,13.625,13.625,2048600
1996-02-15,14.1875,14.25,14.125,14.125,565200
1996-02-16,14.1875,14.25,14.0625,14.1875,767800
1996-02-20,14.0,14.25,13.9375,14.0625,742800
1996-02-21,14.0625,14.125,14.0,14.0,514600
1996-02-22,14.1875,14.1875,13.9375,14.0625,768000
1996-02-23,14.5,14.5,14.0,14.125,802400
1996-02-26,14.125,14.5,14.0625,14.5,690400
1996-02-27,13.625,14.125,13.5625,14.125,5446000
1996-02-28,13.8125,14.0,13.6875,13.6875,1297400
1996-02-29,14.0625,14.0625,13.6875,13.75,859200
1996-03-01,13.9375,14.125,13.875,14.0625,348200
1996-03-04,14.1875,14.25,13.875,14.0625,553800
1996-03-05,14.25,14.5,14.1875,14.25,604200
1996-03-06,14.5,14.5,14.3125,14.375,769600
1996-03-07,14.3125,14.4375,14.1875,14.375,530600
1996-03-08,14.0,14.25,13.625,14.1875,915000
1996-03-11,13.875,13.9375,13.5625,13.875,463000
1996-03-12,13.375,13.75,13.25,13.75,678800
1996-03-13,13.5,13.625,13.375,13.375,539800
1996-03-14,13.75,13.875,13.5,13.5,782600
1996-03-15,13.9375,13.9375,13.6875,13.75,1053600
1996-03-18,13.9375,13.9375,13.75,13.9375,983800
1996-03-19,13.875,13.875,13.75,13.75,662200
1996-03-20,13.8125,13.875,13.6875,13.875,631200
1996-03-21,13.8125,13.875,13.6875,13.8125,419000
1996-03-22,13.9375,13.9375,13.8125,13.8125,801800
1996-03-25,13.75,13.9375,13.625,13.9375,460200
1996-03-26,13.5625,13.75,13.4375,13.6875,373800
1996-03-27,13.875,13.875,13.625,13.625,422400
1996-03-28,13.6875,13.8125,13.625,13.75,451200
1996-03-29,13.75,13.875,13.6875,13.8125,828600
1996-04-01,13.75,13.875,13.625,13.875,462800
1996-04-02,13.6875,13.875,13.5625,13.625,686600
1996-04-03,13.4375,13.6875,13.375,13.6875,581600
1996-04-04,13.6875,13.6875,13.25,13.4375,853400
1996-04-08,13.3125,13.5625,13.1875,13.5,1095600
1996-04-09,13.4375,13.5625,13.3125,13.375,342800
1996-04-10,13.3125,13.5625,13.25,13.375,798800
1996-04-11,13.1875,13.4375,13.125,13.375,453000
1996-04-12,13.0625,13.1875,13.0,13.1875,369200
1996-04-15,13.125,13.25,13.125,13.125,397200
1996-04-16,13.875,13.875,13.1875,13.1875,989400
1996-04-17,13.5625,13.75,13.5625,13.75,245200
1996-04-18,13.9375,13.9375,13.5625,13.625,1324600
1996-04-19,14.125,14.5,13.875,13.9375,1409400
1996-04-22,14.25,14.3125,14.0,14.0,690400
1996-04-23,14.25,14.3125,14.1875,14.25,503800
1996-04-24,14.4375,14.5,14.1875,14.1875,944000
1996-04-25,14.5625,14.625,14.4375,14.5,2730400
1996-04-26,14.5,14.625,14.375,14.5625,1340400
1996-04-29,14.4375,14.5,14.1875,14.5,416000
1996-04-30,14.5,14.625,14.25,14.4375,945400
1996-05-01,14.9375,14.9375,14.5625,14.625,917800
1996-05-02,14.5625,14.875,14.375,14.875,378000
1996-05-03,14.25,14.625,14.1875,14.625,616600
1996-05-06,14.0,14.25,13.9375,14.25,351800
1996-05-07,13.875,14.0,13.8125,13.875,903600
1996-05-08,13.9375,13.9375,13.5,13.875,245000
1996-05-09,13.75,13.9375,13.6875,13.9375,528600
1996-05-10,13.9375,14.0,13.6875,13.75,715200
1996-05-13,14.0,14.0625,13.875,13.9375,1145000
1996-05-14,14.125,14.25,14.0,14.0625,519800
1996-05-15,14.0625,14.25,13.9375,14.125,863200
1996-05-16,14.0625,14.125,14.0625,14.0625,267200
1996-05-17,14.1875,14.25,14.125,14.1875,331800
1996-05-20,14.625,14.8125,14.5625,14.5625,1155600
1996-05-21,14.5,14.5625,14.1875,14.5,1105800
1996-05-22,14.75,14.75,14.375,14.4375,1145000
1996-05-23,14.6875,15.0625,14.625,14.625,683600
1996-05-24,14.625,14.75,14.5625,14.75,801800
1996-05-28,14.3125,14.625,14.3125,14.625,974800
1996-05-29,14.3125,14.5,14.125,14.1875,630800
1996-05-30,14.75,14.75,14.25,14.25,1129000
1996-05-31,14.9375,14.9375,14.75,14.75,385400
1996-06-03,15.0,15.1875,14.75,14.8125,865200
1996-06-04,14.875,15.125,14.8125,15.0,817600
1996-06-05,15.3125,15.5625,14.875,14.875,2022200
1996-06-06,15.5625,15.625,15.25,15.3125,1826600
1996-06-07,15.4375,15.4375,15.0625,15.375,688600
1996-06-10,15.5625,15.5625,15.375,15.375,555200
1996-06-11,15.1875,15.75,15.1875,15.6875,2617600
1996-06-12,14.75,15.3125,14.75,15.125,1463200
1996-06-13,14.875,15.125,14.625,14.625,950000
1996-06-14,15.0,15.125,14.875,14.9375,710200
1996-06-17,14.8125,15.0625,14.6875,15.0,474600
1996-06-18,14.6875,14.8125,14.625,14.6875,623600
1996-06-19,14.75,14.75,14.4375,14.5,309000
1996-06-20,14.25,14.9375,14.1875,14.8125,4870200
1996-06-21,14.4375,14.4375,14.1875,14.25,1142600
1996-06-24,14.375,14.375,14.0625,14.375,949400
1996-06-25,14.1875,14.4375,14.125,14.375,1313800
1996-06-26,14.0625,14.3125,13.75,14.25,1663000
1996-06-27,14.125,14.25,14.0625,14.125,583600
1996-06-28,14.4375,14.5625,14.1875,14.1875,1167000
1996-07-01,14.8125,14.875,14.4375,14.5,1450200
1996-07-02,15.125,15.375,14.8125,14.8125,813400
1996-07-03,14.875,15.125,14.875,15.125,823000
1996-07-05,14.6875,14.875,14.6875,14.75,311800
1996-07-08,13.75,14.625,13.75,14.625,5881800
1996-07-09,14.125,14.1875,13.75,13.8125,1162400
1996-07-10,13.9375,14.125,13.875,14.0625,670800
1996-07-11,13.8125,14.0,13.5625,14.0,553800
1996-07-12,13.8125,13.9375,13.75,13.875,392400
1996-07-15,13.5625,13.8125,13.375,13.8125,770800
1996-07-16,13.5625,13.5625,13.0625,13.5,1679200
1996-07-17,14.0,14.375,13.9375,14.375,795400
1996-07-18,14.125,14.25,13.9375,14.25,1835000
1996-07-19,14.0,14.125,13.9375,14.0625,1015800
1996-07-22,13.5,14.0,13.4375,14.0,528800
1996-07-23,13.0,13.5625,13.0,13.5625,474000
1996-07-24,12.8125,12.9375,12.25,12.25,1090800
1996-07-25,13.3125,13.4375,13.0,13.0625,1076600
1996-07-26,13.5,13.5,13.1875,13.25,826800
1996-07-29,13.3125,13.4375,13.3125,13.375,351400
1996-07-30,13.375,13.4375,13.1875,13.3125,460600
1996-07-31,13.4375,13.5625,13.375,13.375,517200
1996-08-01,13.375,13.4375,13.3125,13.3125,1938200
1996-08-02,13.75,13.8125,13.4375,13.4375,1357200
1996-08-05,13.75,13.875,13.625,13.8125,696000
1996-08-06,13.75,13.875,13.5625,13.75,584000
1996-08-07,13.5625,13.75,13.5625,13.625,1226400
1996-08-08,14.0,14.0625,13.5625,13.625,670000
1996-08-09,14.3125,14.4375,14.0625,14.0625,395600
1996-08-12,14.0,14.4375,14.0,14.25,203400
1996-08-13,13.75,13.875,13.5,13.8125,257000
1996-08-14,14.0,14.0,13.6875,13.6875,209600
1996-08-15,14.5625,14.5625,14.125,14.125,399200
1996-08-16,14.25,14.5625,14.25,14.5625,194600
1996-08-19,14.75,14.75,14.25,14.25,237200
1996-08-20,14.5,14.9375,14.4375,14.75,413000
1996-08-21,14.125,14.5,14.125,14.5,247600
1996-08-22,14.1875,14.375,14.0,14.0,714800
1996-08-23,14.1875,14.1875,14.125,14.1875,203800
1996-08-26,14.1875,14.3125,14.125,14.1875,238800
1996-08-27,14.1875,14.25,13.875,14.1875,422400
1996-08-28,14.625,14.6875,14.0,14.0,325400
1996-08-29,14.3125,14.625,14.3125,14.5625,306600
1996-08-30,14.125,14.4375,14.0625,14.375,244200
1996-09-03,13.8125,14.0,13.8125,14.0,435800
1996-09-04,13.9375,14.0,13.8125,13.8125,241000
1996-09-05,13.8125,14.0625,13.6875,13.9375,436800
1996-09-06,13.75,13.875,13.6875,13.75,185200
1996-09-09,14.3125,14.3125,13.6875,13.75,700800
1996-09-10,14.375,14.625,14.3125,14.375,684200
1996-09-11,14.4375,14.625,14.25,14.3125,532000
1996-09-12,15.0,15.0,14.5,14.625,482400
1996-09-13,15.0,15.25,15.0,15.1875,701000
1996-09-16,14.875,15.125,14.875,15.0,613800
1996-09-17,15.1875,15.3125,14.8125,14.875,819800
1996-09-18,15.3125,15.3125,15.0625,15.1875,481800
1996-09-19,15.5,15.625,15.375,15.4375,2821200
1996-09-20,14.8125,15.375,14.6875,15.375,1429800
1996-09-23,14.875,15.0625,14.625,14.6875,680400
1996-09-24,14.9375,15.125,14.625,14.75,919000
1996-09-25,14.75,15.0625,14.6875,15.0,698400
1996-09-26,14.5,14.8125,14.5,14.6875,753400
1996-09-27,15.0625,15.125,14.5625,14.625,967600
1996-09-30,15.5,15.5,15.0,15.125,706800
1996-10-01,15.4375,15.5,15.1875,15.5,707600
1996-10-02,15.625,15.625,15.4375,15.4375,1057800
1996-10-03,15.625,15.6875,15.5,15.625,750200
1996-10-04,15.8125,15.9375,15.6875,15.75,1657200
1996-10-07,15.75,15.875,15.6875,15.75,511600
1996-10-08,15.875,15.875,15.625,15.6875,1271600
1996-10-09,15.75,15.9375,15.6875,15.9375,836600
1996-10-10,15.8125,15.8125,15.625,15.75,472400
1996-10-11,15.8125,15.9375,15.75,15.875,290400
1996-10-14,15.5,15.75,15.4375,15.75,170200
1996-10-15,15.4375,15.625,15.375,15.5,653800
1996-10-16,15.5,15.5625,15.25,15.375,357200
1996-10-17,15.4375,15.5625,15.3125,15.5,704600
1996-10-18,15.5,15.625,15.375,15.5625,591600
1996-10-21,15.375,15.625,15.375,15.5625,195400
1996-10-22,15.3125,15.4375,15.125,15.4375,363800
1996-10-23,15.375,15.375,15.125,15.1875,394000
1996-10-24,15.4375,15.5,15.1875,15.25,230400
1996-10-25,15.1875,15.5625,15.1875,15.375,388600
1996-10-28,15.1875,15.4375,15.1875,15.375,254000
1996-10-29,15.0625,15.3125,15.0,15.25,290200
1996-10-30,15.0625,15.25,15.0625,15.125,279400
1996-10-31,15.0625,15.25,14.875,15.0625,386800
1996-11-01,14.8125,15.25,14.75,15.1875,943400
1996-11-04,14.8125,14.8125,14.625,14.6875,2373800
1996-11-05,14.875,14.875,14.6875,14.75,382400
1996-11-06,15.25,15.3125,14.8125,14.9375,891400
1996-11-07,15.1875,15.25,15.125,15.25,398600
1996-11-08,15.125,15.3125,15.0625,15.25,208400
1996-11-11,15.125,15.25,14.9375,15.0,381400
1996-11-12,15.125,15.3125,15.0,15.1875,378200
1996-11-13,14.8125,15.125,14.8125,15.0625,693600
1996-11-14,15.0625,15.0625,14.75,14.75,11134800
1996-11-15,15.0,15.125,14.9375,15.0,2897800
1996-11-18,15.0,15.1875,14.9375,14.9375,861200
1996-11-19,15.0,15.0,14.8125,14.9375,750200
1996-11-20,15.0,15.125,14.9375,14.9375,886200
1996-11-21,15.0625,15.125,15.0,15.0625,876600
1996-11-22,15.0,15.0625,14.875,15.0,1069800
1996-11-25,15.0625,15.125,14.9375,14.9375,894800
1996-11-26,15.5,15.5625,15.0625,15.0625,1428600
1996-11-27,15.75,15.8125,15.5,15.5625,1116800
1996-11-29,15.8125,15.8125,15.6875,15.6875,268400
1996-12-02,15.875,15.9375,15.75,15.75,779600
1996-12-03,16.125,16.3125,15.9375,16.0,953200
1996-12-04,15.875,16.1875,15.6875,16.1875,1046600
1996-12-05,15.875,15.9375,15.75,15.8125,896800
1996-12-06,15.625,15.8125,15.3125,15.5625,669600
1996-12-09,15.625,15.875,15.625,15.75,810400
1996-12-10,15.5,15.8125,15.5,15.625,1373000
1996-12-11,15.25,15.5,15.125,15.5,1315600
1996-12-12,15.0625,15.25,15.0,15.1875,1059600
1996-12-13,15.125,15.3125,15.0625,15.0625,1188400
1996-12-16,15.0625,15.1875,15.0,15.1875,951400
1996-12-17,15.125,15.125,14.875,15.0,918200
1996-12-18,15.75,15.75,15.0625,15.0625,1627200
1996-12-19,16.125,16.3125,15.9375,15.9375,1219000
1996-12-20,16.375,16.5625,16.125,16.125,1679600
1996-12-23,15.8125,16.375,15.8125,16.3125,957400
1996-12-24,15.6875,15.8125,15.6875,15.75,628200
1996-12-26,15.875,15.875,15.625,15.75,695000
1996-12-27,15.875,16.125,15.75,15.875,470400
1996-12-30,16.0625,16.1875,15.8125,15.9375,252200
1996-12-31,16.5,16.5,15.8125,16.125,431200
1997-01-02,15.875,16.25,15.6875,16.25,1218200
1997-01-03,16.375,16.375,15.8125,16.0,1187000
1997-01-06,15.8125,16.375,15.8125,16.375,879200
1997-01-07,16.0625,16.125,15.875,16.0625,769000
1997-01-08,16.0,16.1875,16.0,16.0625,841400
1997-01-09,16.0,16.25,15.9375,16.125,748000
1997-01-10,16.25,16.25,15.8125,15.8125,487600
1997-01-13,16.4375,16.4375,16.125,16.3125,757600
1997-01-14,16.375,16.5625,16.375,16.5,838600
1997-01-15,15.9375,16.5,15.9375,16.4375,1144400
1997-01-16,16.4375,16.5625,16.0,16.0,488800
1997-01-17,16.875,16.875,16.4375,16.4375,331800
1997-01-20,16.75,16.875,16.625,16.875,666800
1997-01-21,17.1875,17.1875,16.625,16.625,567200
1997-01-22,17.375,17.5,17.0,17.125,1327600
1997-01-23,17.3125,17.8125,17.125,17.4375,796200
1997-01-24,16.875,17.25,16.75,17.1875,669800
1997-01-27,17.0625,17.125,16.875,17.0,351200
1997-01-28,17.1875,17.375,17.125,17.125,367400
1997-01-29,17.25,17.25,17.0,17.0625,503200
1997-01-30,17.8125,17.9375,17.1875,17.25,827000
1997-01-31,18.375,18.375,17.875,17.9375,870400
1997-02-03,17.9375,18.375,17.875,18.375,1429000
1997-02-04,17.5,17.875,17.3125,17.875,934000
1997-02-05,17.3125,17.75,17.3125,17.75,526800
1997-02-06,17.375,17.4375,17.25,17.3125,589600
1997-02-07,17.5,17.625,17.3125,17.375,706000
1997-02-10,17.5,17.625,17.3125,17.5625,472000
1997-02-11,17.4375,17.5625,17.25,17.5,422200
1997-02-12,17.375,17.4375,17.3125,17.4375,876600
1997-02-13,17.375,17.4375,17.25,17.25,715200
1997-02-14,17.25,17.5,17.125,17.4375,1092400
1997-02-18,17.0625,17.1875,16.875,17.125,1370400
1997-02-19,17.3125,17.4375,17.0,17.0,1048800
1997-02-20,17.1875,17.4375,17.1875,17.3125,1128600
1997-02-21,17.375,17.4375,17.1875,17.25,536400
1997-02-24,17.375,17.5,17.3125,17.3125,434200
1997-02-25,17.75,17.8125,17.4375,17.5,601800
1997-02-26,17.875,18.0625,17.625,17.625,659200
1997-02-27,17.875,18.0625,17.8125,17.875,714200
1997-02-28,17.625,17.875,17.625,17.8125,722600
1997-03-03,17.875,17.875,17.5625,17.625,351000
1997-03-04,18.625,18.75,17.625,17.75,1152600
1997-03-05,18.75,18.8125,18.5625,18.75,1209200
1997-03-06,18.75,18.875,18.6875,18.75,665600
1997-03-07,18.5,18.6875,18.4375,18.625,448800
1997-03-10,18.625,18.8125,18.625,18.8125,630600
1997-03-11,18.3125,18.6875,18.3125,18.625,665800
1997-03-12,18.1875,18.5625,18.1875,18.3125,548000
1997-03-13,17.625,18.125,17.5,18.0,3722000
1997-03-14,17.5,17.6875,17.5,17.5625,1231200
1997-03-17,17.3125,17.625,17.0625,17.5625,702400
1997-03-18,17.8125,17.8125,17.375,17.5625,1197200
1997-03-19,17.875,18.0,17.6875,17.75,525600
1997-03-20,18.375,18.625,17.9375,18.375,1873600
1997-03-21,18.25,18.5625,18.25,18.3125,511000
1997-03-24,18.6875,18.6875,18.3125,18.3125,588600
1997-03-25,18.875,19.125,18.625,18.6875,1986000
1997-03-26,18.625,18.875,18.5,18.75,621200
1997-03-27,18.375,18.8125,18.375,18.625,732400
1997-03-31,18.5625,18.625,17.9375,18.3125,1619600
1997-04-01,18.5,18.5,18.3125,18.5,1462000
1997-04-02,18.4375,18.5625,18.0,18.5625,721800
1997-04-03,18.25,18.4375,17.9375,18.4375,629200
1997-04-04,18.5,18.5,18.0625,18.25,304000
1997-04-07,18.5,18.5625,18.3125,18.5625,385400
1997-04-08,18.3125,18.5,18.25,18.5,993400
1997-04-09,18.125,18.3125,18.125,18.3125,727800
1997-04-10,17.9375,18.25,17.875,18.25,645400
1997-04-11,17.5,17.9375,17.5,17.9375,486600
1997-04-14,17.625,17.875,17.1875,17.375,538400
1997-04-15,17.8125,17.84375,17.6875,17.75,979600
1997-04-16,17.75,17.875,17.625,17.875,1056000
1997-04-17,17.5625,17.875,17.5,17.8125,632200
1997-04-18,18.4375,18.4375,17.375,17.375,651800
1997-04-21,17.6875,18.3125,17.6875,18.25,414200
1997-04-22,18.0625,18.125,17.75,17.75,304200
1997-04-23,17.8125,18.0,17.75,17.9375,889000
1997-04-24,17.9375,18.0625,17.8125,17.875,692400
1997-04-25,17.25,18.125,17.25,17.9375,2526000
1997-04-28,17.5,17.5625,17.1875,17.25,982000
1997-04-29,18.0625,18.1875,17.5,17.625,1018200
1997-04-30,18.4375,18.5625,18.0,18.0625,809400
1997-05-01,18.5625,18.625,18.3125,18.5,654600
1997-05-02,19.0625,19.1875,18.5,18.625,1888800
1997-05-05,19.4375,19.4375,19.0625,19.1875,1181600
1997-05-06,19.625,19.75,19.25,19.375,956600
1997-05-07,19.0625,19.625,19.0625,19.625,871600
1997-05-08,19.1875,19.4375,18.9375,19.0,305400
1997-05-09,19.375,19.5,19.25,19.4375,343400
1997-05-12,19.625,19.6875,19.3125,19.375,760000
1997-05-13,19.4375,19.6875,19.3125,19.5625,443000
1997-05-14,19.4375,19.625,19.375,19.625,281400
1997-05-15,18.9375,19.3125,18.875,19.3125,730400
1997-05-16,19.0,19.0,18.6875,18.6875,655000
1997-05-19,19.3125,19.375,19.0,19.0625,441400
1997-05-20,19.3125,19.375,18.9375,19.375,613400
1997-05-21,19.0625,19.3125,19.0625,19.3125,938600
1997-05-22,19.0,19.125,18.9375,19.125,742000
1997-05-23,18.625,19.0,18.5,19.0,1392600
1997-05-27,18.875,19.0,18.625,18.625,484800
1997-05-28,18.8125,18.9375,18.6875,18.8125,1610000
1997-05-29,18.9375,19.0625,18.6875,18.875,607200
1997-05-30,19.0,19.1875,18.8125,18.9375,354800
1997-06-02,19.0625,19.125,18.9375,19.0625,294200
1997-06-03,19.3125,19.3125,18.875,18.875,1135400
1997-06-04,19.0625,19.3125,19.0,19.3125,400800
1997-06-05,19.0,19.125,18.9375,19.0625,536600
1997-06-06,19.25,19.25,18.8125,18.875,672200
1997-06-09,19.375,19.375,19.125,19.125,509600
1997-06-10,19.5,19.5,19.25,19.375,748000
1997-06-11,19.8125,19.875,19.4375,19.4375,1124600
1997-06-12,20.0625,20.1875,19.8125,19.875,1526800
1997-06-13,20.3125,20.375,20.0625,20.0625,691000
1997-06-16,20.5,20.8125,20.5,20.625,843800
1997-06-17,20.8125,20.875,20.4375,20.5,1172800
1997-06-18,20.875,21.25,20.75,20.8125,852800
1997-06-19,21.4375,21.625,21.0625,21.1875,857600
1997-06-20,21.9375,21.9375,21.375,21.375,907200
1997-06-23,21.8125,22.5,21.6875,21.9375,1274000
1997-06-24,21.625,21.875,21.21875,21.875,1267600
1997-06-25,21.53125,21.65625,21.375,21.625,473200
1997-06-26,21.25,21.5,21.1875,21.5,537800
1997-06-27,20.5625,21.25,20.5625,21.25,711400
1997-06-30,20.625,20.90625,20.59375,20.6875,550600
1997-07-01,21.0625,21.125,20.6875,20.75,322000
1997-07-02,21.4375,21.46875,21.0,21.125,513000
1997-07-03,21.6875,22.0,21.5,21.5,852600
1997-07-07,21.28125,22.3125,21.25,22.3125,3605000
1997-07-08,21.5,21.53125,21.28125,21.28125,734600
1997-07-09,21.375,21.5625,21.375,21.5,595200
1997-07-10,21.78125,21.8125,21.375,21.4375,806000
1997-07-11,21.9375,22.25,21.8125,22.0,1410400
1997-07-14,21.8125,21.96875,21.78125,21.96875,677600
1997-07-15,21.25,21.875,21.25,21.84375,778800
1997-07-16,21.75,21.8125,21.5,21.5,514200
1997-07-17,21.65625,21.8125,21.65625,21.6875,1517600
1997-07-18,21.5625,21.78125,21.5,21.75,350200
1997-07-21,21.375,21.5,21.125,21.5,302600
1997-07-22,21.71875,21.71875,21.375,21.5,1849000
1997-07-23,21.96875,21.96875,21.65625,21.6875,1322600
1997-07-24,21.9375,22.0625,21.8125,22.03125,467600
1997-07-25,21.59375,21.90625,21.53125,21.8125,756800
1997-07-28,21.34375,21.59375,21.34375,21.59375,522400
1997-07-29,21.0625,21.28125,20.96875,21.25,653200
1997-07-30,21.03125,21.25,21.03125,21.1875,475200
1997-07-31,21.0625,21.21875,20.96875,21.0625,1954800
1997-08-01,21.40625,21.4375,20.9375,21.0,1276400
1997-08-04,21.875,21.875,21.4375,21.5,757800
1997-08-05,21.875,22.0,21.6875,21.875,568000
1997-08-06,22.1875,22.21875,21.75,21.8125,326800
1997-08-07,22.5625,22.625,22.375,22.46875,762200
1997-08-08,22.0,22.5625,22.0,22.5625,460400
1997-08-11,22.09375,22.3125,22.0,22.3125,296600
1997-08-12,22.34375,22.375,22.0625,22.21875,396000
1997-08-13,21.8125,22.53125,21.8125,22.5,501600
1997-08-14,21.90625,22.0625,21.90625,21.9375,306600
1997-08-15,21.5,21.9375,21.5,21.875,279600
1997-08-18,21.34375,21.46875,21.0625,21.375,429200
1997-08-19,22.0625,22.09375,21.46875,21.46875,418800
1997-08-20,22.5,22.53125,22.0625,22.0625,444800
1997-08-21,22.375,22.53125,22.28125,22.5,1046600
1997-08-22,22.03125,22.3125,21.9375,22.125,652400
1997-08-25,22.28125,22.375,22.03125,22.15625,1296000
1997-08-26,22.125,22.25,22.09375,22.15625,584000
1997-08-27,21.59375,22.09375,21.59375,22.0625,397400
1997-08-28,21.9375,22.0625,21.5,21.65625,1666200
1997-08-29,21.8125,22.0,21.78125,21.875,719400
1997-09-02,22.0,22.25,21.84375,21.9375,1062200
1997-09-03,22.21875,22.28125,22.03125,22.0625,803600
1997-09-04,22.8125,22.9375,22.3125,22.3125,926800
1997-09-05,22.96875,23.3125,22.9375,23.0,1976000
1997-09-08,22.875,23.0625,22.875,23.0,477800
1997-09-09,22.625,22.875,22.625,22.875,282600
1997-09-10,22.46875,22.6875,22.4375,22.6875,624600
1997-09-11,22.15625,22.5,22.15625,22.5,379200
1997-09-12,22.5625,22.59375,21.9375,22.28125,1137600
1997-09-15,23.0,23.0,22.5,22.5625,819600
1997-09-16,22.875,23.0,22.71875,23.0,543600
1997-09-17,22.875,23.125,22.75,22.875,655400
1997-09-18,22.84375,23.59375,22.78125,23.0,1123000
1997-09-19,22.90625,23.0625,22.75,22.75,637600
1997-09-22,22.90625,23.09375,22.90625,22.96875,734600
1997-09-23,22.6875,22.9375,22.6875,22.9375,484200
1997-09-24,22.5,22.875,22.5,22.8125,382800
1997-09-25,22.25,22.5,22.15625,22.5,313000
1997-09-26,22.25,22.75,22.25,22.3125,588800
1997-09-29,23.0625,23.09375,22.625,22.625,695200
1997-09-30,23.125,23.4375,23.09375,23.3125,640400
1997-10-01,23.78125,23.78125,23.3125,23.4375,745600
1997-10-02,24.5,24.71875,23.8125,23.9375,769000
1997-10-03,24.28125,24.96875,24.25,24.46875,792000
1997-10-06,24.1875,24.3125,24.125,24.21875,289800
1997-10-07,23.96875,24.0625,23.71875,24.0,440200
1997-10-08,23.75,24.03125,23.65625,24.0,349600
1997-10-09,24.0625,24.15625,23.625,23.75,255000
1997-10-10,23.875,24.0,23.71875,24.0,231600
1997-10-13,23.9375,24.125,23.9375,24.0,233400
1997-10-14,23.875,24.0625,23.8125,24.0,303800
1997-10-15,23.875,23.875,23.65625,23.78125,151600
1997-10-16,24.03125,24.125,23.8125,23.875,314800
1997-10-17,23.4375,23.90625,23.0625,23.90625,342000
1997-10-20,23.125,23.625,23.0625,23.34375,326000
1997-10-21,23.5625,23.65625,23.21875,23.25,372600
1997-10-22,24.125,24.375,23.5625,23.59375,589200
1997-10-23,24.3125,24.34375,23.625,24.0,662000
1997-10-24,24.40625,24.625,24.3125,24.625,536600
1997-10-27,22.875,24.375,22.8125,24.25,598200
1997-10-28,24.1875,24.1875,22.0,22.25,1564200
1997-10-29,24.09375,24.75,23.9375,24.125,909200
1997-10-30,23.9375,24.1875,23.625,23.75,554600
1997-10-31,24.25,24.4375,24.0,24.0,781400
1997-11-03,24.5625,24.875,24.3125,24.3125,952000
1997-11-04,24.8125,24.875,24.5,24.5,774400
1997-11-05,25.0,25.03125,24.84375,25.0,718400
1997-11-06,24.96875,24.96875,24.5625,24.96875,309400
1997-11-07,24.65625,24.90625,24.59375,24.84375,570000
1997-11-10,24.78125,24.9375,24.6875,24.78125,357800
1997-11-11,24.9375,24.9375,24.6875,24.9375,461600
1997-11-12,24.53125,24.96875,24.53125,24.96875,685400
1997-11-13,24.375,24.71875,24.34375,24.53125,511000
1997-11-14,24.3125,24.46875,24.3125,24.3125,343600
1997-11-17,25.09375,25.21875,24.53125,24.53125,466800
1997-11-18,24.84375,25.125,24.8125,24.9375,930000
1997-11-19,24.75,24.8125,24.625,24.78125,184600
1997-11-20,25.15625,25.1875,24.75,24.84375,684000
1997-11-21,25.65625,25.71875,25.125,25.4375,664600
1997-11-24,25.625,25.8125,25.34375,25.71875,377400
1997-11-25,25.5,25.8125,25.40625,25.625,630000
1997-11-26,25.53125,25.625,25.375,25.5625,384600
1997-11-28,27.03125,27.125,26.0,26.125,1075200
1997-12-01,26.0625,27.0,25.8125,27.0,1272200
1997-12-02,26.0625,26.25,25.96875,26.0,1028600
1997-12-03,26.125,26.34375,25.96875,26.0625,1492200
1997-12-04,26.5,26.8125,25.96875,26.0625,1221200
1997-12-05,26.65625,26.6875,26.46875,26.59375,616000
1997-12-08,26.75,26.90625,26.65625,26.71875,525400
1997-12-09,26.0625,26.75,26.03125,26.75,745400
1997-12-10,26.34375,26.375,26.03125,26.03125,527600
1997-12-11,26.0,26.25,25.65625,26.25,703600
1997-12-12,25.78125,26.0,25.6875,25.875,612400
1997-12-15,25.59375,25.84375,25.4375,25.5625,638800
1997-12-16,25.96875,26.6875,25.5,25.5,1021000
1997-12-17,25.59375,26.09375,25.59375,26.09375,544600
1997-12-18,25.1875,25.75,25.125,25.6875,465000
1997-12-19,25.375,25.40625,24.9375,25.25,893600
1997-12-22,25.75,25.84375,25.1875,25.375,802000
1997-12-23,26.6875,27.0,25.8125,25.875,1055800
1997-12-24,26.46875,26.84375,26.375,26.71875,235200
1997-12-26,26.5,26.625,26.375,26.5,89800
1997-12-29,26.875,26.9375,26.4375,26.625,863400
1997-12-30,27.28125,27.625,27.0,27.0,818600
1997-12-31,27.6875,27.9375,27.46875,27.5,620000
1998-01-02,27.1875,27.8125,27.0,27.75,554400
1998-01-05,27.5,27.90625,27.0,27.21875,787600
1998-01-06,27.0,27.5,27.0,27.3125,436600
1998-01-07,27.75,27.78125,27.03125,27.03125,621400
1998-01-08,27.8125,28.0,27.125,27.625,1349600
1998-01-09,26.625,27.8125,26.53125,27.8125,1195400
1998-01-12,26.59375,26.59375,26.21875,26.375,1007800
1998-01-13,26.25,26.65625,25.96875,26.65625,1168400
1998-01-14,26.5,26.5,25.96875,26.21875,587800
1998-01-15,26.5,26.5625,26.34375,26.5,402800
1998-01-16,27.125,27.125,26.5,26.5625,699600
1998-01-20,27.5,27.75,27.34375,27.625,677600
1998-01-21,27.4375,27.53125,27.1875,27.5,476400
1998-01-22,27.625,27.75,27.4375,27.4375,543200
1998-01-23,27.65625,27.90625,27.625,27.75,912400
1998-01-26,27.875,27.9375,27.53125,27.53125,838600
1998-01-27,28.0,28.125,27.5,27.96875,1121400
1998-01-28,28.1875,28.375,27.875,27.9375,684400
1998-01-29,28.1875,28.5,28.0625,28.4375,705400
1998-01-30,27.90625,28.25,27.875,28.21875,928400
1998-02-02,28.1875,28.40625,27.6875,28.0,871400
1998-02-03,27.75,28.3125,27.625,28.25,903800
1998-02-04,27.8125,28.0,27.59375,27.71875,842600
1998-02-05,27.96875,28.21875,27.96875,28.0625,619600
1998-02-06,28.28125,28.59375,28.0625,28.0625,487000
1998-02-09,28.53125,28.875,28.4375,28.5,407000
1998-02-10,28.75,28.96875,28.375,28.5625,533400
1998-02-11,29.28125,29.3125,28.78125,28.78125,735600
1998-02-12,28.6875,29.15625,28.5,29.15625,2540200
1998-02-13,28.59375,28.71875,28.5,28.5,1495000
1998-02-17,28.21875,28.65625,28.1875,28.65625,585800
1998-02-18,28.75,28.84375,28.1875,28.28125,646400
1998-02-19,28.8125,28.875,28.5,28.71875,606600
1998-02-20,28.75,28.96875,28.5,28.875,232800
1998-02-23,28.6875,29.0625,28.59375,28.875,699000
1998-02-24,28.53125,28.8125,28.53125,28.71875,570000
1998-02-25,29.0625,29.25,28.75,28.78125,728200
1998-02-26,29.28125,29.375,29.0625,29.125,798600
1998-02-27,29.4375,29.53125,29.15625,29.40625,764800
1998-03-02,29.6875,29.75,29.53125,29.5625,440400
1998-03-03,29.6875,29.875,29.59375,29.625,791800
1998-03-04,30.0,30.4375,29.9375,30.0,692400
1998-03-05,30.25,30.75,29.875,29.9375,963600
1998-03-06,30.90625,31.25,30.5,30.5,742200
1998-03-09,31.4375,31.5,30.96875,31.03125,933800
1998-03-10,31.0,31.65625,31.0,31.375,949000
1998-03-11,30.375,31.0,30.25,31.0,827200
1998-03-12,30.75,30.75,30.3125,30.4375,963800
1998-03-13,30.46875,31.0625,30.34375,30.78125,780000
1998-03-16,30.3125,30.46875,30.15625,30.46875,828400
1998-03-17,31.59375,31.71875,30.75,30.8125,855200
1998-03-18,31.5625,31.875,31.125,31.5625,955800
1998-03-19,32.71875,33.0,31.59375,31.59375,1320000
1998-03-20,33.28125,33.75,32.9375,33.125,1552400
1998-03-23,33.125,33.71875,33.0625,33.5,755000
1998-03-24,33.125,33.125,32.46875,33.0,2002600
1998-03-25,33.8125,34.0625,33.5,33.75,1290600
1998-03-26,33.84375,33.875,33.5625,33.78125,441600
1998-03-27,32.90625,34.25,32.875,34.0625,794000
1998-03-30,33.90625,34.0,33.125,33.25,708600
1998-03-31,34.875,34.875,33.59375,33.9375,1022600
1998-04-01,35.6875,36.0,34.875,34.875,1472800
1998-04-02,36.0,36.0,35.1875,35.6875,1312800
1998-04-03,37.0,37.84375,35.875,35.875,1613600
1998-04-06,37.90625,38.25,37.53125,37.625,1430400
1998-04-07,35.84375,37.8125,35.59375,37.75,2139000
1998-04-08,35.75,36.09375,35.65625,35.75,1413000
1998-04-09,34.875,35.78125,34.53125,35.75,1964600
1998-04-13,35.0,35.03125,34.78125,34.875,1200800
1998-04-14,36.125,36.46875,35.5,35.5,2310200
1998-04-15,36.0,36.625,35.875,36.5,1262600
1998-04-16,35.375,35.90625,35.3125,35.875,1295400
1998-04-17,35.46875,35.65625,35.125,35.5,906000
1998-04-20,35.09375,35.46875,34.6875,35.46875,1286800
1998-04-21,35.09375,35.125,34.125,35.0,2205600
1998-04-22,34.6875,35.375,34.65625,35.21875,644200
1998-04-23,34.0,34.28125,33.96875,34.0,963000
1998-04-24,33.65625,34.0625,32.8125,33.9375,1436000
1998-04-27,32.9375,33.3125,32.28125,33.3125,988600
1998-04-28,34.09375,34.46875,33.25,33.4375,2441400
1998-04-29,34.28125,34.5,33.375,33.375,1972600
1998-04-30,34.78125,35.03125,34.5,34.5,1605400
1998-05-01,34.96875,35.1875,34.78125,34.78125,491800
1998-05-04,34.9375,35.03125,34.75,35.0,564800
1998-05-05,34.9375,35.03125,34.65625,34.875,797800
1998-05-06,35.0,35.1875,34.84375,35.0625,420000
1998-05-07,35.84375,36.21875,35.0,35.0625,1137200
1998-05-08,35.0,36.15625,34.96875,35.78125,1422000
1998-05-11,35.1875,35.34375,35.0,35.125,460200
1998-05-12,34.65625,35.09375,34.65625,35.0625,700000
1998-05-13,34.75,35.09375,34.625,34.625,514400
1998-05-14,34.53125,34.96875,34.53125,34.875,413000
1998-05-15,34.625,34.84375,34.625,34.6875,810000
1998-05-18,34.75,34.96875,34.65625,34.9375,789400
1998-05-19,35.125,35.21875,34.6875,34.6875,1167400
1998-05-20,35.6875,35.6875,35.0,35.03125,1185200
1998-05-21,35.5,36.0625,35.4375,35.6875,1037800
1998-05-22,35.09375,35.5,34.90625,35.46875,676400
1998-05-26,34.21875,35.03125,34.0625,35.03125,828400
1998-05-27,34.28125,34.375,33.5625,34.0,924800
1998-05-28,34.75,35.0,34.25,34.3125,674600
1998-05-29,33.875,34.6875,33.5625,34.375,7354800
1998-06-01,33.53125,33.875,33.09375,33.75,1814600
1998-06-02,33.71875,33.875,33.28125,33.875,1570400
1998-06-03,33.96875,34.21875,33.875,33.9375,815200
1998-06-04,34.375,34.375,33.96875,34.0,1055400
1998-06-05,34.59375,34.65625,34.28125,34.40625,719200
1998-06-08,34.90625,35.375,34.625,34.6875,998400
1998-06-09,35.84375,36.0,34.9375,34.9375,945600
1998-06-10,35.6875,35.84375,35.4375,35.84375,617400
1998-06-11,35.625,36.125,35.625,35.9375,1045600
1998-06-12,35.1875,35.71875,34.8125,35.71875,675600
1998-06-15,34.0625,35.375,34.0625,35.0,474500
1998-06-16,34.125,34.875,33.625,34.25,795100
1998-06-17,34.25,34.875,34.0,34.625,521100
1998-06-18,34.125,34.75,33.75,34.0625,559700
1998-06-19,34.6875,35.5625,34.4375,34.5,1337000
1998-06-22,36.375,36.375,34.5625,34.875,3057300
1998-06-23,38.0,38.1875,36.5,37.0,1322300
1998-06-24,40.0625,40.0625,38.0,38.125,1446000
1998-06-25,38.125,40.0625,37.8125,40.0625,1170100
1998-06-26,38.75,39.0,37.3125,37.5625,773600
1998-06-29,38.4375,39.9375,38.375,39.125,747600
1998-06-30,39.625,39.625,38.125,38.5625,770100
1998-07-01,40.0,40.375,39.0,39.9375,1454400
1998-07-02,38.5625,40.1875,37.875,40.125,885200
1998-07-06,40.3125,40.625,39.25,39.5,883700
1998-07-07,40.6875,40.9375,39.875,40.5625,496900
1998-07-08,42.0625,42.125,40.375,40.4375,607300
1998-07-09,41.625,42.625,40.875,42.0,825700
1998-07-10,41.75,41.75,40.3125,41.625,552600
1998-07-13,40.875,41.875,40.8125,41.875,421300
1998-07-14,41.0,41.625,40.5,41.5,712100
1998-07-15,40.5,40.875,39.75,40.875,1128800
1998-07-16,41.25,41.4375,40.0625,40.625,1304400
1998-07-17,41.3125,41.6875,40.75,41.125,659400
1998-07-20,41.5,41.75,41.125,41.3125,527300
1998-07-21,40.625,41.25,39.0625,40.0,2014000
1998-07-22,39.3125,40.25,38.875,40.0,1153800
1998-07-23,38.5,39.75,38.0625,39.6875,739700
1998-07-24,37.1875,38.4375,36.6875,38.4375,1272800
1998-07-27,37.125,37.4375,36.75,37.4375,1517100
1998-07-28,37.5,38.0,37.0,37.0625,665100
1998-07-29,38.4375,38.625,37.3125,38.0,1132000
1998-07-30,38.125,38.75,37.125,38.25,724600
1998-07-31,37.0,38.375,36.9375,38.25,730800
1998-08-03,36.0625,37.0,36.0625,36.9375,701500
1998-08-04,34.0,36.25,33.75,36.1875,792900
1998-08-05,33.4375,34.3125,33.125,34.125,1624900
1998-08-06,35.375,35.375,33.375,33.375,1222800
1998-08-07,35.875,36.9375,35.625,35.6875,1160100
1998-08-10,34.875,36.125,34.875,36.0,519500
1998-08-11,32.8125,33.9375,31.875,33.25,2203900
1998-08-12,32.75,33.5625,32.1875,33.5,1652400
1998-08-13,31.5625,32.75,31.125,32.5,1336000
1998-08-14,31.4375,32.0625,31.0,31.0,702000
1998-08-17,31.6875,31.6875,30.875,31.4375,787500
1998-08-18,34.75,34.875,31.75,31.875,1675800
1998-08-19,33.5,35.875,33.0,35.75,909800
1998-08-20,34.5625,34.625,33.625,34.125,637900
1998-08-21,33.5625,34.0,32.75,34.0,679300
1998-08-24,32.1875,33.9375,30.9375,33.3125,1835600
1998-08-25,33.875,34.25,32.5,32.5,2006700
1998-08-26,33.5,33.5,33.0,33.5,485900
1998-08-27,32.25,33.25,31.75,33.1875,795100
1998-08-28,30.9375,33.125,29.875,32.625,1416300
1998-08-31,28.875,30.9375,28.4375,30.6875,1560200
1998-09-01,28.875,29.25,26.75,28.6875,2700600
1998-09-02,29.0,30.5,28.6875,28.875,1351900
1998-09-03,26.75,28.5,26.625,28.5,2294500
1998-09-04,26.125,27.5,25.1875,27.25,1288900
1998-09-08,26.875,28.5,25.25,28.5,2191900
1998-09-09,27.9375,28.0,25.75,27.625,1376600
1998-09-10,29.0,29.0625,26.8125,27.125,2178600
1998-09-11,29.5,30.6875,29.125,29.125,1405400
1998-09-14,29.875,30.4375,29.5625,30.1875,833400
1998-09-15,29.8125,30.25,29.0625,29.8125,854100
1998-09-16,31.75,31.75,30.1875,30.1875,1993500
1998-09-17,31.0,32.6875,30.9375,31.75,2483600
1998-09-18,32.4375,32.875,30.75,30.75,1771900
1998-09-21,31.75,31.9375,30.625,31.25,1054600
1998-09-22,31.3125,33.375,30.875,33.25,1434100
1998-09-23,30.375,31.3125,30.0,31.3125,1920300
1998-09-24,30.875,30.9375,28.875,29.75,1609300
1998-09-25,31.0625,31.4375,30.375,30.375,745500
1998-09-28,31.5625,32.25,30.1875,30.9375,908100
1998-09-29,31.375,31.875,31.25,31.3125,663000
1998-09-30,31.8125,32.0,29.5,31.125,2074300
1998-10-01,29.0,31.125,29.0,31.125,1276900
1998-10-02,25.9375,29.0,23.625,29.0,4438100
1998-10-05,24.5625,25.5,23.75,25.0625,1691800
1998-10-06,24.1875,25.9375,23.125,25.0,2823500
1998-10-07,22.5,24.75,22.0625,24.625,2477900
1998-10-08,21.6875,22.3125,19.0,21.5,3215600
1998-10-09,23.25,23.75,22.25,22.75,1374000
1998-10-12,25.5,25.875,24.75,25.5,1206500
1998-10-13,23.0,25.625,22.625,25.5625,1332200
1998-10-14,24.0625,24.875,22.75,22.9375,1249900
1998-10-15,25.5,25.5,23.625,24.0,2084500
1998-10-16,27.375,27.625,26.25,26.5625,2415500
1998-10-19,29.75,29.75,27.375,27.5,1424200
1998-10-20,31.125,32.375,30.75,31.0,2030900
1998-10-21,31.125,31.5,30.375,31.5,988800
1998-10-22,31.0,32.375,31.0,31.125,1185700
1998-10-23,29.625,31.1875,29.3125,31.1875,1227100
1998-10-26,29.75,30.375,29.375,29.5,771700
1998-10-27,30.25,30.625,29.625,29.625,765000
1998-10-28,29.9375,30.1875,29.25,30.125,806400
1998-10-29,30.9375,31.0,29.75,30.125,650100
1998-10-30,32.375,32.375,30.875,31.0,1252400
1998-11-02,32.6875,32.875,31.375,32.5,1230400
1998-11-03,32.75,34.0,32.5625,33.0,1375500
1998-11-04,33.0,33.875,32.6875,32.75,1297700
1998-11-05,34.8125,34.9375,31.8125,32.625,1609100
1998-11-06,33.0,34.625,32.75,34.625,1799200
1998-11-09,33.375,33.5,32.5,32.875,872700
1998-11-10,33.75,33.9375,33.3125,33.375,1016000
1998-11-11,33.8125,34.0,33.1875,33.8125,896000
1998-11-12,32.75,33.0625,32.125,32.75,1413700
1998-11-13,32.4375,32.6875,31.75,32.625,787800
1998-11-16,31.5,32.625,31.0625,32.4375,1939800
1998-11-17,31.8125,32.4375,31.1875,31.25,953700
1998-11-18,31.75,32.25,31.5625,31.8125,801000
1998-11-19,31.875,32.125,31.5,31.75,1219600
1998-11-20,33.75,34.25,32.375,32.5,874200
1998-11-23,34.375,34.5,33.875,34.0,2062500
1998-11-24,34.75,35.4375,34.625,35.0,1251800
1998-11-25,35.0,35.1875,34.75,34.875,874100
1998-11-27,35.125,35.25,35.0,35.0,545800
1998-11-30,34.5,35.1875,34.5,35.125,700200
1998-12-01,35.5625,35.75,35.0,35.25,2074800
1998-12-02,35.5,35.6875,34.875,35.5,1219500
1998-12-03,36.0,36.25,35.75,36.125,1430700
1998-12-04,36.6875,36.6875,36.0,36.3125,787200
1998-12-07,37.125,37.3125,36.125,36.625,782200
1998-12-08,38.9375,39.0,37.1875,37.1875,2075000
1998-12-09,38.5625,38.9375,37.5,38.9375,1342900
1998-12-10,37.75,39.25,37.75,38.6875,3289700
1998-12-11,38.25,39.6875,37.9375,39.5,5577700
1998-12-14,36.25,37.0,35.6875,36.875,2507700
1998-12-15,37.125,37.9375,36.3125,36.625,1959600
1998-12-16,36.875,37.6875,36.75,37.0,1136700
1998-12-17,39.6875,40.875,37.625,37.75,3154900
1998-12-18,39.75,40.875,39.6875,40.625,4616200
1998-12-21,42.9375,42.9375,40.125,40.5,19344000
1998-12-22,42.9375,43.25,42.4375,42.75,4925600
1998-12-23,43.6875,43.9375,42.875,42.875,2925200
1998-12-24,44.8125,44.8125,43.375,43.9375,692900
1998-12-28,44.875,45.25,44.0,44.8125,1022900
1998-12-29,47.3125,47.75,44.875,45.125,2180900
1998-12-30,46.5625,47.0,45.9375,46.75,2031200
1998-12-31,48.0,48.5,46.8125,47.25,3449800
1999-01-04,45.4375,48.0,44.9375,48.0,3053200
1999-01-05,46.0625,46.9375,45.4375,45.5,2277200
1999-01-06,47.375,47.5,46.625,47.5,2539700
1999-01-07,46.8125,46.9375,46.125,46.875,1493400
1999-01-08,46.0,46.75,45.75,46.75,1828900
1999-01-11,45.75,45.9375,44.8125,45.75,1594700
1999-01-12,44.5625,45.625,44.0,45.25,1557300
1999-01-13,43.5,44.0,41.875,42.625,2730200
1999-01-14,44.75,45.3125,43.5625,44.5,1593700
1999-01-15,45.0625,45.625,44.25,45.125,1061600
1999-01-19,44.125,45.3125,42.375,45.1875,1639100
1999-01-20,44.5,47.0,43.6875,43.875,933400
1999-01-21,43.375,44.3125,42.3125,44.0,1209900
1999-01-22,42.625,43.0625,41.8125,42.75,1013200
1999-01-25,43.5625,44.3125,43.0,43.5,1293300
1999-01-26,45.3125,45.5625,43.5625,43.625,1145500
1999-01-27,46.125,46.625,44.5,45.5625,1367700
1999-01-28,47.625,47.8125,46.0,46.0,957600
1999-01-29,49.0625,49.125,47.3125,47.75,1616500
1999-02-01,48.5,48.875,48.0625,48.625,887800
1999-02-02,48.5,48.625,47.0,48.125,970300
1999-02-03,48.5,49.0,47.8125,48.5,1099400
1999-02-04,47.3125,48.375,47.3125,48.375,576900
1999-02-05,46.9375,47.375,45.75,47.375,721400
1999-02-08,45.3125,46.9375,45.3125,46.9375,831400
1999-02-09,43.8125,45.5625,43.75,45.3125,1404900
1999-02-10,44.75,44.75,43.5,43.8125,1258600
1999-02-11,45.5,45.5,44.25,44.625,787700
1999-02-12,43.0,46.1875,42.875,45.75,983600
1999-02-16,42.8125,44.1875,42.6875,43.375,911400
1999-02-17,42.4375,42.75,41.8125,42.75,857100
1999-02-18,45.3125,45.375,42.0,42.1875,835800
1999-02-19,45.875,46.0,44.5625,45.0625,792500
1999-02-22,47.6875,47.6875,46.125,46.125,1224800
1999-02-23,46.3125,47.875,46.0,47.6875,885800
1999-02-24,46.3125,47.5,45.875,46.75,816700
1999-02-25,45.625,46.5,45.125,46.125,900700
1999-02-26,44.5,45.5625,43.375,45.5,1162900
1999-03-01,44.25,44.875,43.4375,44.25,938700
1999-03-02,43.875,44.5625,43.75,44.5625,762200
1999-03-03,43.4375,44.0,42.4375,43.625,848600
1999-03-04,43.4375,43.75,42.9375,43.4375,998500
1999-03-05,44.75,44.75,43.8125,43.875,830700
1999-03-08,44.5,45.0,44.0,44.875,652500
1999-03-09,43.75,44.875,43.75,44.5,643200
1999-03-10,45.0,45.0,43.5,43.75,783600
1999-03-11,45.8125,46.8125,45.125,45.125,1340200
1999-03-12,45.4375,46.375,44.5,46.0625,998100
1999-03-15,45.3125,45.9375,44.8125,45.25,608000
1999-03-16,44.875,45.375,43.875,45.25,1439200
1999-03-17,45.0625,45.125,43.25,44.625,939000
1999-03-18,45.0625,45.6875,44.875,45.125,1475300
1999-03-19,46.25,47.5,45.8125,46.25,2722000
1999-03-22,45.5,46.6875,44.5,46.1875,926900
1999-03-23,44.375,45.625,44.0,45.375,940500
1999-03-24,44.125,44.625,43.375,44.5,704900
1999-03-25,46.125,46.125,44.25,44.5,668000
1999-03-26,46.25,46.5,45.0,46.125,877300
1999-03-29,48.5,48.5,46.75,47.5,1063200
1999-03-30,48.6875,49.0625,47.875,48.5,1135700
1999-03-31,48.5625,49.4375,48.0,48.8125,1587600
1999-04-01,49.375,49.4375,48.3125,49.25,800800
1999-04-05,50.625,51.875,49.625,49.75,1198400
1999-04-06,49.4375,50.625,49.125,50.625,1828400
1999-04-07,50.5625,50.625,49.3125,49.3125,1133500
1999-04-08,51.4375,51.5,50.1875,50.5625,1077300
1999-04-09,52.1875,52.1875,51.25,51.625,1464800
1999-04-12,53.5,53.5,51.25,51.625,1032600
1999-04-13,51.125,53.25,51.0625,53.0,994800
1999-04-14,50.0625,51.375,49.875,51.25,1483200
1999-04-15,48.8125,50.3125,47.875,50.125,1442500
1999-04-16,47.0,48.625,46.5,48.625,1205800
1999-04-19,44.875,49.0625,44.6875,47.0,1277200
1999-04-20,44.8125,46.5,44.6875,45.0,1803700
1999-04-21,44.0,45.0,42.3125,44.9375,2428400
1999-04-22,45.875,46.375,43.6875,44.1875,1520400
1999-04-23,47.1875,47.875,46.125,46.75,1156300
1999-04-26,43.75,44.625,43.0,43.5,4118900
1999-04-27,44.0,44.5625,43.1875,44.25,1357100
1999-04-28,42.6875,44.125,42.5625,43.875,1060900
1999-04-29,41.3125,43.5,40.6875,42.9375,1138200
1999-04-30,41.875,42.75,39.5,41.375,1781600
1999-05-03,45.1875,45.5625,42.4375,42.5,1687000
1999-05-04,42.625,45.0625,41.75,45.0,1779200
1999-05-05,42.375,42.4375,41.625,42.25,2004500
1999-05-06,42.625,43.4375,42.125,42.5,1189600
1999-05-07,42.3125,43.25,42.3125,42.625,641900
1999-05-10,43.9375,44.125,42.125,42.5,1424200
1999-05-11,43.625,44.125,43.5,43.9375,900200
1999-05-12,44.6875,44.8125,42.5,43.875,1001100
1999-05-13,44.5,45.3125,44.3125,44.8125,718300
1999-05-14,43.0625,44.0,42.6875,43.75,620800
1999-05-17,42.0,43.0625,42.0,43.0,1224500
1999-05-18,43.75,43.8125,42.25,42.5,1404500
1999-05-19,45.0,45.0,43.25,44.25,1034500
1999-05-20,44.6875,45.625,44.4375,45.0,1006100
1999-05-21,43.125,45.4375,42.75,45.0,1112800
1999-05-24,41.75,43.4375,41.5,43.0,1349100
1999-05-25,41.5625,42.125,40.5,42.0,1674200
1999-05-26,41.0,41.6875,40.3125,41.625,1158100
1999-05-27,39.875,40.8125,38.5,40.75,2741400
1999-05-28,41.0,41.25,39.8125,39.8125,2540600
1999-06-01,41.625,42.0625,39.75,40.375,1453300
1999-06-02,40.875,42.375,40.0625,41.6875,1408900
1999-06-03,45.25,45.25,42.125,42.375,4087300
1999-06-04,44.5,45.625,44.0,45.25,1016200
1999-06-07,44.6875,44.8125,42.0625,42.625,876200
1999-06-08,43.9375,44.3125,43.5,44.0,969900
1999-06-09,44.875,45.125,44.125,44.5,948100
1999-06-10,44.75,44.875,44.125,44.25,876500
1999-06-11,44.1875,45.8125,43.5,44.875,1314500
1999-06-14,44.625,44.625,43.75,44.1875,474500
1999-06-15,44.8125,45.3125,44.4375,44.625,1084100
1999-06-16,48.125,48.125,45.0625,45.25,1316100
1999-06-17,47.625,48.0,47.25,48.0,1431100
1999-06-18,49.3125,49.5,47.6875,47.6875,1397400
1999-06-21,48.5,49.875,47.6875,49.375,703300
1999-06-22,49.4375,49.5,47.5625,48.5,881300
1999-06-23,48.8125,49.0,48.5,48.875,836400
1999-06-24,48.75,49.0,48.125,49.0,933500
1999-06-25,48.0,48.3125,46.875,48.125,740300
1999-06-28,47.4375,48.8125,47.375,48.125,1581300
1999-06-29,47.875,47.875,46.8125,47.0625,2020600
1999-06-30,48.5,48.875,47.125,47.625,1559200
1999-07-01,48.0625,48.1875,46.9375,47.0,1232100
1999-07-02,48.25,48.8125,47.1875,47.8125,617900
1999-07-06,49.1875,49.4375,47.875,48.25,705200
1999-07-07,50.375,50.5,49.0625,49.375,1140500
1999-07-08,49.875,50.375,49.5,50.0,1506300
1999-07-09,49.5,50.375,49.3125,50.25,474800
1999-07-12,49.375,49.375,48.0,48.5,927500
1999-07-13,48.5625,49.3125,48.4375,49.125,484200
1999-07-14,48.6875,48.75,47.1875,48.375,1105000
1999-07-15,48.25,48.9375,47.8125,48.9375,780300
1999-07-16,48.875,49.125,48.0,48.4375,761000
1999-07-19,48.125,48.5625,47.875,48.0,663600
1999-07-20,48.125,48.3125,47.8125,48.1875,956800
1999-07-21,48.5,49.0,47.8125,48.125,723700
1999-07-22,48.0625,48.4375,47.6875,48.375,1172800
1999-07-23,46.4375,48.0,46.0,48.0,1047400
1999-07-26,46.6875,46.9375,45.5,45.5,1281400
1999-07-27,48.4375,48.5625,46.75,46.75,1091000
1999-07-28,49.375,49.5,48.0625,48.1875,862700
1999-07-29,47.875,48.375,47.125,48.125,761700
1999-07-30,46.4375,48.5,46.4375,47.875,716700
1999-08-02,45.4375,46.5,45.1875,46.4375,605900
1999-08-03,43.875,45.6875,43.5625,45.375,978700
1999-08-04,43.625,44.75,43.3125,44.0,854500
1999-08-05,42.5,43.75,42.0625,43.5,878500
1999-08-06,42.3125,42.375,41.625,42.25,768900
1999-08-09,42.25,42.5,41.625,42.5,1215800
1999-08-10,43.6875,44.375,41.5,42.25,2047400
1999-08-11,44.0,45.0,43.9375,44.25,750300
1999-08-12,44.3125,44.75,43.4375,43.9375,803800
1999-08-13,46.5625,46.5625,44.0625,44.25,723800
1999-08-16,46.6875,46.6875,46.0625,46.4375,592000
1999-08-17,45.875,47.0,45.25,47.0,768000
1999-08-18,46.3125,46.5625,45.5,46.125,348000
1999-08-19,45.375,46.0625,44.5625,46.0625,639900
1999-08-20,47.0,47.5,45.75,46.0,761700
1999-08-23,48.375,48.375,46.625,46.625,969400
1999-08-24,48.4375,48.625,47.5,48.0,648900
1999-08-25,48.125,48.5,46.625,48.25,1219600
1999-08-26,46.0,47.875,46.0,47.875,639100
1999-08-27,45.875,46.25,44.75,46.0,991500
1999-08-30,44.25,45.875,44.25,45.625,962400
1999-08-31,44.6875,45.0,43.625,44.125,1187900
1999-09-01,44.3125,44.75,44.0,44.5,572000
1999-09-02,42.9375,44.375,42.1875,44.375,1125700
1999-09-03,44.125,44.5625,43.0,43.25,1004600
1999-09-07,44.0,44.625,44.0,44.375,1049800
1999-09-08,43.375,44.0,43.1875,43.875,804600
1999-09-09,42.9375,43.375,42.25,43.25,640700
1999-09-10,41.6875,43.25,41.5,42.9375,1464600
1999-09-13,40.875,42.0625,40.625,42.0625,1384900
1999-09-14,42.0625,42.9375,40.625,40.625,927300
1999-09-15,40.8125,43.0,40.5625,42.25,1214600
1999-09-16,42.4375,42.625,40.0,41.5,2402100
1999-09-17,45.5,46.0,43.0625,43.3125,2346400
1999-09-20,45.625,45.9375,44.75,45.5625,1741100
1999-09-21,44.5,45.625,43.8125,45.5,1229000
1999-09-22,45.75,46.5,44.75,45.0,751100
1999-09-23,45.375,46.75,45.0,45.75,1148200
1999-09-24,43.0,45.75,42.125,45.0625,1226800
1999-09-27,43.0,44.1875,43.0,43.75,957800
1999-09-28,41.8125,43.125,41.25,42.9375,1518200
1999-09-29,42.0,42.25,41.375,41.4375,1585500
1999-09-30,43.5,44.4375,42.625,43.5,1224200
1999-10-01,44.6875,44.75,43.5,43.5,1445300
1999-10-04,45.8125,46.1875,44.5,44.75,1161900
1999-10-05,44.6875,45.75,44.3125,45.75,1668000
1999-10-06,44.875,45.0,43.75,44.75,1136400
1999-10-07,44.75,45.125,44.5,44.75,796100
1999-10-08,43.9375,45.0625,43.5625,44.875,894500
1999-10-11,43.875,44.25,43.5625,43.9375,729700
1999-10-12,42.3125,44.0,41.9375,43.75,717100
1999-10-13,41.0625,42.75,41.0625,42.625,600400
1999-10-14,41.4375,42.125,40.75,41.125,1159400
1999-10-15,40.375,41.5,40.25,41.4375,1117400
1999-10-18,40.0625,40.3125,38.125,40.25,1135900
1999-10-19,39.875,40.875,39.5625,40.125,1227700
1999-10-20,41.8125,42.6875,41.1875,41.25,1255600
1999-10-21,42.6875,42.6875,40.875,41.375,643000
1999-10-22,41.875,43.375,41.0,42.625,788600
1999-10-25,41.0,41.25,40.375,40.75,1174600
1999-10-26,39.625,41.5,39.5625,41.0,1213000
1999-10-27,39.125,39.875,38.6875,39.5,1445300
1999-10-28,41.75,41.8125,40.5,40.875,1531300
1999-10-29,44.5,44.9375,42.75,43.25,1532600
1999-11-01,43.8125,44.875,43.5,44.75,1000500
1999-11-02,44.3125,45.6875,43.8125,43.8125,1360400
1999-11-03,45.3125,46.1875,45.25,45.75,1286000
1999-11-04,46.8125,47.0,45.125,45.625,1212800
1999-11-05,47.0,47.875,46.8125,47.0,944000
1999-11-08,47.5625,47.8125,47.0,47.125,811300
1999-11-09,46.3125,47.5625,45.75,47.5625,1085300
1999-11-10,45.9375,46.625,45.6875,46.5625,653300
1999-11-11,46.6875,46.9375,45.875,46.0,843800
1999-11-12,46.5,47.4375,46.0,46.9375,723400
1999-11-15,46.9375,47.625,46.1875,46.25,1241700
1999-11-16,50.0,50.0,48.125,48.5,1256900
1999-11-17,49.5625,51.875,49.25,51.0,1365400
1999-11-18,48.875,49.6875,47.9375,49.5625,826300
1999-11-19,48.25,48.625,47.3125,48.625,652400
1999-11-22,48.0625,48.5625,47.4375,48.5625,716100
1999-11-23,47.0,47.6875,46.5,47.625,663800
1999-11-24,47.625,47.8125,46.5,47.0,531300
1999-11-26,47.1875,47.5,46.5625,47.5,339400
1999-11-29,45.8125,46.9375,45.625,46.9375,897200
1999-11-30,44.125,46.0,44.125,45.875,1038600
1999-12-01,44.875,45.75,43.875,44.1875,1734300
1999-12-02,48.0,48.125,44.4375,44.5,2513900
1999-12-03,49.75,49.9375,47.375,47.75,1869100
1999-12-06,50.5,50.5,48.75,49.75,1526700
1999-12-07,48.8125,50.0625,48.5625,50.0,1338000
1999-12-08,47.453125,49.0,46.125,49.0,2394400
1999-12-09,46.25,47.75,46.0,46.75,1044800
1999-12-10,46.25,46.75,46.1875,46.75,767000
1999-12-13,45.3125,46.375,45.3125,46.0,863100
1999-12-14,46.0,46.375,45.3125,45.3125,3073400
1999-12-15,44.25,46.0,44.0,45.9375,1414200
1999-12-16,44.75,45.875,43.4375,44.125,1211900
1999-12-17,43.875,45.4375,43.875,45.0,1672400
1999-12-20,45.625,45.875,43.9375,44.0,885500
1999-12-21,45.625,46.0,44.75,45.125,758200
1999-12-22,46.75,46.8125,45.6875,46.0,1160200
1999-12-23,47.375,48.375,47.0,47.625,464000
1999-12-27,46.25,47.8125,46.25,47.25,518700
1999-12-28,46.125,46.8125,45.75,46.25,417900
1999-12-29,46.875,47.0,45.5,46.1875,536900
1999-12-30,47.1875,47.5,46.125,46.5,349700
1999-12-31,47.8125,47.8125,46.875,47.375,289500
2000-01-03,46.875,47.125,45.25,46.0,1532600
2000-01-04,46.3125,47.5625,46.1875,47.5,1061600
2000-01-05,47.875,48.5625,46.3125,46.3125,1674400
2000-01-06,48.5625,49.3125,47.125,47.8125,1437300
2000-01-07,48.0,48.5625,47.0,47.0,1813900
2000-01-10,50.125,50.8125,48.4375,48.5,1888900
2000-01-11,50.5,50.5625,49.5625,50.0625,1161700
2000-01-12,48.1875,50.4375,48.0625,50.375,1642100
2000-01-13,50.0,50.4375,48.0,48.1875,1667000
2000-01-14,50.5625,51.25,49.5,49.75,1841200
2000-01-18,50.0,50.25,49.375,49.5,1199900
2000-01-19,50.25,51.125,49.875,50.0,1419200
2000-01-20,49.1875,50.875,49.1875,50.5625,628600
2000-01-21,46.625,50.625,46.0,50.625,1776500
2000-01-24,43.125,46.0,42.75,46.0,4527700
2000-01-25,42.25,44.0625,41.875,43.25,3590500
2000-01-26,43.9375,45.25,41.875,42.375,3154800
2000-01-27,42.75,43.75,42.3125,42.5,2367700
2000-01-28,44.5,44.5,42.0,42.5,3433600
2000-01-31,45.0625,45.5,43.75,44.5,2468500
2000-02-01,45.0625,45.4375,44.25,45.0625,1648400
2000-02-02,45.0,46.0,44.75,46.0,1648300
2000-02-03,47.25,47.625,44.625,44.875,1303700
2000-02-04,46.625,48.3125,46.125,48.25,1572600
2000-02-07,43.0625,46.6875,42.75,46.625,1274900
2000-02-08,42.75,44.25,40.5,44.25,3870000
2000-02-09,42.9375,43.3125,42.375,42.5625,1551500
2000-02-10,42.0625,42.875,41.75,42.875,900700
2000-02-11,40.375,43.0,39.625,43.0,1116800
2000-02-14,35.5,40.625,34.375,40.5,5839900
2000-02-15,34.0,36.0,33.9375,35.5,6539600
2000-02-16,31.875,33.75,31.25,33.75,5904300
2000-02-17,31.1875,33.6875,30.9375,32.25,4628200
2000-02-18,31.0625,32.25,30.5625,31.6875,3899700
2000-02-22,30.4375,31.625,30.25,30.9375,2411700
2000-02-23,29.625,30.3125,29.0625,30.25,2496000
2000-02-24,28.0,30.125,27.25,30.125,3625100
2000-02-25,27.625,28.625,27.5,28.0,4264300
2000-02-28,30.0,30.0,28.0,28.5,7053000
2000-02-29,28.8125,30.625,28.5625,30.625,3239600
2000-03-01,26.875,29.0625,26.375,28.8125,4766600
2000-03-02,25.875,27.25,24.9375,27.0,4939100
2000-03-03,26.125,27.125,25.8125,26.375,4873300
2000-03-06,24.25,26.375,23.75,26.125,3185100
2000-03-07,24.5,24.875,22.0625,22.0625,4242900
2000-03-08,23.9375,24.4375,23.125,24.0,3841300
2000-03-09,23.1875,24.0625,23.0,24.0625,4022800
2000-03-10,23.0625,23.4375,22.875,23.375,3226800
2000-03-13,22.875,23.8125,22.375,23.0,3302700
2000-03-14,22.1875,23.125,22.0625,22.9375,4476000
2000-03-15,22.75,23.1875,22.0,22.25,5111100
2000-03-16,26.5,26.5,23.3125,23.375,7671400
2000-03-17,21.875,23.5,21.1875,22.75,17469100
2000-03-20,23.75,24.125,22.25,22.5,11510800
2000-03-21,24.0,24.4375,23.375,23.5,5829100
2000-03-22,24.8125,25.0625,24.0,24.0,5334800
2000-03-23,23.9375,25.0,23.875,24.8125,2577200
2000-03-24,24.625,24.75,24.0,24.5,2395200
2000-03-27,24.75,25.5625,24.625,25.5,1937300
2000-03-28,24.3125,25.375,24.25,25.0,2367700
2000-03-29,24.3125,24.75,24.25,24.75,2109900
2000-03-30,24.0625,24.625,23.9375,24.375,2908500
2000-03-31,24.8125,25.0,23.875,24.0,3541400
2000-04-03,23.9375,24.8125,23.5,24.8125,3917800
2000-04-04,24.25,24.25,23.1875,24.125,3349700
2000-04-05,24.0625,24.625,23.875,24.25,1774900
2000-04-06,24.125,24.5,24.0,24.3125,1478500
2000-04-07,24.5,24.8125,24.0,24.375,2890200
2000-04-10,24.875,25.1875,24.5,24.625,2132500
2000-04-11,24.8125,25.25,24.3125,25.0,1642400
2000-04-12,23.9375,25.0,23.9375,25.0,3674000
2000-04-13,23.9375,24.6875,23.875,24.0625,2581400
2000-04-14,22.0,23.75,21.5,23.6875,2005100
2000-04-17,22.25,23.25,22.0625,23.0625,2704600
2000-04-18,23.8125,23.875,21.8125,22.25,2541800
2000-04-19,23.75,23.9375,23.0625,23.375,1776800
2000-04-20,23.9375,24.0,23.3125,23.75,1112700
2000-04-24,23.6875,23.9375,23.25,23.625,1945200
2000-04-25,24.125,24.1875,23.375,23.625,2323000
2000-04-26,24.625,24.9375,24.3125,24.3125,2132200
2000-04-27,24.5,24.6875,23.9375,24.375,2275400
2000-04-28,24.875,24.875,24.25,24.625,1935400
2000-05-01,24.25,24.6875,24.0,24.5625,1619100
2000-05-02,25.25,25.625,24.3125,24.4375,1931200
2000-05-03,24.875,26.1875,24.3125,25.625,2216300
2000-05-04,24.4375,24.9375,24.125,24.875,1330000
2000-05-05,25.125,25.375,24.25,24.4375,922900
2000-05-08,25.8125,25.875,24.75,25.0625,1232800
2000-05-09,25.375,25.625,24.6875,25.5625,1549300
2000-05-10,26.25,26.4375,25.5625,25.625,1708500
2000-05-11,26.5,26.6875,26.25,26.625,1068000
2000-05-12,26.0625,26.4375,25.8125,26.0,1290400
2000-05-15,26.4375,26.4375,25.875,26.1875,781900
2000-05-16,27.375,27.6875,26.1875,26.5625,1578000
2000-05-17,27.0,27.375,26.3125,26.75,1273900
2000-05-18,28.8125,28.875,27.1875,27.25,1826700
2000-05-19,27.3125,28.1875,26.9375,28.0625,1982900
2000-05-22,26.1875,28.125,26.0625,28.125,1465200
2000-05-23,25.8125,26.625,25.625,26.4375,1055300
2000-05-24,26.9375,27.4375,25.4375,25.8125,1891800
2000-05-25,25.6875,27.3125,25.4375,27.0,1299600
2000-05-26,24.9375,25.8125,24.9375,25.3125,1129200
2000-05-30,27.1875,27.6875,25.3125,26.0,2064100
2000-05-31,27.125,28.0625,27.125,28.0,1550700
2000-06-01,26.5625,27.1875,26.25,27.125,1097300
2000-06-02,27.3125,27.5,26.875,27.1875,1039400
2000-06-05,26.6875,27.3125,26.4375,27.3125,760800
2000-06-06,26.1875,26.5625,25.9375,26.5,976200
2000-06-07,25.1875,26.125,25.125,26.0,1621000
2000-06-08,25.0,25.5625,24.25,25.5,1869100
2000-06-09,24.9375,25.5,24.8125,25.0,1183300
2000-06-12,24.3125,25.0,24.0,25.0,1499500
2000-06-13,24.3125,24.5,24.0625,24.3125,857700
2000-06-14,24.1875,24.6875,23.8125,24.625,2646000
2000-06-15,23.75,24.25,23.375,24.1875,2127500
2000-06-16,23.5625,24.4375,23.0,23.5,2681100
2000-06-19,23.375,24.0,22.9375,23.5625,1598300
2000-06-20,19.5,22.875,18.5,20.0,10521200
2000-06-21,19.125,19.375,18.3125,18.8125,16958400
2000-06-22,19.6875,20.125,19.375,19.625,8172500
2000-06-23,18.6875,19.9375,18.375,19.9375,4650000
2000-06-26,19.0,19.25,18.5625,19.125,3471100
2000-06-27,19.1875,19.25,18.6875,18.6875,3322800
2000-06-28,19.390625,19.625,19.0,19.125,2999600
2000-06-29,19.0625,19.875,18.875,19.25,3763800
2000-06-30,19.5,19.5,19.0,19.0625,2036600
2000-07-03,19.5,19.625,19.125,19.125,980400
2000-07-05,19.75,20.0,19.3125,20.0,2254000
2000-07-06,20.0625,20.125,19.5625,19.5625,1506200
2000-07-07,20.8125,20.8125,20.0,20.0,1668000
2000-07-10,20.25,20.75,20.25,20.6875,820700
2000-07-11,20.625,20.8125,20.25,20.3125,2615600
2000-07-12,20.8125,21.8125,20.625,20.875,1870600
2000-07-13,20.25,20.75,20.0,20.75,1891400
2000-07-14,20.125,20.25,19.875,20.1875,2523800
2000-07-17,19.6875,20.0,19.25,20.0,2647200
2000-07-18,20.0,20.375,19.625,19.6875,2002600
2000-07-19,20.5,20.5,19.9375,20.0,1160700
2000-07-20,19.5625,19.8125,19.25,19.75,1619200
2000-07-21,19.25,20.1875,19.25,19.8125,2496900
2000-07-24,18.875,19.5,18.75,19.25,1755600
2000-07-25,19.125,19.625,19.0,19.125,1262300
2000-07-26,18.90625,19.5625,18.875,19.125,1899800
2000-07-27,19.25,19.375,19.0,19.0,907300
2000-07-28,19.3125,19.375,18.9375,19.0,2540900
2000-07-31,18.625,19.375,18.625,19.125,2083700
2000-08-01,18.9375,19.125,18.6875,18.6875,1869700
2000-08-02,19.125,19.375,18.8125,18.8125,1860300
2000-08-03,19.25,19.3125,19.0,19.0625,1169100
2000-08-04,19.625,19.6875,19.25,19.375,1890000
2000-08-07,20.0625,20.3125,19.25,19.375,1656600
2000-08-08,20.3125,20.4375,20.0625,20.125,1533700
2000-08-09,20.8125,20.875,20.25,20.25,1648100
2000-08-10,21.75,22.6875,20.8125,20.8125,2862100
2000-08-11,22.5625,22.8125,21.9375,22.25,1648000
2000-08-14,23.0625,23.1875,22.0,22.0,2065300
2000-08-15,21.875,22.9375,21.75,22.8125,1640600
2000-08-16,21.8125,22.0,21.6875,21.75,1632800
2000-08-17,21.6875,22.0625,21.5625,22.0,1317300
2000-08-18,22.0,22.0,21.5625,21.6875,1050900
2000-08-21,22.9375,23.875,21.875,22.0,3492600
2000-08-22,22.5625,22.8125,22.0625,22.5625,1143500
2000-08-23,22.125,22.875,22.0,22.59375,1220600
2000-08-24,21.5,22.125,21.3125,22.0,3004200
2000-08-25,21.375,21.75,21.0,21.25,872100
2000-08-28,20.9375,21.3125,20.75,21.1875,1066700
2000-08-29,20.9375,21.125,20.8125,20.9375,1549000
2000-08-30,20.0,21.1875,19.875,21.125,3099600
2000-08-31,19.953125,20.125,19.6875,20.125,3204700
2000-09-01,20.25,20.25,20.0,20.0,2203700
2000-09-05,21.125,21.125,20.25,20.375,1797900
2000-09-06,21.0625,21.625,20.8125,20.8125,901100
2000-09-07,19.6875,21.25,19.5625,21.0625,3358600
2000-09-08,20.375,20.5,19.875,19.9375,1206200
2000-09-11,20.375,20.6875,20.3125,20.625,1117100
2000-09-12,20.1875,20.5,20.0625,20.5,734800
2000-09-13,19.8125,20.375,19.6875,20.25,611100
2000-09-14,20.0,21.25,19.625,19.875,1998300
2000-09-15,22.875,23.25,21.5625,21.8125,6416100
2000-09-18,22.875,22.875,21.875,22.5625,1520000
2000-09-19,22.125,22.3125,21.75,22.25,2199500
2000-09-20,22.0625,22.1875,21.8125,22.0625,1798700
2000-09-21,25.1875,25.75,22.0625,22.0625,5446500
2000-09-22,25.75,25.75,24.25,24.5,2418900
2000-09-25,25.5625,25.875,25.0625,25.5,1423500
2000-09-26,24.9375,25.875,24.8125,25.5,1539800
2000-09-27,24.5,24.9375,24.375,24.375,1328900
2000-09-28,25.0,25.3125,24.125,24.1875,957900
2000-09-29,24.625,25.125,24.5625,24.75,1189600
2000-10-02,24.5,24.75,24.375,24.5,889900
2000-10-03,24.9375,25.3125,24.4375,24.5,1083500
2000-10-04,24.375,25.0,24.1875,24.875,653600
2000-10-05,24.4375,24.6875,24.125,24.1875,674600
2000-10-06,24.3125,25.3125,24.25,24.5625,775100
2000-10-09,24.375,24.875,24.125,24.8125,638600
2000-10-10,24.0,24.1875,23.1875,24.0,766000
2000-10-11,22.8125,23.875,22.5625,23.5,1052800
2000-10-12,21.75,22.8125,21.0625,22.8125,2466900
2000-10-13,22.75,22.8125,21.5,21.5,1307500
2000-10-16,22.0,22.1875,21.1875,21.75,1246900
2000-10-17,20.3125,22.125,19.75,22.0,1675900
2000-10-18,21.3125,21.4375,20.125,20.375,1096500
2000-10-19,21.875,22.25,21.3125,21.375,1021800
2000-10-20,22.125,22.5625,22.0,22.0,973700
2000-10-23,22.375,22.6875,22.0625,22.3125,728800
2000-10-24,22.5,22.875,22.5,22.75,1294900
2000-10-25,22.1875,23.375,22.0625,23.375,940300
2000-10-26,22.6875,22.9375,22.3125,22.3125,855500
2000-10-27,22.875,23.125,22.6875,22.6875,626800
2000-10-30,23.375,23.4375,22.875,23.0625,637300
2000-10-31,24.8125,25.25,23.3125,23.3125,1415100
2000-11-01,23.5,24.75,23.375,24.6875,1070100
2000-11-02,23.875,24.3125,23.75,23.75,821800
2000-11-03,24.125,25.0,23.75,23.75,825200
2000-11-06,24.3125,24.5625,24.0625,24.1875,475800
2000-11-07,24.4375,24.5625,23.8125,24.3125,736300
2000-11-08,24.3125,24.75,24.0,24.375,692100
2000-11-09,22.75,24.5,22.6875,24.5,927800
2000-11-10,22.0,22.75,22.0,22.75,1083700
2000-11-13,21.4375,22.0625,21.125,21.9375,1532800
2000-11-14,22.75,23.125,21.375,21.5,1345700
2000-11-15,22.4375,23.1875,22.125,23.0,1182500
2000-11-16,22.5625,22.875,22.3125,22.3125,552100
2000-11-17,22.625,22.875,22.4375,22.5625,677200
2000-11-20,22.0625,22.75,22.0,22.75,839100
2000-11-21,22.75,22.9375,22.375,22.5625,1053800
2000-11-22,22.1875,22.625,22.0,22.5,589300
2000-11-24,22.25,22.3125,21.875,22.125,340800
2000-11-27,23.1875,23.375,22.125,22.25,1066800
2000-11-28,22.6875,23.3125,22.625,23.25,864800
2000-11-29,22.8125,22.9375,22.5625,22.75,1047600
2000-11-30,22.6875,22.875,22.0625,22.5625,2135400
2000-12-01,22.9375,22.96875,22.3125,22.5625,1668000
2000-12-04,22.625,22.9375,21.9375,22.875,2251300
2000-12-05,22.5625,22.75,22.1875,22.375,1012500
2000-12-06,24.4375,25.5,22.5625,22.5625,2212700
2000-12-07,24.4375,25.5625,24.1875,24.6875,2824200
2000-12-08,27.625,27.6875,24.4375,24.4375,3782900
2000-12-11,27.125,27.4375,26.0625,26.75,1719800
2000-12-12,26.875,27.4375,26.0,26.875,1217500
2000-12-13,27.375,27.8125,26.8125,27.0625,1970400
2000-12-14,26.8125,27.3125,26.75,27.0,1684300
2000-12-15,25.8125,26.5,25.75,26.375,2411900
2000-12-18,26.125,26.875,25.8125,26.8125,985100
2000-12-19,26.5,27.4375,26.0,26.125,1345600
2000-12-20,24.375,25.625,23.875,24.625,3788900
2000-12-21,25.625,25.9375,24.625,24.625,2427800
2000-12-22,26.875,27.6875,26.1875,26.8125,2414500
2000-12-26,25.9375,26.875,25.8125,26.5,855000
2000-12-27,28.125,28.375,26.0,26.0,1446600
2000-12-28,30.5,31.0625,28.0,28.0,3088900
2000-12-29,30.8125,32.25,29.875,30.375,3192100
2001-01-02,28.3125,30.125,27.8125,30.0,1731600
2001-01-03,30.25,30.25,27.5625,27.875,2633400
2001-01-04,30.25,31.75,29.875,30.0,2874200
2001-01-05,30.0,30.3125,29.625,30.125,1337100
2001-01-08,29.75,30.1875,29.4375,29.75,889000
2001-01-09,29.75,29.875,28.6875,29.0,1995200
2001-01-10,29.25,29.6875,29.0,29.5625,1247300
2001-01-11,29.3125,29.625,28.625,29.375,1296600
2001-01-12,29.8125,30.0,28.625,28.625,1778400
2001-01-16,31.875,32.0625,29.5625,29.6875,2995600
2001-01-17,33.125,34.0,32.1875,32.875,2946100
2001-01-18,32.875,33.3125,31.8125,33.25,2684100
2001-01-19,31.0,32.3125,30.5625,32.25,1671700
2001-01-22,33.0,33.0,30.375,31.0,1890500
2001-01-23,33.8125,34.4375,32.3125,33.0,2514900
2001-01-24,33.75,34.9375,33.75,33.875,2339600
2001-01-25,32.75,33.375,32.4375,32.75,2095300
2001-01-26,33.0625,33.0625,32.4375,32.5,1274700
2001-01-29,33.349998474121094,33.61000061035156,32.0,32.79999923706055,1112800
2001-01-30,32.599998474121094,33.400001525878906,31.93000030517578,33.20000076293945,1435700
2001-01-31,32.2599983215332,32.599998474121094,31.549999237060547,31.700000762939453,1198300
2001-02-01,31.65999984741211,32.70000076293945,31.489999771118164,32.70000076293945,965200
2001-02-02,30.75,31.81999969482422,30.719999313354492,31.670000076293945,1471200
2001-02-05,32.70000076293945,33.09000015258789,30.31999969482422,30.399999618530273,2318300
2001-02-06,32.630001068115234,33.25,31.84000015258789,32.70000076293945,1590500
2001-02-07,33.7400016784668,34.5,32.400001525878906,32.5,2283800
2001-02-08,33.45000076293945,34.70000076293945,33.34000015258789,33.900001525878906,1757700
2001-02-09,32.81999969482422,33.099998474121094,32.45000076293945,33.099998474121094,1381800
2001-02-12,32.630001068115234,33.0,32.400001525878906,32.81999969482422,957600
2001-02-13,31.729999542236328,32.5,31.600000381469727,32.20000076293945,1181800
2001-02-14,31.200000762939453,31.989999771118164,30.639999389648438,31.850000381469727,1269300
2001-02-15,31.84000015258789,32.459999084472656,31.100000381469727,31.200000762939453,2197600
2001-02-16,32.43000030517578,32.810001373291016,31.6299991607666,31.84000015258789,1846200
2001-02-20,32.95000076293945,34.900001525878906,32.5,32.54999923706055,2120300
2001-02-21,32.20000076293945,32.849998474121094,32.0099983215332,32.75,816000
2001-02-22,31.100000381469727,32.099998474121094,30.90999984741211,32.0,1124200
2001-02-23,30.010000228881836,31.09000015258789,28.850000381469727,31.0,1948400
2001-02-26,30.899999618530273,31.0,30.270000457763672,30.399999618530273,1344900
2001-02-27,32.75,33.5,31.75,31.75,2468500
2001-02-28,33.34000015258789,33.5099983215332,32.599998474121094,32.7599983215332,2037500
2001-03-01,32.2599983215332,33.400001525878906,31.799999237060547,33.400001525878906,1387900
2001-03-02,31.25,31.719999313354492,30.700000762939453,31.299999237060547,1783400
2001-03-05,30.489999771118164,31.81999969482422,30.299999237060547,31.600000381469727,1222200
2001-03-06,31.1299991607666,32.0,30.959999084472656,32.0,875800
2001-03-07,30.75,31.200000762939453,30.520000457763672,31.149999618530273,1589500
2001-03-08,30.5,30.940000534057617,30.270000457763672,30.75,1916900
2001-03-09,30.049999237060547,30.459999084472656,29.959999084472656,30.299999237060547,1369400
2001-03-12,27.420000076293945,29.600000381469727,27.270000457763672,29.25,2667400
2001-03-13,28.31999969482422,28.5,27.40999984741211,27.40999984741211,1811300
2001-03-14,26.6200008392334,27.75,25.5,26.0,3159400
2001-03-15,27.959999084472656,28.489999771118164,27.110000610351562,27.25,2498800
2001-03-16,27.59000015258789,28.3700008392334,27.030000686645508,27.25,2594300
2001-03-19,27.3700008392334,28.100000381469727,27.190000534057617,28.100000381469727,1427500
2001-03-20,27.040000915527344,28.93000030517578,27.0,27.399999618530273,1481200
2001-03-21,25.229999542236328,27.100000381469727,24.799999237060547,27.049999237060547,3517500
2001-03-22,24.329999923706055,25.899999618530273,23.600000381469727,25.899999618530273,2470600
2001-03-23,25.0,25.06999969482422,23.780000686645508,24.100000381469727,3004100
2001-03-26,25.540000915527344,26.389999389648438,25.399999618530273,26.0,1734500
2001-03-27,26.649999618530273,27.020000457763672,25.399999618530273,25.5,1855400
2001-03-28,26.950000762939453,27.149999618530273,26.0,26.649999618530273,1451200
2001-03-29,27.6299991607666,28.229999542236328,26.75,26.899999618530273,2110600
2001-03-30,27.670000076293945,28.3799991607666,27.1299991607666,27.6200008392334,1317100
2001-04-02,27.15999984741211,28.43000030517578,27.1200008392334,27.75,1263200
2001-04-03,25.860000610351562,27.200000762939453,25.510000228881836,27.200000762939453,1673000
2001-04-04,26.579999923706055,27.0,25.0,25.700000762939453,1327300
2001-04-05,27.93000030517578,28.239999771118164,26.59000015258789,26.59000015258789,1131000
2001-04-06,27.200000762939453,27.700000762939453,26.56999969482422,27.399999618530273,1189100
2001-04-09,27.670000076293945,27.850000381469727,27.100000381469727,27.450000762939453,688700
2001-04-10,27.75,28.5,27.270000457763672,27.799999237060547,1791100
2001-04-11,27.649999618530273,28.139999389648438,26.799999237060547,27.700000762939453,1557300
2001-04-12,27.540000915527344,27.75,27.25,27.25,1335200
2001-04-16,27.31999969482422,27.8799991607666,27.09000015258789,27.540000915527344,968300
2001-04-17,26.5,26.5,25.329999923706055,26.25,2901000
2001-04-18,29.5,29.5,27.229999542236328,27.399999618530273,2386900
2001-04-19,27.959999084472656,29.170000076293945,27.350000381469727,29.15999984741211,1685200
2001-04-20,26.0,26.200000762939453,25.59000015258789,25.75,7836000
2001-04-23,26.479999542236328,26.5,25.59000015258789,26.100000381469727,3663100
2001-04-24,25.75,26.329999923706055,25.549999237060547,26.25,1869600
2001-04-25,25.219999313354492,26.09000015258789,25.0,26.0,4066200
2001-04-26,25.190000534057617,25.520000457763672,24.5,25.200000762939453,2735700
2001-04-27,26.010000228881836,26.040000915527344,24.899999618530273,25.149999618530273,1815400
2001-04-30,26.5,26.860000610351562,26.1200008392334,26.260000228881836,2189500
2001-05-01,27.450000762939453,27.5,26.399999618530273,26.399999618530273,2499900
2001-05-02,28.200000762939453,28.229999542236328,26.899999618530273,27.100000381469727,1744500
2001-05-03,27.860000610351562,28.149999618530273,27.100000381469727,28.0,1885000
2001-05-04,28.06999969482422,28.239999771118164,27.149999618530273,27.799999237060547,1217300
2001-05-07,27.899999618530273,28.110000610351562,27.6299991607666,28.049999237060547,2086000
2001-05-08,28.110000610351562,28.299999237060547,27.790000915527344,28.049999237060547,1511400
2001-05-09,28.5,28.68000030517578,28.0,28.030000686645508,1075300
2001-05-10,28.81999969482422,28.950000762939453,28.520000457763672,28.56999969482422,635200
2001-05-11,28.34000015258789,28.899999618530273,28.15999984741211,28.899999618530273,1060000
2001-05-14,27.75,28.5,27.5,28.450000762939453,1489800
2001-05-15,28.219999313354492,28.450000762939453,27.6299991607666,28.0,1412200
2001-05-16,29.020000457763672,29.190000534057617,27.75,28.100000381469727,1552900
2001-05-17,29.700000762939453,29.899999618530273,28.860000610351562,28.899999618530273,1748600
2001-05-18,29.110000610351562,29.700000762939453,28.8700008392334,29.700000762939453,941800
2001-05-21,29.520000457763672,29.719999313354492,29.0,29.110000610351562,915100
2001-05-22,29.549999237060547,29.75,29.0,29.549999237060547,1068400
2001-05-23,29.399999618530273,29.43000030517578,28.760000228881836,29.399999618530273,1898600
2001-05-24,29.5,30.0,29.170000076293945,29.59000015258789,1029600
2001-05-25,28.790000915527344,29.510000228881836,28.549999237060547,29.510000228881836,683400
2001-05-29,28.469999313354492,29.100000381469727,28.200000762939453,28.799999237060547,797300
2001-05-30,28.010000228881836,28.610000610351562,27.860000610351562,28.270000457763672,1000600
2001-05-31,28.229999542236328,28.649999618530273,27.75,28.059999465942383,1177200
2001-06-01,28.139999389648438,28.350000381469727,27.84000015258789,28.100000381469727,395500
2001-06-04,27.989999771118164,28.329999923706055,27.850000381469727,28.200000762939453,691500
2001-06-05,28.3700008392334,28.389999389648438,27.75,28.0,1872500
2001-06-06,27.559999465942383,28.3700008392334,27.450000762939453,28.3700008392334,1017000
2001-06-07,27.459999084472656,27.920000076293945,27.200000762939453,27.549999237060547,955600
2001-06-08,27.280000686645508,27.5,26.780000686645508,27.399999618530273,1142900
2001-06-11,26.8799991607666,27.299999237060547,26.739999771118164,27.299999237060547,1100200
2001-06-12,26.6200008392334,26.899999618530273,26.209999084472656,26.899999618530273,1356800
2001-06-13,26.440000534057617,26.75,26.31999969482422,26.610000610351562,754800
2001-06-14,26.010000228881836,26.559999465942383,25.979999542236328,26.5,1637300
2001-06-15,26.399999618530273,27.0,25.889999389648438,25.899999618530273,1790400
2001-06-18,26.40999984741211,26.75,25.889999389648438,26.5,688600
2001-06-19,26.520000457763672,26.729999542236328,26.350000381469727,26.5,838000
2001-06-20,26.25,26.610000610351562,26.100000381469727,26.510000228881836,2764100
2001-06-21,28.399999618530273,28.40999984741211,26.899999618530273,27.0,2299300
2001-06-22,28.56999969482422,28.899999618530273,28.0,28.600000381469727,1483000
2001-06-25,28.540000915527344,28.770000457763672,27.899999618530273,28.0,1302100
2001-06-26,29.049999237060547,29.149999618530273,28.0,28.0,1828700
2001-06-27,29.760000228881836,29.920000076293945,29.360000610351562,29.5,2086600
2001-06-28,30.209999084472656,30.399999618530273,29.799999237060547,29.799999237060547,1503400
2001-06-29,30.700000762939453,30.719999313354492,30.06999969482422,30.299999237060547,1332700
2001-07-02,30.700000762939453,30.889999389648438,30.350000381469727,30.700000762939453,1807200
2001-07-03,30.690000534057617,30.700000762939453,30.200000762939453,30.549999237060547,1130200
2001-07-05,30.34000015258789,30.65999984741211,30.200000762939453,30.450000762939453,613000
2001-07-06,29.399999618530273,30.200000762939453,29.309999465942383,30.200000762939453,1217300
2001-07-09,29.770000457763672,29.899999618530273,29.010000228881836,29.06999969482422,801800
2001-07-10,29.75,30.110000610351562,29.520000457763672,29.520000457763672,1063800
2001-07-11,29.790000915527344,29.93000030517578,29.25,29.739999771118164,905700
2001-07-12,30.0,30.200000762939453,29.389999389648438,29.700000762939453,1618800
2001-07-13,30.770000457763672,30.989999771118164,29.709999084472656,29.850000381469727,1546700
2001-07-16,30.75,31.149999618530273,30.700000762939453,31.0,1804900
2001-07-17,31.559999465942383,31.81999969482422,30.700000762939453,30.850000381469727,2703500
2001-07-18,31.239999771118164,31.649999618530273,31.0,31.5,858000
2001-07-19,32.29999923706055,32.29999923706055,31.75,31.75,1491400
2001-07-20,31.780000686645508,32.41999816894531,31.719999313354492,32.349998474121094,871700
2001-07-23,31.270000457763672,31.899999618530273,31.200000762939453,31.530000686645508,729100
2001-07-24,30.600000381469727,31.610000610351562,30.5,31.299999237060547,1224900
2001-07-25,32.5,32.720001220703125,31.34000015258789,31.399999618530273,2101600
2001-07-26,33.70000076293945,33.7400016784668,31.799999237060547,32.0,2573700
2001-07-27,32.9900016784668,33.70000076293945,32.5099983215332,33.70000076293945,1378400
2001-07-30,33.540000915527344,33.70000076293945,32.79999923706055,33.0,1120600
2001-07-31,33.400001525878906,33.70000076293945,32.91999816894531,33.540000915527344,938600
2001-08-01,32.81999969482422,33.310001373291016,32.7599983215332,33.20000076293945,1071000
2001-08-02,33.13999938964844,33.43000030517578,32.849998474121094,32.849998474121094,1057000
2001-08-03,32.75,33.0,32.66999816894531,33.0,868100
2001-08-06,32.15999984741211,32.75,31.90999984741211,32.650001525878906,733800
2001-08-07,31.760000228881836,32.5,31.700000762939453,32.150001525878906,959200
2001-08-08,31.299999237060547,31.760000228881836,31.190000534057617,31.299999237060547,1795400
2001-08-09,31.0,31.399999618530273,30.399999618530273,31.299999237060547,1032500
2001-08-10,31.649999618530273,31.780000686645508,30.75,31.25,728500
2001-08-13,31.209999084472656,31.8799991607666,31.149999618530273,31.450000762939453,651500
2001-08-14,30.829999923706055,31.5,30.75,31.0,457600
2001-08-15,30.459999084472656,31.270000457763672,30.450000762939453,30.829999923706055,621400
2001-08-16,30.510000228881836,31.219999313354492,30.209999084472656,30.5,1090600
2001-08-17,29.90999984741211,30.8700008392334,29.899999618530273,30.25,981000
2001-08-20,30.360000610351562,30.489999771118164,29.899999618530273,29.959999084472656,698500
2001-08-21,30.559999465942383,31.25,30.260000228881836,30.399999618530273,861500
2001-08-22,31.020000457763672,31.25,30.399999618530273,30.5,1469200
2001-08-23,32.529998779296875,32.630001068115234,31.010000228881836,31.299999237060547,2019500
2001-08-24,33.0,33.20000076293945,32.70000076293945,32.79999923706055,2086300
2001-08-27,33.25,33.54999923706055,33.0,33.0,1655600
2001-08-28,31.8799991607666,33.25,31.860000610351562,33.25,1279500
2001-08-29,31.65999984741211,32.400001525878906,31.549999237060547,32.400001525878906,1621400
2001-08-30,31.1200008392334,31.899999618530273,30.700000762939453,31.700000762939453,1520500
2001-08-31,31.280000686645508,31.75,30.700000762939453,30.899999618530273,1012100
2001-09-04,30.850000381469727,31.469999313354492,30.75,30.75,1170000
2001-09-05,30.6200008392334,31.280000686645508,30.280000686645508,31.0,982700
2001-09-06,30.459999084472656,30.850000381469727,30.25,30.5,1179400
2001-09-07,29.049999237060547,30.260000228881836,28.850000381469727,30.25,2271000
2001-09-10,28.520000457763672,29.309999465942383,28.5,28.549999237060547,1468900
2001-09-17,19.43000030517578,20.209999084472656,16.950000762939453,17.0,16214200
2001-09-18,19.56999969482422,20.200000762939453,19.280000686645508,19.43000030517578,7512000
2001-09-19,19.25,20.110000610351562,18.200000762939453,19.549999237060547,6603900
2001-09-20,18.049999237060547,18.799999237060547,17.860000610351562,18.25,6083800
2001-09-21,19.059999465942383,19.190000534057617,17.0,17.25,5541200
2001-09-24,20.360000610351562,20.5,19.700000762939453,19.799999237060547,3848700
2001-09-25,20.729999542236328,21.170000076293945,20.0,20.399999618530273,4132900
2001-09-26,21.90999984741211,23.100000381469727,21.739999771118164,22.0,5983200
2001-09-27,22.0,22.0,21.100000381469727,21.90999984741211,2352100
2001-09-28,22.020000457763672,22.299999237060547,20.920000076293945,22.0,2966800
2001-10-01,21.549999237060547,22.260000228881836,21.200000762939453,22.030000686645508,2067300
2001-10-02,22.299999237060547,22.299999237060547,21.350000381469727,21.5,1882100
2001-10-03,23.719999313354492,23.8799991607666,21.399999618530273,21.399999618530273,3185100
2001-10-04,23.170000076293945,23.989999771118164,22.989999771118164,23.700000762939453,2512400
2001-10-05,23.520000457763672,23.520000457763672,22.540000915527344,23.149999618530273,2063500
2001-10-08,22.030000686645508,23.530000686645508,21.610000610351562,23.530000686645508,1811000
2001-10-09,21.399999618530273,22.030000686645508,21.3799991607666,22.030000686645508,1883400
2001-10-10,22.350000381469727,22.649999618530273,20.899999618530273,20.899999618530273,2858500
2001-10-11,23.0,23.270000457763672,22.389999389648438,22.399999618530273,2085800
2001-10-12,23.299999237060547,23.440000534057617,22.450000762939453,23.0,1709200
2001-10-15,22.690000534057617,23.290000915527344,22.59000015258789,23.280000686645508,1580600
2001-10-16,22.450000762939453,22.670000076293945,22.280000686645508,22.440000534057617,1345200
2001-10-17,21.299999237060547,23.0,21.299999237060547,23.0,2013200
2001-10-18,21.229999542236328,21.399999618530273,21.0,21.200000762939453,1600900
2001-10-19,20.610000610351562,20.850000381469727,19.799999237060547,20.0,8300500
2001-10-22,21.0,21.170000076293945,20.5,20.600000381469727,2998500
2001-10-23,20.969999313354492,21.600000381469727,20.84000015258789,21.5,2511700
2001-10-24,20.75,21.170000076293945,20.649999618530273,21.100000381469727,2139400
2001-10-25,21.34000015258789,21.479999542236328,20.399999618530273,20.5,2478900
2001-10-26,21.139999389648438,21.389999389648438,21.0,21.350000381469727,1097000
2001-10-29,20.799999237060547,21.190000534057617,20.799999237060547,21.030000686645508,1386800
2001-10-30,21.510000228881836,21.75,21.010000228881836,21.200000762939453,3083900
2001-10-31,21.780000686645508,22.049999237060547,21.600000381469727,22.0,1908000
2001-11-01,22.649999618530273,22.75,21.600000381469727,22.0,1799700
2001-11-02,23.56999969482422,23.860000610351562,22.649999618530273,22.799999237060547,2295400
2001-11-05,23.940000534057617,24.350000381469727,23.600000381469727,23.600000381469727,1816500
2001-11-06,24.3799991607666,24.5,23.600000381469727,24.0,1891700
2001-11-07,23.8799991607666,24.25,23.75,23.850000381469727,1293500
2001-11-08,24.200000762939453,25.079999923706055,23.8799991607666,23.8799991607666,1809100
2001-11-09,24.149999618530273,24.399999618530273,23.8700008392334,24.399999618530273,1274600
2001-11-12,24.0,24.1200008392334,22.010000228881836,23.950000762939453,3652700
2001-11-13,25.149999618530273,25.25,24.299999237060547,24.5,1783100
2001-11-14,24.850000381469727,25.5,24.649999618530273,25.350000381469727,1303900
2001-11-15,25.399999618530273,25.5,24.950000762939453,25.100000381469727,2611700
2001-11-16,25.610000610351562,25.700000762939453,25.010000228881836,25.5,2603700
2001-11-19,26.110000610351562,26.139999389648438,25.299999237060547,25.700000762939453,1688900
2001-11-20,25.899999618530273,26.59000015258789,25.65999984741211,26.110000610351562,1871300
2001-11-21,25.219999313354492,25.899999618530273,24.850000381469727,25.899999618530273,1852000
2001-11-23,25.489999771118164,25.549999237060547,25.0,25.469999313354492,632000
2001-11-26,25.899999618530273,26.0,25.579999923706055,25.739999771118164,1436200
2001-11-27,25.920000076293945,26.049999237060547,25.450000762939453,25.90999984741211,1212700
2001-11-28,25.469999313354492,25.809999465942383,25.399999618530273,25.809999465942383,1112200
2001-11-29,25.56999969482422,25.68000030517578,24.969999313354492,25.5,1542200
2001-11-30,26.110000610351562,26.229999542236328,25.350000381469727,25.600000381469727,1787800
2001-12-03,26.239999771118164,26.350000381469727,25.75,26.06999969482422,1587800
2001-12-04,26.25,26.350000381469727,25.950000762939453,26.299999237060547,1469800
2001-12-05,27.219999313354492,27.219999313354492,26.270000457763672,26.299999237060547,1453200
2001-12-06,27.610000610351562,27.799999237060547,27.0,27.399999618530273,1449400
2001-12-07,27.670000076293945,27.799999237060547,27.309999465942383,27.6299991607666,1015200
2001-12-10,27.0,27.969999313354492,26.8700008392334,27.700000762939453,1578300
2001-12-11,26.59000015258789,27.239999771118164,26.549999237060547,27.0,2039500
2001-12-12,26.549999237060547,26.799999237060547,26.270000457763672,26.600000381469727,1726200
2001-12-13,26.739999771118164,27.100000381469727,26.200000762939453,26.75,1126700
2001-12-14,27.299999237060547,27.3700008392334,26.799999237060547,26.799999237060547,1481700
2001-12-17,26.829999923706055,27.25,26.530000686645508,26.90999984741211,1697400
2001-12-18,27.219999313354492,27.260000228881836,26.790000915527344,26.84000015258789,1445500
2001-12-19,27.3700008392334,27.559999465942383,26.799999237060547,27.219999313354492,1144700
2001-12-20,27.639999389648438,27.84000015258789,27.3700008392334,27.3700008392334,1769000
2001-12-21,27.6299991607666,27.649999618530273,27.399999618530273,27.649999618530273,2278600
2001-12-24,27.600000381469727,27.760000228881836,27.559999465942383,27.649999618530273,384200
2001-12-26,27.68000030517578,27.850000381469727,27.399999618530273,27.399999618530273,773900
2001-12-27,27.969999313354492,27.969999313354492,27.399999618530273,27.690000534057617,528000
2001-12-28,28.280000686645508,28.440000534057617,27.899999618530273,28.0,740200
2001-12-31,28.079999923706055,28.329999923706055,27.950000762939453,28.030000686645508,821500
2002-01-02,27.649999618530273,27.850000381469727,27.200000762939453,27.829999923706055,965100
2002-01-03,27.6299991607666,27.790000915527344,27.5,27.600000381469727,1197300
2002-01-04,28.440000534057617,28.6200008392334,27.5,27.600000381469727,1287600
2002-01-07,28.1299991607666,28.350000381469727,27.600000381469727,28.149999618530273,1041200
2002-01-08,27.469999313354492,27.950000762939453,27.260000228881836,27.8799991607666,2015800
2002-01-09,26.670000076293945,27.549999237060547,26.559999465942383,27.3700008392334,1453700
2002-01-10,27.280000686645508,27.420000076293945,26.520000457763672,26.670000076293945,825700
2002-01-11,26.6299991607666,27.3799991607666,26.6299991607666,27.25,1209800
2002-01-14,26.170000076293945,26.75,25.920000076293945,26.600000381469727,1943600
2002-01-15,26.010000228881836,26.420000076293945,25.459999084472656,26.170000076293945,2270300
2002-01-16,26.059999465942383,26.190000534057617,25.90999984741211,25.950000762939453,3842300
2002-01-17,26.459999084472656,26.459999084472656,25.350000381469727,25.899999618530273,2385700
2002-01-18,26.049999237060547,26.600000381469727,26.010000228881836,26.209999084472656,1953600
2002-01-22,25.719999313354492,26.100000381469727,25.489999771118164,26.040000915527344,1998600
2002-01-23,26.049999237060547,26.049999237060547,25.399999618530273,25.719999313354492,1570000
2002-01-24,26.3700008392334,26.3700008392334,25.899999618530273,25.90999984741211,1446100
2002-01-25,27.059999465942383,27.739999771118164,26.219999313354492,26.3700008392334,2051700
2002-01-28,27.059999465942383,27.25,26.889999389648438,27.0,1062000
2002-01-29,27.049999237060547,27.540000915527344,26.899999618530273,27.309999465942383,1430300
2002-01-30,26.559999465942383,27.100000381469727,26.030000686645508,27.0,2959400
2002-01-31,27.040000915527344,27.09000015258789,26.399999618530273,26.559999465942383,1494400
2002-02-01,26.8799991607666,27.239999771118164,26.760000228881836,27.149999618530273,1120000
2002-02-04,26.059999465942383,26.799999237060547,26.010000228881836,26.799999237060547,788000
2002-02-05,26.280000686645508,26.469999313354492,25.81999969482422,26.260000228881836,983000
2002-02-06,25.860000610351562,26.200000762939453,25.549999237060547,26.049999237060547,1075400
2002-02-07,25.670000076293945,26.299999237060547,25.229999542236328,26.299999237060547,1694600
2002-02-08,26.6200008392334,26.700000762939453,25.5,25.5,1655900
2002-02-11,26.09000015258789,26.549999237060547,25.049999237060547,26.549999237060547,2083600
2002-02-12,25.549999237060547,25.799999237060547,25.059999465942383,25.799999237060547,2305700
2002-02-13,26.479999542236328,26.600000381469727,25.899999618530273,26.0,1753100
2002-02-14,26.43000030517578,26.729999542236328,26.280000686645508,26.600000381469727,876000
2002-02-15,25.600000381469727,26.260000228881836,25.489999771118164,26.25,1630400
2002-02-19,25.190000534057617,25.670000076293945,25.190000534057617,25.5,1116700
2002-02-20,25.739999771118164,25.8799991607666,25.18000030517578,25.200000762939453,1428700
2002-02-21,25.68000030517578,26.18000030517578,25.600000381469727,25.75,1491500
2002-02-22,25.93000030517578,26.100000381469727,25.469999313354492,25.600000381469727,1311600
2002-02-25,26.1299991607666,26.260000228881836,25.760000228881836,25.920000076293945,1867900
2002-02-26,26.559999465942383,26.610000610351562,25.84000015258789,26.200000762939453,1116700
2002-02-27,26.670000076293945,26.979999542236328,26.25,26.809999465942383,942700
2002-02-28,27.290000915527344,27.850000381469727,27.200000762939453,27.25,2315000
2002-03-01,28.139999389648438,28.139999389648438,27.399999618530273,27.399999618530273,1898100
2002-03-04,28.729999542236328,28.75,27.899999618530273,28.190000534057617,1975100
2002-03-05,29.09000015258789,29.399999618530273,28.459999084472656,28.799999237060547,1846800
2002-03-06,29.81999969482422,29.989999771118164,29.06999969482422,29.100000381469727,2297700
2002-03-07,30.40999984741211,30.510000228881836,29.5,29.989999771118164,3328600
2002-03-08,31.469999313354492,31.5,30.700000762939453,30.899999618530273,3067000
2002-03-11,31.469999313354492,31.469999313354492,30.850000381469727,31.139999389648438,1724100
2002-03-12,30.790000915527344,31.200000762939453,30.479999542236328,31.079999923706055,2236400
2002-03-13,31.0,31.040000915527344,30.5,30.700000762939453,1757400
2002-03-14,30.889999389648438,31.15999984741211,30.65999984741211,31.0,850000
2002-03-15,32.689998626708984,32.75,31.989999771118164,31.989999771118164,3822700
2002-03-18,32.88999938964844,33.04999923706055,32.25,32.72999954223633,1220100
2002-03-19,32.59000015258789,33.36000061035156,32.400001525878906,33.349998474121094,1570600
2002-03-20,32.54999923706055,33.59000015258789,32.2400016784668,32.2400016784668,2958600
2002-03-21,32.2599983215332,32.79999923706055,31.850000381469727,32.560001373291016,2775400
2002-03-22,32.29999923706055,32.79999923706055,32.13999938964844,32.41999816894531,1382800
2002-03-25,31.700000762939453,33.25,31.56999969482422,32.5,1815000
2002-03-26,32.04999923706055,32.279998779296875,31.56999969482422,32.0,2599700
2002-03-27,32.630001068115234,32.75,31.81999969482422,32.04999923706055,1359600
2002-03-28,32.650001525878906,33.130001068115234,32.5,32.630001068115234,1229700
2002-04-01,32.439998626708984,32.5099983215332,31.799999237060547,32.45000076293945,1352000
2002-04-02,31.829999923706055,32.20000076293945,31.600000381469727,31.899999618530273,1690200
2002-04-03,31.280000686645508,31.600000381469727,31.18000030517578,31.579999923706055,1440100
2002-04-04,31.0,31.25,30.860000610351562,31.25,2080900
2002-04-05,31.110000610351562,31.200000762939453,30.75,31.0,1489000
2002-04-08,31.190000534057617,31.239999771118164,30.549999237060547,30.989999771118164,1643200
2002-04-09,31.709999084472656,31.899999618530273,31.549999237060547,31.649999618530273,1953300
2002-04-10,32.970001220703125,32.970001220703125,31.719999313354492,31.959999084472656,4568300
2002-04-11,32.400001525878906,32.970001220703125,32.22999954223633,32.970001220703125,2401800
2002-04-12,32.439998626708984,32.56999969482422,32.20000076293945,32.400001525878906,2221700
2002-04-15,32.31999969482422,32.7400016784668,32.099998474121094,32.5,1530000
2002-04-16,32.70000076293945,32.779998779296875,32.349998474121094,32.349998474121094,1042800
2002-04-17,32.66999816894531,32.720001220703125,32.11000061035156,32.29999923706055,1384600
2002-04-18,32.0,33.0,31.670000076293945,32.68000030517578,1653000
2002-04-19,32.130001068115234,32.25,31.790000915527344,32.0,1440300
2002-04-22,32.0,32.2400016784668,31.709999084472656,31.75,856300
2002-04-23,32.29999923706055,32.29999923706055,31.5,31.989999771118164,1269900
2002-04-24,32.630001068115234,32.93000030517578,32.150001525878906,32.5,1517400
2002-04-25,32.58000183105469,32.599998474121094,31.959999084472656,32.380001068115234,1170000
2002-04-26,32.150001525878906,32.779998779296875,32.09000015258789,32.459999084472656,943900
2002-04-29,32.11000061035156,32.380001068115234,32.0,32.25,1494400
2002-04-30,33.310001373291016,33.47999954223633,32.11000061035156,32.11000061035156,2656500
2002-05-01,34.58000183105469,34.63999938964844,33.36000061035156,33.5,3191500
2002-05-02,33.63999938964844,34.58000183105469,33.45000076293945,34.58000183105469,1704500
2002-05-03,33.349998474121094,33.77000045776367,33.08000183105469,33.5,1215500
2002-05-06,32.54999923706055,33.29999923706055,32.54999923706055,33.0099983215332,939500
2002-05-07,31.549999237060547,33.0,31.399999618530273,32.650001525878906,2632700
2002-05-08,31.799999237060547,32.47999954223633,31.790000915527344,31.899999618530273,2214300
2002-05-09,31.559999465942383,32.29999923706055,31.549999237060547,31.75,1304500
2002-05-10,30.93000030517578,31.56999969482422,30.700000762939453,31.5,1567900
2002-05-13,31.860000610351562,31.93000030517578,30.75,30.8799991607666,1237600
2002-05-14,32.349998474121094,32.47999954223633,31.790000915527344,32.099998474121094,938900
2002-05-15,32.619998931884766,32.75,31.979999542236328,32.099998474121094,1405100
2002-05-16,32.90999984741211,33.18000030517578,32.41999816894531,32.47999954223633,1080100
2002-05-17,32.68000030517578,32.900001525878906,32.459999084472656,32.810001373291016,869700
2002-05-20,31.889999389648438,32.45000076293945,31.889999389648438,32.43000030517578,1050700
2002-05-21,31.809999465942383,32.5,31.799999237060547,32.400001525878906,1316600
2002-05-22,31.350000381469727,31.739999771118164,30.899999618530273,31.739999771118164,1525300
2002-05-23,31.280000686645508,31.489999771118164,30.850000381469727,31.25,1277000
2002-05-24,30.950000762939453,31.5,30.950000762939453,31.200000762939453,907500
2002-05-28,30.760000228881836,31.299999237060547,30.670000076293945,31.299999237060547,692900
2002-05-29,30.610000610351562,30.90999984741211,30.5,30.700000762939453,1326400
2002-05-30,30.1299991607666,30.75,29.809999465942383,30.5,1560600
2002-05-31,30.399999618530273,30.8700008392334,30.350000381469727,30.399999618530273,1538700
2002-06-03,29.350000381469727,30.899999618530273,29.34000015258789,30.649999618530273,1401000
2002-06-04,29.399999618530273,29.8700008392334,29.270000457763672,29.399999618530273,1444600
2002-06-05,29.65999984741211,29.809999465942383,29.270000457763672,29.399999618530273,900000
2002-06-06,29.270000457763672,29.799999237060547,29.139999389648438,29.549999237060547,1428300
2002-06-07,29.530000686645508,29.729999542236328,29.020000457763672,29.280000686645508,944000
2002-06-10,29.850000381469727,30.25,29.690000534057617,29.75,1032200
2002-06-11,29.440000534057617,30.469999313354492,29.389999389648438,29.899999618530273,1317600
2002-06-12,28.950000762939453,29.68000030517578,28.760000228881836,29.56999969482422,1731500
2002-06-13,28.829999923706055,29.049999237060547,28.65999984741211,28.950000762939453,820100
2002-06-14,28.450000762939453,28.799999237060547,28.0,28.799999237060547,1611300
2002-06-17,29.190000534057617,29.299999237060547,28.709999084472656,28.75,1879300
2002-06-18,29.079999923706055,29.350000381469727,29.049999237060547,29.209999084472656,2165200
2002-06-19,29.440000534057617,29.850000381469727,28.829999923706055,28.899999618530273,2501600
2002-06-20,29.200000762939453,29.8700008392334,29.110000610351562,29.5,1782500
2002-06-21,29.010000228881836,29.420000076293945,28.200000762939453,28.200000762939453,2776700
2002-06-24,28.5,29.1200008392334,28.149999618530273,29.100000381469727,1724200
2002-06-25,27.860000610351562,28.860000610351562,27.850000381469727,28.5,2267200
2002-06-26,27.450000762939453,27.940000534057617,26.90999984741211,27.809999465942383,1797200
2002-06-27,27.700000762939453,27.989999771118164,26.93000030517578,27.649999618530273,3702500
2002-06-28,27.690000534057617,28.0,27.600000381469727,27.75,2342300
2002-07-01,27.110000610351562,27.809999465942383,27.100000381469727,27.600000381469727,1813100
2002-07-02,26.719999313354492,27.110000610351562,26.200000762939453,27.110000610351562,1332400
2002-07-03,27.149999618530273,27.459999084472656,26.549999237060547,26.719999313354492,1544700
2002-07-05,28.219999313354492,28.290000915527344,27.299999237060547,27.399999618530273,745000
2002-07-08,28.149999618530273,28.450000762939453,27.959999084472656,28.299999237060547,2018500
2002-07-09,27.8799991607666,28.639999389648438,27.75,27.899999618530273,1969400
2002-07-10,26.700000762939453,28.149999618530273,26.700000762939453,28.1299991607666,2612100
2002-07-11,27.020000457763672,27.139999389648438,26.209999084472656,26.600000381469727,1982300
2002-07-12,27.1299991607666,27.709999084472656,26.799999237060547,26.950000762939453,1733500
2002-07-15,26.40999984741211,27.0,25.5,26.899999618530273,2583400
2002-07-16,26.299999237060547,26.8799991607666,25.739999771118164,26.420000076293945,2093800
2002-07-17,26.290000915527344,27.450000762939453,26.0,27.25,1623600
2002-07-18,26.209999084472656,26.84000015258789,26.200000762939453,26.280000686645508,1781700
2002-07-19,25.219999313354492,26.200000762939453,25.170000076293945,26.200000762939453,1754500
2002-07-22,24.100000381469727,25.25,23.700000762939453,25.209999084472656,2937200
2002-07-23,23.610000610351562,24.600000381469727,23.399999618530273,24.0,2599600
2002-07-24,25.5,25.540000915527344,22.809999465942383,23.25,4328400
2002-07-25,25.149999618530273,25.799999237060547,24.270000457763672,25.25,2467800
2002-07-26,25.030000686645508,25.780000686645508,24.799999237060547,25.100000381469727,1915800
2002-07-29,26.75,26.950000762939453,25.399999618530273,25.5,1607400
2002-07-30,26.850000381469727,27.239999771118164,26.219999313354492,26.75,1564300
2002-07-31,26.5,27.09000015258789,26.0,26.850000381469727,2032100
2002-08-01,25.700000762939453,26.600000381469727,25.65999984741211,26.299999237060547,1732700
2002-08-02,23.940000534057617,25.700000762939453,23.850000381469727,25.700000762939453,3079500
2002-08-05,23.489999771118164,24.100000381469727,23.280000686645508,23.940000534057617,2126500
2002-08-06,24.31999969482422,24.649999618530273,23.860000610351562,24.0,1595500
2002-08-07,24.440000534057617,24.799999237060547,23.719999313354492,24.799999237060547,1298200
2002-08-08,25.239999771118164,25.450000762939453,24.0,24.34000015258789,1604900
2002-08-09,24.950000762939453,25.479999542236328,24.700000762939453,25.299999237060547,1369600
2002-08-12,25.299999237060547,25.299999237060547,24.450000762939453,24.700000762939453,1134700
2002-08-13,24.510000228881836,25.399999618530273,24.510000228881836,25.049999237060547,1540100
2002-08-14,24.959999084472656,25.149999618530273,23.799999237060547,24.510000228881836,2265300
2002-08-15,25.75,25.799999237060547,24.989999771118164,25.0,1895000
2002-08-16,25.600000381469727,26.139999389648438,25.350000381469727,25.739999771118164,1617800
2002-08-19,26.440000534057617,26.540000915527344,25.549999237060547,25.600000381469727,2081700
2002-08-20,25.770000457763672,26.190000534057617,25.649999618530273,26.100000381469727,1733700
2002-08-21,26.0,26.200000762939453,25.729999542236328,25.989999771118164,1767100
2002-08-22,26.709999084472656,26.760000228881836,25.799999237060547,26.0,1575400
2002-08-23,26.389999389648438,26.579999923706055,26.139999389648438,26.459999084472656,1506400
2002-08-26,26.350000381469727,26.5,26.010000228881836,26.450000762939453,964500
2002-08-27,25.899999618530273,26.829999923706055,25.790000915527344,26.799999237060547,1618800
2002-08-28,25.0,25.700000762939453,24.6299991607666,25.5,2055400
2002-08-29,24.360000610351562,24.75,24.260000228881836,24.649999618530273,2069400
2002-08-30,24.469999313354492,24.799999237060547,24.18000030517578,24.260000228881836,1184600
2002-09-03,23.350000381469727,24.280000686645508,23.270000457763672,24.280000686645508,1865500
2002-09-04,24.0,24.200000762939453,23.290000915527344,23.360000610351562,1623200
2002-09-05,23.5,23.75,23.260000228881836,23.40999984741211,2627200
2002-09-06,24.200000762939453,24.260000228881836,23.520000457763672,23.700000762939453,3523100
2002-09-09,24.309999465942383,24.40999984741211,23.549999237060547,24.0,2687100
2002-09-10,25.200000762939453,25.309999465942383,24.350000381469727,24.700000762939453,3139400
2002-09-11,25.600000381469727,25.639999389648438,25.450000762939453,25.5,3034100
2002-09-12,24.829999923706055,25.459999084472656,24.399999618530273,25.450000762939453,5141900
2002-09-13,25.420000076293945,25.420000076293945,24.0,24.450000762939453,3631100
2002-09-16,25.420000076293945,25.450000762939453,24.75,25.219999313354492,3309700
2002-09-17,24.899999618530273,25.709999084472656,24.790000915527344,25.549999237060547,3001600
2002-09-18,24.75,25.040000915527344,24.40999984741211,24.899999618530273,2251100
2002-09-19,23.299999237060547,24.739999771118164,23.25,24.739999771118164,3358200
2002-09-20,25.18000030517578,25.239999771118164,24.15999984741211,24.5,5822000
2002-09-23,25.700000762939453,25.719999313354492,25.100000381469727,25.190000534057617,3699500
2002-09-24,24.5,25.200000762939453,24.479999542236328,25.049999237060547,4452900
2002-09-25,25.399999618530273,25.510000228881836,24.399999618530273,24.75,3584600
2002-09-26,25.600000381469727,25.700000762939453,24.93000030517578,25.399999618530273,4784300
2002-09-27,25.600000381469727,25.799999237060547,25.229999542236328,25.5,2394600
2002-09-30,25.100000381469727,25.5,24.639999389648438,25.0,2618600
2002-10-01,25.110000610351562,25.239999771118164,24.56999969482422,25.049999237060547,3336200
2002-10-02,24.299999237060547,25.299999237060547,24.219999313354492,25.110000610351562,2838300
2002-10-03,24.1299991607666,24.950000762939453,24.1200008392334,24.25,2086800
2002-10-04,23.68000030517578,24.6299991607666,23.59000015258789,24.3799991607666,1997400
2002-10-07,22.299999237060547,23.690000534057617,22.06999969482422,23.68000030517578,4565400
2002-10-08,23.790000915527344,24.059999465942383,22.299999237060547,22.299999237060547,4827100
2002-10-09,22.8700008392334,23.389999389648438,22.81999969482422,23.25,4617200
2002-10-10,22.920000076293945,23.09000015258789,22.520000457763672,22.860000610351562,3886000
2002-10-11,24.469999313354492,24.469999313354492,23.149999618530273,23.600000381469727,4019100
2002-10-14,23.969999313354492,24.200000762939453,23.579999923706055,23.899999618530273,1941800
2002-10-15,24.290000915527344,24.479999542236328,23.969999313354492,24.299999237060547,4365600
2002-10-16,24.040000915527344,24.459999084472656,23.690000534057617,24.290000915527344,1818100
2002-10-17,24.40999984741211,24.65999984741211,24.030000686645508,24.399999618530273,2136700
2002-10-18,24.579999923706055,24.65999984741211,23.899999618530273,24.420000076293945,2023800
2002-10-21,25.3700008392334,25.489999771118164,24.229999542236328,24.579999923706055,2147500
2002-10-22,25.200000762939453,25.600000381469727,24.780000686645508,25.3799991607666,1859200
2002-10-23,26.0,26.010000228881836,24.93000030517578,25.450000762939453,3758000
2002-10-24,25.65999984741211,26.0,25.450000762939453,26.0,3142600
2002-10-25,27.329999923706055,27.329999923706055,25.43000030517578,25.65999984741211,7140900
2002-10-28,26.649999618530273,27.450000762939453,26.610000610351562,27.389999389648438,4636900
2002-10-29,26.860000610351562,27.25,26.520000457763672,27.049999237060547,3373300
2002-10-30,26.639999389648438,27.0,26.440000534057617,27.0,2145700
2002-10-31,26.1200008392334,26.81999969482422,26.0,26.639999389648438,1958600
2002-11-01,27.09000015258789,27.100000381469727,26.06999969482422,26.200000762939453,2926400
2002-11-04,28.469999313354492,28.959999084472656,28.1299991607666,28.329999923706055,4284700
2002-11-05,29.219999313354492,29.260000228881836,28.360000610351562,28.639999389648438,3223400
2002-11-06,29.760000228881836,29.780000686645508,28.639999389648438,29.229999542236328,3506400
2002-11-07,28.81999969482422,29.559999465942383,28.43000030517578,29.549999237060547,1979400
2002-11-08,29.139999389648438,29.399999618530273,28.829999923706055,28.829999923706055,1600400
2002-11-11,28.31999969482422,29.1299991607666,28.299999237060547,29.1299991607666,1516900
2002-11-12,28.479999542236328,28.969999313354492,28.270000457763672,28.270000457763672,1863400
2002-11-13,28.780000686645508,29.170000076293945,27.969999313354492,28.450000762939453,1563000
2002-11-14,28.889999389648438,29.440000534057617,28.799999237060547,28.799999237060547,1532700
2002-11-15,29.389999389648438,29.549999237060547,28.649999618530273,28.850000381469727,1695700
2002-11-18,28.780000686645508,29.399999618530273,28.579999923706055,29.350000381469727,3005700
2002-11-19,28.040000915527344,28.360000610351562,27.6299991607666,28.350000381469727,3122000
2002-11-20,27.829999923706055,28.0,27.049999237060547,27.5,5030900
2002-11-21,29.09000015258789,29.09000015258789,27.899999618530273,28.0,2802900
2002-11-22,28.709999084472656,29.15999984741211,28.709999084472656,29.0,1885100
2002-11-25,28.3700008392334,28.950000762939453,28.1299991607666,28.719999313354492,1909600
2002-11-26,27.329999923706055,27.950000762939453,27.209999084472656,27.75,3242500
2002-11-27,28.260000228881836,28.309999465942383,27.149999618530273,27.329999923706055,1922600
2002-11-29,28.049999237060547,28.239999771118164,27.799999237060547,28.040000915527344,920100
2002-12-02,27.65999984741211,28.149999618530273,27.600000381469727,28.049999237060547,2367300
2002-12-03,26.899999618530273,27.670000076293945,26.360000610351562,27.670000076293945,5022300
2002-12-04,27.299999237060547,27.59000015258789,26.399999618530273,26.899999618530273,3636100
2002-12-05,26.790000915527344,27.600000381469727,26.790000915527344,27.5,2377400
2002-12-06,26.969999313354492,27.15999984741211,26.34000015258789,26.479999542236328,2561500
2002-12-09,26.020000457763672,26.969999313354492,26.020000457763672,26.969999313354492,1892700
2002-12-10,26.25,26.34000015258789,25.75,26.030000686645508,2017700
2002-12-11,26.399999618530273,26.610000610351562,26.079999923706055,26.350000381469727,1107000
2002-12-12,26.3700008392334,26.440000534057617,25.899999618530273,26.440000534057617,1818400
2002-12-13,25.959999084472656,26.299999237060547,25.899999618530273,26.170000076293945,1407400
2002-12-16,26.459999084472656,26.610000610351562,25.75,25.8700008392334,1893800
2002-12-17,26.309999465942383,26.469999313354492,25.93000030517578,26.469999313354492,1436100
2002-12-18,26.479999542236328,26.479999542236328,25.540000915527344,26.299999237060547,2727100
2002-12-19,25.469999313354492,26.170000076293945,25.299999237060547,26.0,3370700
2002-12-20,25.559999465942383,25.65999984741211,24.719999313354492,25.479999542236328,5338800
2002-12-23,25.06999969482422,25.40999984741211,24.790000915527344,25.399999618530273,3587000
2002-12-24,25.1200008392334,25.329999923706055,24.950000762939453,25.0,1005600
2002-12-26,25.1200008392334,25.540000915527344,25.09000015258789,25.1200008392334,582700
2002-12-27,24.559999465942383,25.170000076293945,24.520000457763672,25.100000381469727,998600
2002-12-30,24.770000457763672,24.850000381469727,24.510000228881836,24.559999465942383,3106800
2002-12-31,24.950000762939453,25.190000534057617,24.549999237060547,24.75,1392600
2003-01-02,25.6299991607666,25.639999389648438,24.899999618530273,24.959999084472656,3415200
2003-01-03,26.049999237060547,26.100000381469727,25.3700008392334,25.5,2106800
2003-01-06,25.760000228881836,26.049999237060547,25.420000076293945,26.049999237060547,2035800
2003-01-07,25.770000457763672,25.979999542236328,25.670000076293945,25.770000457763672,2153300
2003-01-08,25.15999984741211,25.40999984741211,24.989999771118164,25.200000762939453,3688500
2003-01-09,24.90999984741211,25.299999237060547,24.90999984741211,25.0,4872200
2003-01-10,24.950000762939453,25.200000762939453,24.860000610351562,24.920000076293945,4306400
2003-01-13,24.899999618530273,25.18000030517578,24.850000381469727,24.920000076293945,2544100
2003-01-14,24.989999771118164,25.170000076293945,24.84000015258789,24.889999389648438,2748800
2003-01-15,24.950000762939453,25.049999237060547,24.510000228881836,24.600000381469727,4053500
2003-01-16,25.18000030517578,25.299999237060547,24.899999618530273,25.0,3671700
2003-01-17,25.139999389648438,25.450000762939453,25.049999237060547,25.18000030517578,1897100
2003-01-21,24.549999237060547,25.290000915527344,24.5,25.200000762939453,2094700
2003-01-22,24.40999984741211,24.719999313354492,24.290000915527344,24.5,2560900
2003-01-23,24.420000076293945,24.729999542236328,24.350000381469727,24.459999084472656,2199900
2003-01-24,24.5,24.5,24.149999618530273,24.399999618530273,2893000
2003-01-27,24.200000762939453,24.520000457763672,24.1200008392334,24.489999771118164,2364100
2003-01-28,24.149999618530273,24.239999771118164,23.90999984741211,24.209999084472656,1898100
2003-01-29,24.200000762939453,24.3799991607666,23.399999618530273,23.899999618530273,4046300
2003-01-30,23.530000686645508,24.139999389648438,23.530000686645508,24.0,2242700
2003-01-31,24.100000381469727,24.100000381469727,23.399999618530273,23.399999618530273,3196500
2003-02-03,24.200000762939453,24.389999389648438,23.850000381469727,24.100000381469727,2341600
2003-02-04,23.399999618530273,24.010000228881836,23.34000015258789,24.0,2135400
2003-02-05,23.350000381469727,23.799999237060547,23.239999771118164,23.56999969482422,1956300
2003-02-06,23.18000030517578,23.3700008392334,23.049999237060547,23.100000381469727,1488300
2003-02-07,22.979999542236328,23.34000015258789,22.959999084472656,23.18000030517578,1666400
2003-02-10,22.93000030517578,23.0,22.549999237060547,22.979999542236328,2571600
2003-02-11,22.920000076293945,23.229999542236328,22.799999237060547,22.93000030517578,2310500
2003-02-12,22.850000381469727,23.149999618530273,22.540000915527344,22.93000030517578,2361900
2003-02-13,22.09000015258789,22.719999313354492,21.90999984741211,22.709999084472656,3869700
2003-02-14,23.25,23.329999923706055,22.100000381469727,22.100000381469727,2919800
2003-02-18,23.530000686645508,23.700000762939453,23.049999237060547,23.469999313354492,4311700
2003-02-19,23.239999771118164,23.350000381469727,23.0,23.280000686645508,3087700
2003-02-20,23.670000076293945,23.979999542236328,23.239999771118164,23.239999771118164,3982000
2003-02-21,23.850000381469727,24.0,23.399999618530273,23.65999984741211,3647200
2003-02-24,22.940000534057617,23.65999984741211,22.899999618530273,23.649999618530273,2444500
2003-02-25,22.889999389648438,22.899999618530273,21.850000381469727,22.290000915527344,4754900
2003-02-26,22.190000534057617,22.649999618530273,22.100000381469727,22.649999618530273,3131600
2003-02-27,22.3700008392334,22.5,21.860000610351562,22.190000534057617,2914300
2003-02-28,22.969999313354492,22.989999771118164,22.510000228881836,22.59000015258789,2206000
2003-03-03,22.510000228881836,23.06999969482422,22.510000228881836,23.010000228881836,2127100
2003-03-04,21.950000762939453,22.489999771118164,21.889999389648438,22.440000534057617,2026500
2003-03-05,21.8799991607666,21.889999389648438,21.299999237060547,21.649999618530273,4013100
2003-03-06,21.3799991607666,21.530000686645508,21.1200008392334,21.389999389648438,3497700
2003-03-07,21.860000610351562,21.899999618530273,21.1299991607666,21.3799991607666,3489500
2003-03-10,21.219999313354492,21.6200008392334,21.15999984741211,21.610000610351562,2693700
2003-03-11,20.81999969482422,21.3700008392334,20.770000457763672,21.219999313354492,2027300
2003-03-12,20.75,20.799999237060547,20.34000015258789,20.600000381469727,3058400
2003-03-13,22.06999969482422,22.110000610351562,21.010000228881836,21.010000228881836,2555300
2003-03-14,22.149999618530273,22.299999237060547,21.940000534057617,22.059999465942383,3352400
2003-03-17,23.450000762939453,23.459999084472656,21.5,22.149999618530273,4646300
2003-03-18,23.899999618530273,23.899999618530273,23.100000381469727,23.450000762939453,4714600
2003-03-19,24.450000762939453,24.59000015258789,24.100000381469727,24.5,7751500
2003-03-20,24.690000534057617,24.889999389648438,23.799999237060547,24.209999084472656,4261800
2003-03-21,26.75,26.940000534057617,24.739999771118164,24.739999771118164,7606200
2003-03-24,25.0,25.760000228881836,24.93000030517578,25.75,5289100
2003-03-25,25.139999389648438,25.290000915527344,24.649999618530273,24.969999313354492,4794100
2003-03-26,24.799999237060547,25.010000228881836,24.68000030517578,24.899999618530273,2395200
2003-03-27,24.899999618530273,24.979999542236328,24.399999618530273,24.600000381469727,2588400
2003-03-28,24.520000457763672,24.729999542236328,24.489999771118164,24.649999618530273,2160700
2003-03-31,24.110000610351562,24.299999237060547,23.850000381469727,24.100000381469727,2659600
2003-04-01,23.81999969482422,24.25,23.670000076293945,23.979999542236328,3828600
2003-04-02,25.260000228881836,25.399999618530273,24.270000457763672,24.299999237060547,4854200
2003-04-03,25.450000762939453,25.799999237060547,25.309999465942383,25.510000228881836,3090800
2003-04-04,25.399999618530273,25.829999923706055,25.3799991607666,25.56999969482422,3401400
2003-04-07,26.299999237060547,26.75,26.25,26.25,5053500
2003-04-08,25.950000762939453,26.299999237060547,25.829999923706055,26.299999237060547,3010000
2003-04-09,25.420000076293945,26.149999618530273,25.40999984741211,25.959999084472656,2718500
2003-04-10,25.360000610351562,25.450000762939453,24.860000610351562,25.43000030517578,1834900
2003-04-11,25.010000228881836,25.360000610351562,24.729999542236328,25.360000610351562,3799800
2003-04-14,25.850000381469727,25.989999771118164,24.979999542236328,25.020000457763672,2661300
2003-04-15,26.479999542236328,26.489999771118164,25.799999237060547,25.84000015258789,3884600
2003-04-16,26.010000228881836,26.700000762939453,25.8700008392334,26.450000762939453,3480800
2003-04-17,27.010000228881836,27.079999923706055,26.049999237060547,26.049999237060547,6131400
2003-04-21,26.709999084472656,27.100000381469727,26.649999618530273,26.75,2325300
2003-04-22,27.520000457763672,27.6200008392334,26.59000015258789,26.719999313354492,3733300
2003-04-23,27.290000915527344,27.399999618530273,26.899999618530273,27.299999237060547,9335200
2003-04-24,26.950000762939453,27.299999237060547,26.639999389648438,27.299999237060547,3584700
2003-04-25,26.190000534057617,26.75,26.18000030517578,26.75,5122900
2003-04-28,27.1200008392334,27.1299991607666,26.18000030517578,26.190000534057617,2844900
2003-04-29,27.700000762939453,27.75,27.06999969482422,27.149999618530273,3942300
2003-04-30,27.59000015258789,27.829999923706055,27.5,27.700000762939453,2642700
2003-05-01,27.65999984741211,27.719999313354492,27.149999618530273,27.59000015258789,2518300
2003-05-02,28.469999313354492,28.479999542236328,27.549999237060547,27.549999237060547,2707900
2003-05-05,28.170000076293945,28.489999771118164,28.059999465942383,28.489999771118164,1817500
2003-05-06,28.760000228881836,28.950000762939453,28.520000457763672,28.549999237060547,5268700
2003-05-07,28.829999923706055,29.209999084472656,28.6200008392334,28.700000762939453,2908000
2003-05-08,28.420000076293945,28.84000015258789,28.25,28.530000686645508,2650400
2003-05-09,28.75,29.059999465942383,28.299999237060547,28.459999084472656,3076300
2003-05-12,29.280000686645508,29.469999313354492,28.6200008392334,28.899999618530273,2672600
2003-05-13,29.18000030517578,29.579999923706055,29.149999618530273,29.200000762939453,3469200
2003-05-14,29.020000457763672,29.450000762939453,28.959999084472656,29.200000762939453,2169200
2003-05-15,29.709999084472656,30.0,29.540000915527344,29.68000030517578,3007000
2003-05-16,29.700000762939453,30.309999465942383,29.700000762939453,29.75,4328000
2003-05-19,29.1200008392334,29.6200008392334,29.1200008392334,29.450000762939453,4055600
2003-05-20,28.93000030517578,29.729999542236328,28.6200008392334,29.350000381469727,3575900
2003-05-21,28.549999237060547,29.149999618530273,28.5,28.950000762939453,3439700
2003-05-22,28.93000030517578,29.100000381469727,28.559999465942383,28.690000534057617,3427100
2003-05-23,28.8799991607666,29.010000228881836,28.6299991607666,28.979999542236328,2171400
2003-05-27,29.149999618530273,29.290000915527344,28.649999618530273,28.649999618530273,3823600
2003-05-28,29.920000076293945,29.920000076293945,29.3700008392334,29.5,2905600
2003-05-29,30.079999923706055,30.5,29.920000076293945,30.0,2749700
2003-05-30,30.600000381469727,30.739999771118164,30.190000534057617,30.200000762939453,2080800
2003-06-02,31.1200008392334,31.549999237060547,30.649999618530273,30.75,3268700
2003-06-03,31.020000457763672,31.239999771118164,30.799999237060547,31.1200008392334,1854900
2003-06-04,31.639999389648438,31.889999389648438,31.149999618530273,31.149999618530273,2711300
2003-06-05,31.850000381469727,32.0,31.420000076293945,31.700000762939453,2360200
2003-06-06,31.450000762939453,32.290000915527344,31.440000534057617,32.0,3336100
2003-06-09,31.25,31.479999542236328,31.100000381469727,31.399999618530273,1774400
2003-06-10,30.81999969482422,31.549999237060547,30.719999313354492,31.5,2685400
2003-06-11,31.799999237060547,31.850000381469727,31.09000015258789,31.100000381469727,3349700
2003-06-12,32.459999084472656,32.54999923706055,31.889999389648438,32.31999969482422,3396300
2003-06-13,32.11000061035156,32.459999084472656,31.950000762939453,32.45000076293945,2513300
2003-06-16,32.349998474121094,32.540000915527344,32.060001373291016,32.209999084472656,2524500
2003-06-17,32.470001220703125,32.790000915527344,32.2599983215332,32.599998474121094,3073500
2003-06-18,32.349998474121094,33.0,32.11000061035156,32.45000076293945,1523900
2003-06-19,31.549999237060547,32.5,31.5,32.45000076293945,1821000
2003-06-20,32.38999938964844,32.45000076293945,32.08000183105469,32.099998474121094,4138600
2003-06-23,32.060001373291016,32.29999923706055,31.809999465942383,32.29999923706055,1729500
2003-06-24,32.0099983215332,32.290000915527344,31.6299991607666,32.060001373291016,2088100
2003-06-25,31.0,31.600000381469727,30.049999237060547,30.049999237060547,7978300
2003-06-26,32.060001373291016,32.22999954223633,31.200000762939453,31.25,4311400
2003-06-27,31.8799991607666,32.68000030517578,31.700000762939453,32.29999923706055,2230200
2003-06-30,32.5099983215332,32.869998931884766,32.369998931884766,32.650001525878906,2848400
2003-07-01,32.43000030517578,32.529998779296875,32.06999969482422,32.2599983215332,2310900
2003-07-02,32.290000915527344,32.68000030517578,32.150001525878906,32.43000030517578,2668600
2003-07-03,32.33000183105469,33.25,31.950000762939453,31.950000762939453,1104500
2003-07-07,32.72999954223633,32.9900016784668,32.4900016784668,32.5,2206600
2003-07-08,32.97999954223633,33.060001373291016,32.68000030517578,32.68000030517578,1718400
2003-07-09,32.33000183105469,32.97999954223633,31.670000076293945,32.97999954223633,2829800
2003-07-10,32.130001068115234,32.20000076293945,31.959999084472656,32.150001525878906,1915700
2003-07-11,32.11000061035156,32.40999984741211,31.940000534057617,32.349998474121094,2352400
2003-07-14,32.0,32.54999923706055,31.920000076293945,32.16999816894531,2216400
2003-07-15,31.969999313354492,32.29999923706055,31.799999237060547,32.29999923706055,2120100
2003-07-16,31.579999923706055,32.099998474121094,31.5,32.08000183105469,2154300
2003-07-17,31.079999923706055,31.75,30.950000762939453,31.5,2468300
2003-07-18,31.540000915527344,31.700000762939453,31.049999237060547,31.299999237060547,1551200
2003-07-21,31.84000015258789,31.84000015258789,31.350000381469727,31.610000610351562,2918400
2003-07-22,32.849998474121094,32.880001068115234,31.860000610351562,31.860000610351562,4805000
2003-07-23,32.63999938964844,32.880001068115234,32.27000045776367,32.77000045776367,2085900
2003-07-24,32.599998474121094,33.189998626708984,32.54999923706055,32.70000076293945,1965700
2003-07-25,33.0,33.099998474121094,32.650001525878906,32.709999084472656,1777500
2003-07-28,33.599998474121094,33.66999816894531,33.119998931884766,33.5,3001000
2003-07-29,34.060001373291016,34.41999816894531,33.72999954223633,33.900001525878906,4302300
2003-07-30,33.70000076293945,34.20000076293945,33.70000076293945,34.20000076293945,1534700
2003-07-31,34.310001373291016,34.68000030517578,33.79999923706055,34.16999816894531,2395200
2003-08-01,34.220001220703125,34.45000076293945,34.04999923706055,34.310001373291016,2222200
2003-08-04,34.08000183105469,34.25,33.56999969482422,34.220001220703125,1819500
2003-08-05,33.59000015258789,34.20000076293945,33.56999969482422,34.150001525878906,2416200
2003-08-06,34.0,34.189998626708984,33.66999816894531,33.70000076293945,2398300
2003-08-07,34.22999954223633,34.47999954223633,33.90999984741211,33.970001220703125,2185100
2003-08-08,34.0099983215332,34.220001220703125,33.79999923706055,34.20000076293945,2144200
2003-08-11,33.869998931884766,34.0099983215332,33.630001068115234,33.95000076293945,1448900
2003-08-12,34.310001373291016,34.310001373291016,33.5,33.88999938964844,2587500
2003-08-13,34.189998626708984,34.650001525878906,34.029998779296875,34.54999923706055,1906800
2003-08-14,34.709999084472656,34.779998779296875,34.459999084472656,34.650001525878906,1844700
2003-08-15,34.93000030517578,35.5,34.810001373291016,35.0,1527300
2003-08-18,35.4900016784668,35.869998931884766,35.2599983215332,35.2599983215332,1621700
2003-08-19,35.599998474121094,35.75,35.310001373291016,35.599998474121094,2099900
2003-08-20,35.58000183105469,35.70000076293945,35.31999969482422,35.31999969482422,1947200
2003-08-21,35.810001373291016,35.959999084472656,35.58000183105469,35.599998474121094,2175800
2003-08-22,35.36000061035156,36.040000915527344,35.29999923706055,35.939998626708984,1564100
2003-08-25,35.0,35.400001525878906,34.939998626708984,35.369998931884766,2004300
2003-08-26,34.75,35.0,34.400001525878906,35.0,2618900
2003-08-27,34.209999084472656,34.83000183105469,34.209999084472656,34.75,2416200
2003-08-28,34.189998626708984,34.52000045776367,33.93000030517578,34.29999923706055,2573400
2003-08-29,34.59000015258789,34.720001220703125,34.150001525878906,34.189998626708984,1557000
2003-09-02,34.31999969482422,34.40999984741211,33.97999954223633,34.04999923706055,2230500
2003-09-03,34.93000030517578,35.220001220703125,34.5,35.0,3218700
2003-09-04,34.56999969482422,35.16999816894531,34.43000030517578,34.90999984741211,2393100
2003-09-05,34.5,35.18000030517578,34.439998626708984,34.66999816894531,2823900
2003-09-08,34.5,34.810001373291016,34.5,34.54999923706055,1475100
2003-09-09,34.060001373291016,34.290000915527344,33.869998931884766,34.220001220703125,1727300
2003-09-10,33.40999984741211,34.06999969482422,33.40999984741211,34.06999969482422,2609800
2003-09-11,33.54999923706055,33.65999984741211,33.40999984741211,33.41999816894531,2028900
2003-09-12,34.470001220703125,34.5,33.61000061035156,33.70000076293945,3303800
2003-09-15,34.900001525878906,35.0099983215332,34.5,34.650001525878906,2484000
2003-09-16,35.209999084472656,35.290000915527344,34.900001525878906,34.900001525878906,1972600
2003-09-17,34.9900016784668,35.650001525878906,34.7599983215332,35.5,2106600
2003-09-18,35.33000183105469,35.47999954223633,34.400001525878906,34.70000076293945,2874000
2003-09-19,35.099998474121094,35.86000061035156,34.970001220703125,35.54999923706055,3097200
2003-09-22,35.150001525878906,35.25,34.83000183105469,35.0,2654300
2003-09-23,35.709999084472656,35.88999938964844,35.41999816894531,35.41999816894531,2250000
2003-09-24,34.27000045776367,35.900001525878906,34.27000045776367,35.75,4506000
2003-09-25,34.16999816894531,35.0,34.150001525878906,34.41999816894531,2976800
2003-09-26,32.90999984741211,34.400001525878906,32.84000015258789,34.150001525878906,5910500
2003-09-29,33.22999954223633,33.599998474121094,33.0,33.5,2933500
2003-09-30,32.88999938964844,33.150001525878906,32.7599983215332,33.029998779296875,3832500
2003-10-01,33.86000061035156,33.869998931884766,32.5,33.0,4190400
2003-10-02,33.9900016784668,34.040000915527344,33.56999969482422,33.900001525878906,1647400
2003-10-03,33.88999938964844,34.4900016784668,33.83000183105469,34.2599983215332,2511300
2003-10-06,34.31999969482422,34.689998626708984,33.88999938964844,33.88999938964844,1590100
2003-10-07,34.2400016784668,34.45000076293945,33.81999969482422,34.33000183105469,2532800
2003-10-08,34.47999954223633,34.63999938964844,34.099998474121094,34.36000061035156,2489600
2003-10-09,34.400001525878906,34.7400016784668,34.08000183105469,34.66999816894531,1764700
2003-10-10,34.08000183105469,34.45000076293945,33.880001068115234,34.400001525878906,2316200
2003-10-13,34.369998931884766,34.650001525878906,34.25,34.25,1440000
2003-10-14,34.38999938964844,34.599998474121094,34.25,34.5,1584400
2003-10-15,34.060001373291016,34.849998474121094,34.04999923706055,34.849998474121094,2760100
2003-10-16,34.599998474121094,34.70000076293945,34.099998474121094,34.310001373291016,2672700
2003-10-17,34.040000915527344,34.70000076293945,33.84000015258789,34.70000076293945,2414100
2003-10-20,33.83000183105469,34.209999084472656,33.619998931884766,34.209999084472656,1491900
2003-10-21,33.470001220703125,33.880001068115234,33.439998626708984,33.779998779296875,2970200
2003-10-22,33.0,33.5,32.470001220703125,32.470001220703125,1447300
2003-10-23,33.380001068115234,33.45000076293945,32.849998474121094,32.95000076293945,2026600
2003-10-24,33.540000915527344,33.72999954223633,33.220001220703125,33.380001068115234,2035100
2003-10-27,34.150001525878906,34.189998626708984,33.099998474121094,33.099998474121094,3410800
2003-10-28,34.54999923706055,34.54999923706055,34.130001068115234,34.150001525878906,1482100
2003-10-29,34.83000183105469,34.83000183105469,34.52000045776367,34.599998474121094,2702700
2003-10-30,35.16999816894531,35.369998931884766,34.83000183105469,34.83000183105469,2246200
2003-10-31,34.90999984741211,35.290000915527344,34.79999923706055,35.18000030517578,2698800
2003-11-03,35.29999923706055,35.4900016784668,34.90999984741211,34.90999984741211,1175500
2003-11-04,34.79999923706055,35.5,34.79999923706055,35.439998626708984,2082700
2003-11-05,34.36000061035156,34.79999923706055,33.95000076293945,34.79999923706055,3852000
2003-11-06,34.83000183105469,34.849998474121094,34.189998626708984,34.2599983215332,1750900
2003-11-07,35.349998474121094,35.70000076293945,34.83000183105469,34.83000183105469,2304200
2003-11-10,35.189998626708984,35.709999084472656,35.099998474121094,35.400001525878906,1581300
2003-11-11,35.0,35.34000015258789,34.939998626708984,35.189998626708984,1461000
2003-11-12,35.599998474121094,35.70000076293945,35.099998474121094,35.099998474121094,1778800
2003-11-13,35.79999923706055,35.9900016784668,35.72999954223633,35.79999923706055,1880200
2003-11-14,35.189998626708984,35.849998474121094,35.06999969482422,35.70000076293945,1633600
2003-11-17,34.88999938964844,35.0,34.52000045776367,35.0,1501100
2003-11-18,34.209999084472656,34.97999954223633,34.13999938964844,34.75,1945100
2003-11-19,34.119998931884766,34.209999084472656,33.81999969482422,34.060001373291016,2773100
2003-11-20,34.0,34.20000076293945,33.77000045776367,33.77000045776367,2959800
2003-11-21,34.15999984741211,34.31999969482422,34.0,34.0,1781300
2003-11-24,34.470001220703125,34.470001220703125,34.150001525878906,34.189998626708984,2231200
2003-11-25,34.75,34.84000015258789,34.34000015258789,34.599998474121094,1971800
2003-11-26,35.08000183105469,35.130001068115234,34.70000076293945,34.86000061035156,1683200
2003-11-28,35.189998626708984,35.459999084472656,34.91999816894531,34.91999816894531,918200
2003-12-01,35.29999923706055,35.54999923706055,35.119998931884766,35.2400016784668,1647200
2003-12-02,35.02000045776367,35.540000915527344,34.95000076293945,35.5,2238900
2003-12-03,35.09000015258789,35.83000183105469,35.0099983215332,35.40999984741211,2520400
2003-12-04,35.5,35.5,35.13999938964844,35.27000045776367,1705400
2003-12-05,35.25,35.84000015258789,35.040000915527344,35.5,2290600
2003-12-08,35.29999923706055,35.369998931884766,35.02000045776367,35.25,1910300
2003-12-09,37.060001373291016,37.33000183105469,36.0,36.0,7079200
2003-12-10,37.06999969482422,37.130001068115234,36.77000045776367,37.04999923706055,2566500
2003-12-11,38.02000045776367,38.22999954223633,37.7400016784668,37.7400016784668,3758300
2003-12-12,38.040000915527344,38.25,37.84000015258789,38.13999938964844,1527600
2003-12-15,38.40999984741211,38.95000076293945,38.31999969482422,38.5,2345400
2003-12-16,38.040000915527344,38.47999954223633,37.7599983215332,38.400001525878906,1919300
2003-12-17,37.77000045776367,38.150001525878906,37.709999084472656,38.0,2143100
2003-12-18,37.869998931884766,38.27000045776367,36.7599983215332,36.7599983215332,5533200
2003-12-19,39.119998931884766,39.22999954223633,38.189998626708984,38.2599983215332,5063100
2003-12-22,39.36000061035156,39.369998931884766,38.81999969482422,39.119998931884766,1871600
2003-12-23,39.34000015258789,39.40999984741211,39.0,39.310001373291016,1668400
2003-12-24,38.880001068115234,39.25,38.83000183105469,39.18000030517578,703400
2003-12-26,38.91999816894531,39.209999084472656,38.869998931884766,39.04999923706055,263600
2003-12-29,39.31999969482422,39.34000015258789,39.02000045776367,39.16999816894531,1264500
2003-12-30,39.27000045776367,39.58000183105469,38.9900016784668,39.47999954223633,992300
2003-12-31,39.72999954223633,39.84000015258789,39.33000183105469,39.33000183105469,1694800
2004-01-02,39.81999969482422,40.25,39.75,39.90999984741211,2287800
2004-01-05,40.43000030517578,40.61000061035156,40.189998626708984,40.279998779296875,3117600
2004-01-06,40.75,40.79999923706055,40.29999923706055,40.43000030517578,2170800
2004-01-07,40.83000183105469,41.0,40.54999923706055,40.70000076293945,2527700
2004-01-08,41.2400016784668,41.29999923706055,40.849998474121094,40.869998931884766,2791500
2004-01-09,41.029998779296875,41.470001220703125,41.0,41.130001068115234,1665600
2004-01-12,41.040000915527344,41.150001525878906,40.77000045776367,41.029998779296875,1949800
2004-01-13,40.81999969482422,41.15999984741211,40.630001068115234,41.0,1332900
2004-01-14,42.279998779296875,42.349998474121094,41.529998779296875,41.54999923706055,4178400
2004-01-15,42.869998931884766,43.0,42.20000076293945,42.310001373291016,2850300
2004-01-16,43.650001525878906,43.790000915527344,43.189998626708984,43.25,3934700
2004-01-20,43.900001525878906,44.0,43.59000015258789,43.77000045776367,3383100
2004-01-21,43.70000076293945,44.04999923706055,43.470001220703125,44.0099983215332,3186000
2004-01-22,43.790000915527344,44.0,43.619998931884766,43.70000076293945,2387600
2004-01-23,43.70000076293945,44.02000045776367,43.5,43.81999969482422,2409800
2004-01-26,44.349998474121094,44.400001525878906,43.56999969482422,43.70000076293945,2072000
2004-01-27,43.52000045776367,44.279998779296875,43.380001068115234,44.279998779296875,2027500
2004-01-28,42.7400016784668,44.099998474121094,42.43000030517578,43.52000045776367,3003300
2004-01-29,44.38999938964844,44.849998474121094,43.560001373291016,44.599998474121094,4989000
2004-01-30,44.41999816894531,44.56999969482422,43.900001525878906,44.150001525878906,2687000
2004-02-02,44.880001068115234,45.060001373291016,44.40999984741211,44.40999984741211,2292900
2004-02-03,44.0,44.970001220703125,43.90999984741211,44.79999923706055,3608800
2004-02-04,43.349998474121094,43.959999084472656,43.150001525878906,43.95000076293945,3851000
2004-02-05,43.869998931884766,44.18000030517578,43.75,43.95000076293945,2073700
2004-02-06,44.22999954223633,44.279998779296875,43.869998931884766,43.869998931884766,2297800
2004-02-09,43.91999816894531,44.279998779296875,43.88999938964844,44.15999984741211,2013800
2004-02-10,43.86000061035156,44.90999984741211,43.63999938964844,43.77000045776367,2804100
2004-02-11,44.099998474121094,44.25,43.599998474121094,43.70000076293945,2495000
2004-02-12,43.779998779296875,44.720001220703125,43.619998931884766,44.52000045776367,1920000
2004-02-13,44.43000030517578,44.869998931884766,44.27000045776367,44.79999923706055,2322900
2004-02-17,45.63999938964844,46.29999923706055,45.45000076293945,46.0,3625300
2004-02-18,45.11000061035156,45.95000076293945,44.880001068115234,45.81999969482422,2804400
2004-02-19,44.79999923706055,45.63999938964844,44.68000030517578,45.54999923706055,3475500
2004-02-20,44.54999923706055,45.040000915527344,44.459999084472656,44.97999954223633,1711800
2004-02-23,44.279998779296875,45.0,44.0,45.0,1837800
2004-02-24,44.900001525878906,45.0,44.0,44.279998779296875,2775100
2004-02-25,45.150001525878906,45.63999938964844,44.9900016784668,45.0,4070300
2004-02-26,44.900001525878906,45.2400016784668,44.58000183105469,44.599998474121094,2780700
2004-02-27,44.369998931884766,45.08000183105469,44.25,44.38999938964844,2507000
2004-03-01,45.25,45.47999954223633,44.38999938964844,44.79999923706055,1787100
2004-03-02,45.220001220703125,45.56999969482422,44.93000030517578,45.20000076293945,1851300
2004-03-03,45.40999984741211,45.45000076293945,45.06999969482422,45.119998931884766,1545400
2004-03-04,45.599998474121094,45.70000076293945,45.060001373291016,45.2400016784668,1583900
2004-03-05,45.61000061035156,45.83000183105469,45.06999969482422,45.29999923706055,2674200
2004-03-08,45.2400016784668,45.95000076293945,45.2400016784668,45.88999938964844,1339800
2004-03-09,45.2400016784668,45.400001525878906,44.7599983215332,45.220001220703125,2303700
2004-03-10,44.40999984741211,45.47999954223633,44.400001525878906,45.290000915527344,2632000
2004-03-11,42.459999084472656,44.06999969482422,42.380001068115234,44.0,4623300
2004-03-12,42.939998626708984,43.18000030517578,42.560001373291016,42.650001525878906,5173800
2004-03-15,41.470001220703125,43.16999816894531,41.29999923706055,42.380001068115234,3455900
2004-03-16,40.90999984741211,41.869998931884766,40.63999938964844,41.470001220703125,4455900
2004-03-17,42.619998931884766,43.0,41.7400016784668,41.7400016784668,3428600
2004-03-18,42.66999816894531,43.0099983215332,41.810001373291016,42.5,1655100
2004-03-19,42.5099983215332,43.279998779296875,42.189998626708984,42.20000076293945,2704100
2004-03-22,41.970001220703125,43.25,41.83000183105469,43.25,4163000
2004-03-23,42.29999923706055,42.790000915527344,42.11000061035156,42.20000076293945,3615600
2004-03-24,42.849998474121094,43.439998626708984,41.9900016784668,42.400001525878906,3388400
2004-03-25,43.43000030517578,43.599998474121094,42.720001220703125,43.13999938964844,2688900
2004-03-26,43.869998931884766,44.02000045776367,43.5,43.5,2105600
2004-03-29,44.58000183105469,44.779998779296875,44.119998931884766,44.189998626708984,2621000
2004-03-30,44.689998626708984,45.380001068115234,44.18000030517578,45.380001068115234,1982000
2004-03-31,44.90999984741211,45.0,44.63999938964844,44.810001373291016,2789800
2004-04-01,45.61000061035156,45.68000030517578,44.95000076293945,44.95000076293945,2757100
2004-04-02,45.939998626708984,46.060001373291016,45.599998474121094,46.04999923706055,3273800
2004-04-05,46.13999938964844,46.20000076293945,45.380001068115234,45.5,3563400
2004-04-06,46.369998931884766,46.5,45.72999954223633,46.099998474121094,3065800
2004-04-07,45.97999954223633,46.36000061035156,45.79999923706055,46.36000061035156,2333500
2004-04-08,45.529998779296875,46.2400016784668,45.41999816894531,46.20000076293945,1337100
2004-04-12,45.75,46.29999923706055,45.75,45.95000076293945,1127600
2004-04-13,44.709999084472656,46.0,44.650001525878906,46.0,1668400
2004-04-14,44.11000061035156,44.650001525878906,44.060001373291016,44.650001525878906,3387300
2004-04-15,44.09000015258789,44.310001373291016,43.5,44.310001373291016,1743500
2004-04-16,44.70000076293945,44.7599983215332,44.15999984741211,44.650001525878906,2390200
2004-04-19,44.56999969482422,44.689998626708984,44.099998474121094,44.5,2017600
2004-04-20,44.119998931884766,44.900001525878906,44.040000915527344,44.689998626708984,2269400
2004-04-21,44.15999984741211,44.29999923706055,42.91999816894531,44.29999923706055,3492900
2004-04-22,44.560001373291016,44.619998931884766,43.040000915527344,44.15999984741211,2664000
2004-04-23,44.29999923706055,44.54999923706055,43.86000061035156,44.43000030517578,1044900
2004-04-26,43.77000045776367,44.689998626708984,43.63999938964844,44.47999954223633,2457000
2004-04-27,43.66999816894531,44.189998626708984,43.459999084472656,43.77000045776367,2153900
2004-04-28,43.45000076293945,43.90999984741211,43.2599983215332,43.72999954223633,3217100
2004-04-29,43.130001068115234,43.459999084472656,42.7599983215332,43.45000076293945,2374900
2004-04-30,42.66999816894531,43.29999923706055,42.459999084472656,43.150001525878906,2038300
2004-05-03,42.689998626708984,42.900001525878906,42.470001220703125,42.66999816894531,1910100
2004-05-04,43.0099983215332,43.29999923706055,42.81999969482422,43.0,2447200
2004-05-05,43.20000076293945,43.33000183105469,42.77000045776367,43.20000076293945,2317000
2004-05-06,42.66999816894531,42.95000076293945,42.439998626708984,42.95000076293945,1617200
2004-05-07,41.5,42.380001068115234,41.38999938964844,42.25,2526700
2004-05-10,40.70000076293945,41.0,40.400001525878906,40.900001525878906,3053400
2004-05-11,40.97999954223633,41.0,40.459999084472656,40.54999923706055,2202300
2004-05-12,40.91999816894531,41.130001068115234,40.04999923706055,41.0,3161700
2004-05-13,40.9900016784668,41.040000915527344,40.439998626708984,40.79999923706055,1823600
2004-05-14,41.130001068115234,41.2400016784668,40.4900016784668,40.849998474121094,2172200
2004-05-17,40.150001525878906,40.5,40.04999923706055,40.5,2687300
2004-05-18,40.38999938964844,40.709999084472656,40.15999984741211,40.40999984741211,2511800
2004-05-19,40.25,41.310001373291016,40.099998474121094,41.09000015258789,2732400
2004-05-20,40.29999923706055,40.689998626708984,40.16999816894531,40.349998474121094,1790300
2004-05-21,40.900001525878906,41.099998474121094,40.599998474121094,40.650001525878906,2110700
2004-05-24,41.310001373291016,41.470001220703125,41.22999954223633,41.25,3267000
2004-05-25,41.83000183105469,41.880001068115234,41.20000076293945,41.31999969482422,2467200
2004-05-26,42.029998779296875,42.34000015258789,41.95000076293945,42.099998474121094,3380500
2004-05-27,42.72999954223633,42.779998779296875,42.34000015258789,42.5,2124600
2004-05-28,42.61000061035156,42.9900016784668,42.61000061035156,42.79999923706055,1326500
2004-06-01,42.349998474121094,42.65999984741211,41.93000030517578,42.619998931884766,1566100
2004-06-02,41.970001220703125,42.599998474121094,41.849998474121094,42.5,2561200
2004-06-03,41.619998931884766,42.08000183105469,41.54999923706055,41.970001220703125,1845900
2004-06-04,42.119998931884766,42.5,41.97999954223633,42.0,2300100
2004-06-07,42.88999938964844,42.95000076293945,42.369998931884766,42.369998931884766,1803800
2004-06-08,43.27000045776367,43.34000015258789,42.45000076293945,42.45000076293945,1956800
2004-06-09,43.099998474121094,43.599998474121094,43.02000045776367,43.29999923706055,3053100
2004-06-10,43.349998474121094,43.529998779296875,43.11000061035156,43.45000076293945,1771100
2004-06-14,43.0099983215332,43.40999984741211,42.97999954223633,43.349998474121094,1451800
2004-06-15,43.599998474121094,43.689998626708984,43.33000183105469,43.45000076293945,2681000
2004-06-16,43.560001373291016,44.08000183105469,43.290000915527344,43.599998474121094,1984600
2004-06-17,45.209999084472656,45.29999923706055,44.02000045776367,44.599998474121094,5710700
2004-06-18,45.25,45.43000030517578,44.79999923706055,45.0,2422700
2004-06-21,45.63999938964844,45.68000030517578,45.18000030517578,45.2599983215332,2075900
2004-06-22,45.66999816894531,45.709999084472656,45.02000045776367,45.150001525878906,2170300
2004-06-23,46.599998474121094,46.63999938964844,45.540000915527344,45.58000183105469,3450200
2004-06-24,46.7400016784668,46.7400016784668,46.27000045776367,46.47999954223633,2978200
2004-06-25,46.93000030517578,46.97999954223633,46.52000045776367,46.66999816894531,2925100
2004-06-28,47.0,47.18000030517578,46.81999969482422,46.93000030517578,2632900
2004-06-29,46.97999954223633,47.099998474121094,46.869998931884766,47.0099983215332,1596500
2004-06-30,47.0,47.060001373291016,46.61000061035156,46.880001068115234,1987400
2004-07-01,47.810001373291016,47.91999816894531,46.970001220703125,47.0099983215332,3644500
2004-07-02,47.810001373291016,48.04999923706055,47.5,47.779998779296875,3724000
2004-07-06,47.65999984741211,48.0,47.31999969482422,47.5099983215332,2629700
2004-07-07,47.560001373291016,47.70000076293945,47.400001525878906,47.5,1818500
2004-07-08,46.75,47.5,46.75,47.5,3414000
2004-07-09,46.5,46.86000061035156,46.27000045776367,46.75,3351800
2004-07-12,46.59000015258789,46.86000061035156,46.31999969482422,46.61000061035156,2099900
2004-07-13,46.209999084472656,46.470001220703125,46.119998931884766,46.25,2148400
2004-07-14,45.900001525878906,46.47999954223633,45.84000015258789,46.209999084472656,2522400
2004-07-15,45.810001373291016,46.18000030517578,45.7599983215332,45.900001525878906,2106200
2004-07-16,45.68000030517578,46.20000076293945,45.650001525878906,46.20000076293945,1467300
2004-07-19,45.68000030517578,46.16999816894531,45.619998931884766,45.81999969482422,1188900
2004-07-20,45.970001220703125,46.310001373291016,45.529998779296875,45.560001373291016,1893700
2004-07-21,45.41999816894531,46.279998779296875,45.41999816894531,46.099998474121094,1244100
2004-07-22,45.34000015258789,45.540000915527344,44.7599983215332,45.31999969482422,1947900
2004-07-23,44.38999938964844,45.04999923706055,44.369998931884766,45.0099983215332,1599000
2004-07-26,44.0,44.58000183105469,43.880001068115234,44.47999954223633,1853600
2004-07-27,45.459999084472656,45.970001220703125,44.029998779296875,44.029998779296875,3298700
2004-07-28,46.06999969482422,46.619998931884766,45.310001373291016,46.5,3859600
2004-07-29,46.77000045776367,46.88999938964844,46.099998474121094,46.099998474121094,2774900
2004-07-30,46.61000061035156,46.900001525878906,46.5,46.7599983215332,1867400
2004-08-02,46.40999984741211,46.5099983215332,45.95000076293945,46.470001220703125,1024200
2004-08-03,45.65999984741211,46.459999084472656,45.599998474121094,46.220001220703125,1310300
2004-08-04,45.65999984741211,45.810001373291016,45.119998931884766,45.119998931884766,2538000
2004-08-05,44.45000076293945,45.52000045776367,44.369998931884766,45.5099983215332,1730000
2004-08-06,43.599998474121094,44.45000076293945,43.40999984741211,44.439998626708984,2681900
2004-08-09,43.31999969482422,43.81999969482422,43.220001220703125,43.599998474121094,1396500
2004-08-10,44.0,44.0,43.54999923706055,43.599998474121094,1218800
2004-08-11,43.689998626708984,43.79999923706055,43.15999984741211,43.79999923706055,1683300
2004-08-12,42.95000076293945,43.59000015258789,42.540000915527344,43.45000076293945,2410100
2004-08-13,43.38999938964844,43.560001373291016,43.040000915527344,43.470001220703125,2043200
2004-08-16,43.959999084472656,44.060001373291016,43.220001220703125,43.4900016784668,1409200
2004-08-17,44.34000015258789,44.75,44.11000061035156,44.7400016784668,2599800
2004-08-18,44.630001068115234,44.65999984741211,44.02000045776367,44.099998474121094,1472600
2004-08-19,44.900001525878906,45.15999984741211,44.63999938964844,44.79999923706055,1840100
2004-08-20,44.75,45.04999923706055,44.720001220703125,44.86000061035156,1641200
2004-08-23,44.599998474121094,45.0,44.599998474121094,44.79999923706055,2272600
2004-08-24,44.59000015258789,44.93000030517578,44.400001525878906,44.79999923706055,1387800
2004-08-25,45.18000030517578,45.25,44.45000076293945,44.70000076293945,1450600
2004-08-26,45.25,45.25,44.84000015258789,45.029998779296875,1894700
2004-08-27,45.36000061035156,45.459999084472656,45.08000183105469,45.150001525878906,1007000
2004-08-30,45.22999954223633,45.529998779296875,45.119998931884766,45.36000061035156,918600
2004-08-31,45.790000915527344,45.790000915527344,45.22999954223633,45.459999084472656,1367300
2004-09-01,45.63999938964844,45.79999923706055,45.290000915527344,45.65999984741211,1549500
2004-09-02,46.45000076293945,46.470001220703125,45.29999923706055,45.400001525878906,1705000
2004-09-03,46.459999084472656,46.52000045776367,46.02000045776367,46.150001525878906,1271600
2004-09-07,46.970001220703125,47.150001525878906,46.630001068115234,46.630001068115234,2793500
2004-09-08,46.93000030517578,47.04999923706055,46.790000915527344,46.970001220703125,2699500
2004-09-09,46.65999984741211,47.02000045776367,46.0099983215332,46.939998626708984,3280600
2004-09-10,46.93000030517578,47.15999984741211,46.529998779296875,46.810001373291016,2189000
2004-09-13,47.220001220703125,47.29999923706055,46.849998474121094,46.939998626708984,1950000
2004-09-14,47.43000030517578,47.43000030517578,47.04999923706055,47.33000183105469,1448100
2004-09-15,47.27000045776367,47.459999084472656,46.86000061035156,47.08000183105469,2090000
2004-09-16,48.04999923706055,48.22999954223633,47.16999816894531,47.27000045776367,5240800
2004-09-17,48.310001373291016,49.13999938964844,47.709999084472656,47.88999938964844,5439100
2004-09-20,47.61000061035156,48.11000061035156,47.560001373291016,48.099998474121094,2072600
2004-09-21,48.27000045776367,48.58000183105469,47.86000061035156,47.880001068115234,3424600
2004-09-22,47.900001525878906,48.119998931884766,47.75,48.0,2611600
2004-09-23,47.810001373291016,48.08000183105469,47.52000045776367,47.91999816894531,2034100
2004-09-24,47.939998626708984,48.13999938964844,47.68000030517578,47.70000076293945,1325700
2004-09-27,47.7599983215332,47.939998626708984,47.47999954223633,47.939998626708984,1537300
2004-09-28,47.59000015258789,48.02000045776367,47.310001373291016,47.88999938964844,2012500
2004-09-29,47.38999938964844,47.5,47.029998779296875,47.25,2315700
2004-09-30,47.290000915527344,47.93000030517578,47.040000915527344,47.470001220703125,3110500
2004-10-01,47.84000015258789,48.02000045776367,47.290000915527344,47.52000045776367,2098700
2004-10-04,49.029998779296875,49.040000915527344,48.349998474121094,48.70000076293945,3367500
2004-10-05,48.9900016784668,49.5,48.56999969482422,48.900001525878906,2866600
2004-10-06,49.099998474121094,49.15999984741211,48.75,48.810001373291016,2647100
2004-10-07,48.88999938964844,49.13999938964844,48.83000183105469,49.099998474121094,1582500
2004-10-08,48.79999923706055,49.040000915527344,48.58000183105469,48.599998474121094,2026500
2004-10-11,48.83000183105469,49.06999969482422,48.7599983215332,48.9900016784668,771400
2004-10-12,48.5099983215332,48.61000061035156,48.119998931884766,48.54999923706055,1982600
2004-10-13,48.459999084472656,49.04999923706055,48.22999954223633,48.7599983215332,1733700
2004-10-14,48.869998931884766,48.9900016784668,48.5099983215332,48.58000183105469,1958200
2004-10-15,48.97999954223633,49.369998931884766,48.90999984741211,49.099998474121094,2432300
2004-10-18,49.150001525878906,49.279998779296875,48.88999938964844,49.04999923706055,1590500
2004-10-19,48.81999969482422,49.7400016784668,48.560001373291016,49.5,2529600
2004-10-20,49.7400016784668,49.77000045776367,48.529998779296875,48.529998779296875,2887800
2004-10-21,49.349998474121094,49.959999084472656,48.560001373291016,49.95000076293945,2954700
2004-10-22,49.16999816894531,49.95000076293945,49.0,49.779998779296875,2788200
2004-10-25,50.08000183105469,50.130001068115234,49.650001525878906,49.650001525878906,5034600
2004-10-26,50.459999084472656,50.4900016784668,50.0,50.099998474121094,3224800
2004-10-27,50.560001373291016,50.650001525878906,49.97999954223633,50.470001220703125,2799400
2004-10-28,50.65999984741211,50.72999954223633,50.33000183105469,50.72999954223633,2043900
2004-10-29,50.560001373291016,50.75,50.119998931884766,50.5,2598000
2004-11-01,51.0,51.06999969482422,50.54999923706055,50.70000076293945,1704600
2004-11-02,51.63999938964844,51.91999816894531,51.310001373291016,51.36000061035156,2670600
2004-11-03,52.0,52.06999969482422,51.599998474121094,51.95000076293945,1929700
2004-11-04,52.56999969482422,52.869998931884766,51.70000076293945,51.81999969482422,1970300
2004-11-05,52.5,52.86000061035156,52.31999969482422,52.72999954223633,2248900
2004-11-08,51.650001525878906,52.45000076293945,51.599998474121094,52.45000076293945,2220300
2004-11-09,52.16999816894531,52.400001525878906,51.79999923706055,51.79999923706055,1889300
2004-11-10,52.599998474121094,53.099998474121094,52.439998626708984,52.5,2623000
2004-11-11,53.0,53.279998779296875,52.900001525878906,53.119998931884766,2576200
2004-11-12,53.650001525878906,53.650001525878906,53.29999923706055,53.45000076293945,3174000
2004-11-15,52.619998931884766,53.56999969482422,52.5,53.5,1917800
2004-11-16,52.04999923706055,52.75,51.939998626708984,52.599998474121094,2347500
2004-11-17,51.619998931884766,52.459999084472656,51.45000076293945,52.369998931884766,2979200
2004-11-18,51.5099983215332,51.970001220703125,51.150001525878906,51.810001373291016,3071300
2004-11-19,50.900001525878906,51.68000030517578,50.630001068115234,51.529998779296875,2418700
2004-11-22,50.70000076293945,50.900001525878906,50.56999969482422,50.900001525878906,2328900
2004-11-23,51.970001220703125,51.97999954223633,50.869998931884766,50.869998931884766,2962700
2004-11-24,53.08000183105469,53.099998474121094,52.04999923706055,52.04999923706055,2305900
2004-11-26,52.869998931884766,53.27000045776367,52.84000015258789,53.08000183105469,603500
2004-11-29,53.16999816894531,53.349998474121094,52.83000183105469,52.880001068115234,2214700
2004-11-30,53.0099983215332,53.2599983215332,52.779998779296875,53.16999816894531,2818800
2004-12-01,53.849998474121094,53.93000030517578,53.25,53.25,3435900
2004-12-02,54.310001373291016,54.45000076293945,53.880001068115234,53.880001068115234,2724500
2004-12-03,54.619998931884766,54.880001068115234,54.22999954223633,54.54999923706055,2621000
2004-12-06,55.06999969482422,55.099998474121094,54.5,54.650001525878906,3036100
2004-12-07,54.75,55.41999816894531,54.54999923706055,55.400001525878906,2862200
2004-12-08,54.77000045776367,54.77000045776367,54.31999969482422,54.540000915527344,1892700
2004-12-09,54.56999969482422,54.56999969482422,53.77000045776367,54.310001373291016,2308200
2004-12-10,54.650001525878906,54.90999984741211,54.22999954223633,54.45000076293945,1457500
2004-12-13,55.2599983215332,55.459999084472656,54.790000915527344,55.13999938964844,2118400
2004-12-14,55.400001525878906,55.650001525878906,55.29999923706055,55.33000183105469,2433000
2004-12-15,54.849998474121094,55.720001220703125,54.849998474121094,55.650001525878906,2271300
2004-12-16,55.81999969482422,56.20000076293945,55.40999984741211,55.599998474121094,4407000
2004-12-17,56.47999954223633,56.84000015258789,56.060001373291016,56.06999969482422,4033100
2004-12-20,56.95000076293945,57.2400016784668,56.540000915527344,56.54999923706055,1949800
2004-12-21,57.400001525878906,57.4900016784668,57.15999984741211,57.25,3873700
2004-12-22,57.91999816894531,58.150001525878906,57.70000076293945,57.88999938964844,2210600
2004-12-23,57.95000076293945,58.2599983215332,57.95000076293945,58.150001525878906,759800
2004-12-27,57.7400016784668,58.349998474121094,57.7400016784668,58.099998474121094,884100
2004-12-28,58.7400016784668,58.75,57.9900016784668,58.0099983215332,1692200
2004-12-29,58.31999969482422,58.650001525878906,58.119998931884766,58.4900016784668,1831900
2004-12-30,58.130001068115234,58.4900016784668,58.060001373291016,58.4900016784668,1006200
2004-12-31,57.630001068115234,58.34000015258789,57.400001525878906,58.310001373291016,1845400
2005-01-03,57.310001373291016,58.2400016784668,57.119998931884766,58.2400016784668,1970700
2005-01-04,57.04999923706055,57.849998474121094,57.029998779296875,57.470001220703125,3762600
2005-01-05,56.95000076293945,57.27000045776367,56.61000061035156,56.849998474121094,2902500
2005-01-06,57.36000061035156,57.47999954223633,56.72999954223633,56.95000076293945,4984900
2005-01-07,57.5,57.880001068115234,56.79999923706055,57.599998474121094,2670900
2005-01-10,56.790000915527344,57.380001068115234,56.75,57.290000915527344,2669400
2005-01-11,56.09000015258789,56.790000915527344,55.900001525878906,56.790000915527344,3142600
2005-01-12,56.130001068115234,56.22999954223633,55.560001373291016,56.09000015258789,2798000
2005-01-13,56.31999969482422,56.5,55.86000061035156,56.029998779296875,2704900
2005-01-14,57.2400016784668,57.2599983215332,56.58000183105469,56.70000076293945,4327500
2005-01-18,57.91999816894531,57.95000076293945,56.650001525878906,56.79999923706055,2918700
2005-01-19,58.45000076293945,58.97999954223633,58.0,58.400001525878906,4495800
2005-01-20,57.81999969482422,58.20000076293945,57.5,57.599998474121094,3889000
2005-01-21,56.810001373291016,58.040000915527344,56.70000076293945,57.75,3642100
2005-01-24,55.2599983215332,56.849998474121094,54.779998779296875,56.81999969482422,6896900
2005-01-25,55.130001068115234,55.75,54.9900016784668,55.45000076293945,3820500
2005-01-26,56.33000183105469,56.4900016784668,55.5,55.54999923706055,4486500
2005-01-27,56.95000076293945,57.11000061035156,55.83000183105469,56.16999816894531,3221800
2005-01-28,56.720001220703125,56.95000076293945,56.060001373291016,56.95000076293945,2790900
2005-01-31,57.599998474121094,57.70000076293945,56.970001220703125,56.970001220703125,3672100
2005-02-01,56.72999954223633,56.9900016784668,55.88999938964844,56.79999923706055,4487600
2005-02-02,56.540000915527344,57.029998779296875,56.2599983215332,57.0,1870700
2005-02-03,56.029998779296875,56.63999938964844,55.619998931884766,56.5099983215332,2228500
2005-02-04,56.5099983215332,56.5099983215332,55.90999984741211,55.90999984741211,1890700
2005-02-07,56.849998474121094,57.13999938964844,56.099998474121094,56.400001525878906,1880400
2005-02-08,55.900001525878906,56.70000076293945,55.52000045776367,56.650001525878906,2237800
2005-02-09,55.5,56.209999084472656,55.43000030517578,56.0,3030000
2005-02-10,54.720001220703125,55.91999816894531,54.4900016784668,55.720001220703125,6392800
2005-02-11,55.54999923706055,55.7599983215332,54.40999984741211,54.40999984741211,4679100
2005-02-14,55.720001220703125,56.43000030517578,55.4900016784668,55.689998626708984,1980800
2005-02-15,56.540000915527344,56.599998474121094,55.779998779296875,56.02000045776367,3590300
2005-02-16,56.349998474121094,56.4900016784668,55.90999984741211,56.2400016784668,1852200
2005-02-17,56.060001373291016,56.4900016784668,56.02000045776367,56.349998474121094,2371000
2005-02-18,55.63999938964844,56.029998779296875,55.63999938964844,55.86000061035156,1319400
2005-02-22,53.9900016784668,55.20000076293945,53.90999984741211,55.20000076293945,2702100
2005-02-23,53.7400016784668,54.349998474121094,48.900001525878906,54.20000076293945,2667200
2005-02-24,53.939998626708984,54.06999969482422,53.349998474121094,53.7400016784668,2920000
2005-02-25,54.75,54.959999084472656,54.0099983215332,54.06999969482422,2746400
2005-02-28,54.380001068115234,54.650001525878906,53.59000015258789,54.650001525878906,2418200
2005-03-01,54.400001525878906,54.54999923706055,54.20000076293945,54.29999923706055,2070800
2005-03-02,54.29999923706055,54.650001525878906,53.869998931884766,54.0,1640300
2005-03-03,53.709999084472656,54.310001373291016,53.529998779296875,54.310001373291016,2003600
2005-03-04,53.779998779296875,54.5,53.77000045776367,54.36000061035156,2717100
2005-03-07,54.4900016784668,54.560001373291016,54.150001525878906,54.15999984741211,3073800
2005-03-08,54.5,55.06999969482422,54.310001373291016,54.650001525878906,2283400
2005-03-09,53.45000076293945,54.310001373291016,53.310001373291016,54.29999923706055,2538000
2005-03-10,53.66999816894531,54.13999938964844,53.25,53.849998474121094,3294700
2005-03-11,53.869998931884766,54.790000915527344,53.70000076293945,54.400001525878906,3305300
2005-03-14,54.06999969482422,54.34000015258789,53.599998474121094,54.130001068115234,2992700
2005-03-15,54.5099983215332,55.099998474121094,54.5,54.81999969482422,3368400
2005-03-16,55.20000076293945,55.43000030517578,54.5099983215332,54.52000045776367,3660600
2005-03-17,55.400001525878906,55.7400016784668,54.90999984741211,55.400001525878906,4041200
2005-03-18,54.83000183105469,55.959999084472656,54.52000045776367,55.79999923706055,11526900
2005-03-21,51.59000015258789,54.31999969482422,51.220001220703125,54.25,10660900
2005-03-22,52.54999923706055,52.95000076293945,51.599998474121094,52.099998474121094,7339700
2005-03-23,51.88999938964844,52.54999923706055,51.880001068115234,52.54999923706055,4467000
2005-03-24,51.130001068115234,51.970001220703125,51.06999969482422,51.790000915527344,2555400
2005-03-28,51.540000915527344,51.630001068115234,51.220001220703125,51.2599983215332,2632400
2005-03-29,51.52000045776367,52.040000915527344,51.47999954223633,51.540000915527344,3469800
2005-03-30,51.900001525878906,51.900001525878906,51.290000915527344,51.5,1774300
2005-03-31,51.810001373291016,51.959999084472656,51.5,51.900001525878906,3609300
2005-04-01,50.779998779296875,51.779998779296875,50.650001525878906,51.77000045776367,2756600
2005-04-04,50.220001220703125,50.5,49.849998474121094,50.5,2943800
2005-04-05,51.099998474121094,51.16999816894531,50.20000076293945,50.2400016784668,3028400
2005-04-06,51.2599983215332,51.5099983215332,51.150001525878906,51.290000915527344,2232300
2005-04-07,51.27000045776367,51.400001525878906,50.5,51.16999816894531,2986400
2005-04-08,50.93000030517578,51.650001525878906,50.790000915527344,51.5,2564700
2005-04-11,50.5,51.060001373291016,50.38999938964844,51.0,2300300
2005-04-12,50.70000076293945,50.93000030517578,50.0,50.5,2134400
2005-04-13,50.130001068115234,51.22999954223633,49.88999938964844,50.79999923706055,3267600
2005-04-14,49.68000030517578,50.91999816894531,49.529998779296875,50.209999084472656,2992300
2005-04-15,48.650001525878906,49.779998779296875,48.59000015258789,49.66999816894531,2612500
2005-04-18,49.0099983215332,49.40999984741211,48.709999084472656,48.720001220703125,2723100
2005-04-19,48.95000076293945,49.400001525878906,48.91999816894531,49.279998779296875,3158700
2005-04-20,47.90999984741211,49.150001525878906,47.900001525878906,49.150001525878906,4483900
2005-04-21,49.97999954223633,50.20000076293945,48.43000030517578,48.5,4943300
2005-04-22,49.209999084472656,50.529998779296875,48.84000015258789,50.04999923706055,2844400
2005-04-25,49.16999816894531,49.61000061035156,48.97999954223633,49.29999923706055,2093300
2005-04-26,47.849998474121094,48.709999084472656,47.84000015258789,48.70000076293945,4216200
2005-04-27,47.099998474121094,47.529998779296875,46.810001373291016,47.52000045776367,6916200
2005-04-28,47.900001525878906,48.150001525878906,46.7599983215332,47.04999923706055,5325000
2005-04-29,48.880001068115234,48.880001068115234,47.93000030517578,48.25,4446200
2005-05-02,48.81999969482422,49.220001220703125,48.650001525878906,48.790000915527344,2951800
2005-05-03,48.88999938964844,49.130001068115234,48.5,48.75,2638500
2005-05-04,50.04999923706055,50.04999923706055,48.869998931884766,49.13999938964844,2636700
2005-05-05,50.099998474121094,50.459999084472656,49.83000183105469,50.04999923706055,2484200
2005-05-06,50.040000915527344,50.34000015258789,49.9900016784668,50.15999984741211,1812200
2005-05-09,49.84000015258789,49.90999984741211,49.4900016784668,49.900001525878906,1976700
2005-05-10,49.0,49.439998626708984,48.86000061035156,49.400001525878906,2994000
2005-05-11,49.40999984741211,49.599998474121094,48.599998474121094,48.95000076293945,2440200
2005-05-12,49.43000030517578,49.5,49.130001068115234,49.45000076293945,2639600
2005-05-13,49.66999816894531,50.13999938964844,49.25,49.25,2974700
2005-05-16,51.060001373291016,51.18000030517578,49.869998931884766,49.869998931884766,2529500
2005-05-17,52.0,52.11000061035156,51.09000015258789,51.09000015258789,2856800
2005-05-18,52.95000076293945,53.0099983215332,51.34000015258789,51.63999938964844,5332200
2005-05-19,53.029998779296875,53.119998931884766,52.099998474121094,52.41999816894531,3218000
2005-05-20,52.459999084472656,52.810001373291016,52.04999923706055,52.79999923706055,2560800
2005-05-23,53.2599983215332,53.41999816894531,52.560001373291016,52.90999984741211,1488700
2005-05-24,52.65999984741211,52.849998474121094,52.400001525878906,52.75,3455500
2005-05-25,52.22999954223633,52.54999923706055,51.9900016784668,52.459999084472656,2864200
2005-05-26,53.13999938964844,53.150001525878906,52.38999938964844,52.47999954223633,4004600
2005-05-27,52.84000015258789,52.9900016784668,52.5099983215332,52.9900016784668,1011600
2005-05-31,52.900001525878906,52.970001220703125,52.459999084472656,52.52000045776367,2853500
2005-06-01,53.11000061035156,53.75,52.650001525878906,52.900001525878906,3310400
2005-06-02,53.220001220703125,53.290000915527344,52.75,53.13999938964844,1842900
2005-06-03,52.29999923706055,53.18000030517578,52.279998779296875,52.970001220703125,2110400
2005-06-06,52.25,52.650001525878906,51.97999954223633,52.45000076293945,2015200
2005-06-07,52.06999969482422,52.619998931884766,52.06999969482422,52.439998626708984,3082200
2005-06-08,51.4900016784668,52.43000030517578,51.33000183105469,52.099998474121094,3169300
2005-06-09,51.630001068115234,51.95000076293945,51.18000030517578,51.29999923706055,1847300
2005-06-10,51.0,51.599998474121094,50.720001220703125,51.5,3198800
2005-06-13,50.900001525878906,51.380001068115234,50.56999969482422,50.900001525878906,2175000
2005-06-14,51.45000076293945,53.720001220703125,51.0,51.04999923706055,3821000
2005-06-15,52.02000045776367,52.18000030517578,51.560001373291016,51.59000015258789,3952900
2005-06-16,54.33000183105469,54.91999816894531,52.22999954223633,52.400001525878906,5902300
2005-06-17,55.540000915527344,55.54999923706055,54.75,55.18000030517578,4706800
2005-06-20,55.5,55.75,55.09000015258789,55.25,3717300
2005-06-21,55.31999969482422,55.68000030517578,55.150001525878906,55.25,2461000
2005-06-22,55.130001068115234,55.61000061035156,55.09000015258789,55.349998474121094,2882400
2005-06-23,54.15999984741211,55.4900016784668,54.08000183105469,55.290000915527344,2415800
2005-06-24,55.119998931884766,55.36000061035156,54.2400016784668,54.2400016784668,2737300
2005-06-27,54.630001068115234,54.93000030517578,54.54999923706055,54.900001525878906,1692600
2005-06-28,55.119998931884766,55.279998779296875,53.84000015258789,54.25,2410400
2005-06-29,55.029998779296875,55.22999954223633,54.45000076293945,54.88999938964844,1907800
2005-06-30,54.54999923706055,55.150001525878906,54.41999816894531,55.040000915527344,1988600
2005-07-01,54.720001220703125,54.88999938964844,54.58000183105469,54.66999816894531,1175600
2005-07-05,55.279998779296875,55.56999969482422,54.119998931884766,54.470001220703125,2086500
2005-07-06,54.13999938964844,54.95000076293945,54.13999938964844,54.75,1543300
2005-07-07,54.65999984741211,54.75,52.619998931884766,52.68000030517578,7234400
2005-07-08,54.7400016784668,54.900001525878906,54.209999084472656,54.560001373291016,2482300
2005-07-11,54.95000076293945,55.16999816894531,54.529998779296875,54.84000015258789,1237500
2005-07-12,54.86000061035156,55.119998931884766,54.59000015258789,54.959999084472656,1461900
2005-07-13,54.5099983215332,54.900001525878906,54.34000015258789,54.779998779296875,1330400
2005-07-14,54.349998474121094,54.790000915527344,54.349998474121094,54.5,1635800
2005-07-15,54.380001068115234,54.59000015258789,54.119998931884766,54.349998474121094,2699400
2005-07-18,53.9900016784668,54.31999969482422,53.939998626708984,54.209999084472656,1685400
2005-07-19,54.27000045776367,54.439998626708984,53.54999923706055,54.0,2202400
2005-07-20,54.380001068115234,54.68000030517578,53.5,53.939998626708984,2118800
2005-07-21,54.349998474121094,54.7400016784668,53.939998626708984,54.380001068115234,2110500
2005-07-22,53.81999969482422,54.349998474121094,53.61000061035156,54.349998474121094,1341600
2005-07-25,53.45000076293945,54.0099983215332,53.369998931884766,53.81999969482422,1281800
2005-07-26,53.45000076293945,53.779998779296875,53.310001373291016,53.4900016784668,1383600
2005-07-27,53.310001373291016,53.720001220703125,52.900001525878906,53.65999984741211,1982900
2005-07-28,53.41999816894531,53.54999923706055,53.15999984741211,53.459999084472656,1436700
2005-07-29,52.400001525878906,53.20000076293945,52.38999938964844,53.13999938964844,1911400
2005-08-01,51.7599983215332,52.66999816894531,51.70000076293945,52.54999923706055,2141100
2005-08-02,51.95000076293945,51.970001220703125,51.529998779296875,51.95000076293945,2229500
2005-08-03,51.63999938964844,52.150001525878906,51.5,51.95000076293945,1371900
2005-08-04,51.54999923706055,51.63999938964844,51.25,51.279998779296875,3150500
2005-08-05,51.7599983215332,52.0,51.619998931884766,52.0,4522000
2005-08-08,52.20000076293945,52.5,52.099998474121094,52.34000015258789,2368700
2005-08-09,52.470001220703125,52.58000183105469,52.2599983215332,52.34000015258789,2187700
2005-08-10,51.790000915527344,53.029998779296875,51.70000076293945,52.72999954223633,3087300
2005-08-11,51.150001525878906,52.16999816894531,50.83000183105469,52.029998779296875,3238200
2005-08-12,50.459999084472656,51.0099983215332,50.25,51.0,3010500
2005-08-15,50.22999954223633,50.459999084472656,50.02000045776367,50.29999923706055,2411200
2005-08-16,49.310001373291016,50.349998474121094,49.209999084472656,50.22999954223633,3520400
2005-08-17,49.790000915527344,49.900001525878906,49.119998931884766,49.119998931884766,3422300
2005-08-18,50.93000030517578,51.18000030517578,49.810001373291016,49.810001373291016,3948200
2005-08-19,50.93000030517578,51.2599983215332,50.52000045776367,51.18000030517578,1998300
2005-08-22,51.130001068115234,51.4900016784668,50.779998779296875,50.93000030517578,1570700
2005-08-23,51.33000183105469,51.470001220703125,51.06999969482422,51.34000015258789,1657700
2005-08-24,50.33000183105469,51.45000076293945,50.27000045776367,51.33000183105469,2360500
2005-08-25,50.290000915527344,50.880001068115234,49.970001220703125,50.650001525878906,1711500
2005-08-26,49.7400016784668,50.5099983215332,49.54999923706055,50.400001525878906,2850400
2005-08-29,50.099998474121094,50.20000076293945,49.099998474121094,49.099998474121094,2168000
2005-08-30,49.09000015258789,49.97999954223633,48.7599983215332,49.95000076293945,4934900
2005-08-31,49.34000015258789,49.349998474121094,48.81999969482422,49.130001068115234,2350000
2005-09-01,48.52000045776367,49.650001525878906,48.25,49.34000015258789,3805200
2005-09-02,48.2400016784668,48.689998626708984,48.209999084472656,48.5,2609600
2005-09-06,49.349998474121094,49.380001068115234,48.38999938964844,48.38999938964844,4848100
2005-09-07,49.869998931884766,50.06999969482422,49.06999969482422,49.34000015258789,4591900
2005-09-08,49.41999816894531,49.779998779296875,49.31999969482422,49.77000045776367,2218800
2005-09-09,49.70000076293945,49.91999816894531,49.380001068115234,49.7400016784668,1883700
2005-09-12,51.0,51.09000015258789,50.2599983215332,50.439998626708984,3907500
2005-09-13,50.220001220703125,50.72999954223633,50.209999084472656,50.650001525878906,2524000
2005-09-14,49.70000076293945,50.79999923706055,49.619998931884766,50.40999984741211,3076100
2005-09-15,49.65999984741211,50.0,49.4900016784668,49.95000076293945,2768600
2005-09-16,49.029998779296875,49.900001525878906,49.0,49.66999816894531,10817200
2005-09-19,50.779998779296875,51.27000045776367,49.40999984741211,49.40999984741211,6191300
2005-09-20,49.75,51.220001220703125,49.70000076293945,50.900001525878906,3982000
2005-09-21,48.79999923706055,49.709999084472656,48.7400016784668,49.70000076293945,3153900
2005-09-22,49.0099983215332,49.529998779296875,48.5,48.79999923706055,2287700
2005-09-23,49.630001068115234,49.91999816894531,48.79999923706055,48.970001220703125,2309400
2005-09-26,50.45000076293945,50.91999816894531,49.97999954223633,50.0,2914600
2005-09-27,49.59000015258789,50.189998626708984,49.58000183105469,50.189998626708984,1586800
2005-09-28,49.099998474121094,50.0099983215332,49.099998474121094,49.95000076293945,2092000
2005-09-29,49.06999969482422,49.349998474121094,48.72999954223633,49.20000076293945,2910800
2005-09-30,49.97999954223633,50.08000183105469,48.970001220703125,48.970001220703125,2467000
2005-10-03,49.4900016784668,50.0,49.400001525878906,49.689998626708984,2256200
2005-10-04,49.560001373291016,50.25,49.52000045776367,49.849998474121094,3030600
2005-10-05,48.5,49.34000015258789,48.459999084472656,49.25,2891600
2005-10-06,48.279998779296875,48.689998626708984,47.9900016784668,48.52000045776367,4319400
2005-10-07,48.06999969482422,48.310001373291016,47.939998626708984,48.310001373291016,3221800
2005-10-10,47.470001220703125,47.91999816894531,47.0,47.90999984741211,4306400
2005-10-11,47.5,47.880001068115234,47.25,47.54999923706055,4806500
2005-10-12,46.75,47.34000015258789,46.349998474121094,47.33000183105469,5082900
2005-10-13,46.63999938964844,46.84000015258789,46.04999923706055,46.75,4538200
2005-10-14,47.540000915527344,47.58000183105469,46.5,46.7400016784668,3371600
2005-10-17,47.11000061035156,47.20000076293945,46.56999969482422,46.81999969482422,3093000
2005-10-18,46.54999923706055,46.810001373291016,46.40999984741211,46.79999923706055,3827700
2005-10-19,47.810001373291016,47.900001525878906,45.779998779296875,46.08000183105469,5513200
2005-10-20,47.439998626708984,48.0,47.20000076293945,47.400001525878906,3614900
2005-10-21,47.75,47.83000183105469,47.349998474121094,47.349998474121094,3390300
2005-10-24,49.349998474121094,49.400001525878906,48.0099983215332,48.02000045776367,4034200
2005-10-25,49.97999954223633,49.9900016784668,49.11000061035156,49.119998931884766,3680800
2005-10-26,49.439998626708984,49.79999923706055,49.2599983215332,49.72999954223633,3819500
2005-10-27,48.36000061035156,49.349998474121094,48.209999084472656,49.189998626708984,3673700
2005-10-28,48.720001220703125,48.959999084472656,47.95000076293945,48.369998931884766,3895300
2005-10-31,49.66999816894531,49.91999816894531,48.959999084472656,49.0,3443700
2005-11-01,50.52000045776367,50.65999984741211,49.52000045776367,49.619998931884766,3705000
2005-11-02,51.869998931884766,51.91999816894531,50.45000076293945,50.5099983215332,4166600
2005-11-03,51.939998626708984,52.18000030517578,51.75,51.900001525878906,4870600
2005-11-04,52.119998931884766,52.20000076293945,51.5099983215332,51.880001068115234,2063800
2005-11-07,52.38999938964844,52.52000045776367,51.689998626708984,52.119998931884766,2183200
2005-11-08,52.33000183105469,52.4900016784668,51.880001068115234,52.400001525878906,2658100
2005-11-09,52.65999984741211,52.849998474121094,52.29999923706055,52.33000183105469,2112400
2005-11-10,53.59000015258789,53.75,52.97999954223633,53.0,2517200
2005-11-11,54.04999923706055,54.119998931884766,53.470001220703125,53.599998474121094,1558900
2005-11-14,53.29999923706055,53.540000915527344,53.20000076293945,53.529998779296875,1591200
2005-11-15,53.52000045776367,54.06999969482422,53.22999954223633,53.310001373291016,1876600
2005-11-16,52.369998931884766,53.04999923706055,52.279998779296875,53.0,2684100
2005-11-17,53.29999923706055,53.38999938964844,52.56999969482422,52.70000076293945,2459900
2005-11-18,53.279998779296875,53.529998779296875,52.869998931884766,53.529998779296875,2115400
2005-11-21,53.220001220703125,53.400001525878906,52.86000061035156,53.0,1902500
2005-11-22,53.81999969482422,53.900001525878906,52.939998626708984,52.939998626708984,1530000
2005-11-23,54.630001068115234,54.7599983215332,53.599998474121094,53.720001220703125,1846600
2005-11-25,54.15999984741211,54.63999938964844,54.150001525878906,54.63999938964844,526200
2005-11-28,54.779998779296875,54.959999084472656,54.290000915527344,54.599998474121094,1835000
2005-11-29,54.83000183105469,54.97999954223633,54.439998626708984,54.84000015258789,1526500
2005-11-30,54.4900016784668,54.880001068115234,54.349998474121094,54.599998474121094,1852400
2005-12-01,55.459999084472656,55.58000183105469,54.4900016784668,54.72999954223633,2107800
2005-12-02,56.0,56.029998779296875,55.18000030517578,55.470001220703125,1686400
2005-12-05,55.11000061035156,55.849998474121094,54.880001068115234,55.75,1679400
2005-12-06,54.83000183105469,55.56999969482422,54.75,55.09000015258789,2171800
2005-12-07,54.650001525878906,55.04999923706055,54.52000045776367,54.939998626708984,2064500
2005-12-08,54.36000061035156,54.84000015258789,54.189998626708984,54.63999938964844,2575200
2005-12-09,54.56999969482422,54.7599983215332,54.16999816894531,54.2599983215332,1785900
2005-12-12,55.040000915527344,55.189998626708984,54.88999938964844,54.95000076293945,1627100
2005-12-13,55.91999816894531,55.95000076293945,55.11000061035156,55.25,3576800
2005-12-14,55.40999984741211,55.91999816894531,55.349998474121094,55.90999984741211,2216800
2005-12-15,54.84000015258789,55.29999923706055,53.939998626708984,54.599998474121094,3020500
2005-12-16,52.650001525878906,54.22999954223633,52.09000015258789,53.90999984741211,11200800
2005-12-19,53.040000915527344,53.33000183105469,52.84000015258789,53.150001525878906,7824600
2005-12-20,53.97999954223633,54.099998474121094,53.099998474121094,53.099998474121094,2907800
2005-12-21,53.709999084472656,54.369998931884766,53.47999954223633,54.099998474121094,2024300
2005-12-22,53.869998931884766,54.060001373291016,53.529998779296875,53.709999084472656,1392200
2005-12-23,53.90999984741211,54.099998474121094,53.61000061035156,54.099998474121094,973500
2005-12-27,53.04999923706055,53.869998931884766,53.029998779296875,53.810001373291016,1300200
2005-12-28,53.380001068115234,53.619998931884766,53.2400016784668,53.45000076293945,913800
2005-12-29,53.52000045776367,54.029998779296875,53.459999084472656,53.560001373291016,997900
2005-12-30,53.470001220703125,53.619998931884766,53.38999938964844,53.40999984741211,909300
2006-01-03,54.56999969482422,54.599998474121094,53.689998626708984,53.83000183105469,2015600
2006-01-04,54.36000061035156,54.58000183105469,54.119998931884766,54.41999816894531,1984600
2006-01-05,53.790000915527344,54.529998779296875,53.619998931884766,54.380001068115234,1777000
2006-01-06,53.97999954223633,54.119998931884766,53.810001373291016,54.0,3497100
2006-01-09,54.560001373291016,54.599998474121094,54.0,54.0,1743300
2006-01-10,53.72999954223633,54.43000030517578,53.630001068115234,54.41999816894531,2393500
2006-01-11,53.88999938964844,54.29999923706055,53.81999969482422,54.02000045776367,2038100
2006-01-12,54.400001525878906,55.08000183105469,54.349998474121094,54.349998474121094,2923900
2006-01-13,55.900001525878906,56.13999938964844,55.0,55.0099983215332,3217900
2006-01-17,55.119998931884766,56.0099983215332,54.83000183105469,55.900001525878906,3354100
2006-01-18,53.689998626708984,54.810001373291016,53.4900016784668,54.400001525878906,4389400
2006-01-19,54.34000015258789,54.56999969482422,54.150001525878906,54.150001525878906,3144900
2006-01-20,53.54999923706055,54.56999969482422,53.439998626708984,54.45000076293945,3160000
2006-01-23,53.63999938964844,54.130001068115234,53.290000915527344,53.900001525878906,2213900
2006-01-24,52.709999084472656,54.22999954223633,52.630001068115234,54.0099983215332,4598900
2006-01-25,52.939998626708984,53.72999954223633,52.529998779296875,53.20000076293945,3729200
2006-01-26,52.630001068115234,53.5,52.400001525878906,53.45000076293945,3508500
2006-01-27,52.400001525878906,53.220001220703125,52.33000183105469,52.9900016784668,2414500
2006-01-30,51.810001373291016,52.7400016784668,51.779998779296875,52.400001525878906,3008700
2006-01-31,51.7599983215332,52.02000045776367,51.47999954223633,51.79999923706055,3087000
2006-02-01,52.25,52.61000061035156,51.459999084472656,51.77000045776367,3545200
2006-02-02,52.75,53.45000076293945,52.720001220703125,53.33000183105469,7063300
2006-02-03,52.11000061035156,52.619998931884766,51.849998474121094,52.33000183105469,3018300
2006-02-06,51.709999084472656,52.43000030517578,51.41999816894531,52.150001525878906,2584300
2006-02-07,51.5,52.0,51.2599983215332,51.709999084472656,3083600
2006-02-08,52.0,52.0099983215332,51.599998474121094,51.75,1743600
2006-02-09,52.2400016784668,52.59000015258789,52.150001525878906,52.369998931884766,2672300
2006-02-10,52.20000076293945,52.810001373291016,51.869998931884766,52.459999084472656,3223800
2006-02-13,51.70000076293945,52.150001525878906,51.380001068115234,52.150001525878906,2153800
2006-02-14,52.16999816894531,52.290000915527344,51.470001220703125,51.599998474121094,2750900
2006-02-15,53.29999923706055,53.5,52.119998931884766,52.150001525878906,3878200
2006-02-16,53.95000076293945,53.97999954223633,52.81999969482422,53.15999984741211,2116800
2006-02-17,53.54999923706055,53.97999954223633,53.36000061035156,53.689998626708984,2470300
2006-02-21,51.83000183105469,51.939998626708984,50.810001373291016,51.470001220703125,7260800
2006-02-22,52.209999084472656,52.33000183105469,51.560001373291016,51.81999969482422,5684600
2006-02-23,51.54999923706055,51.959999084472656,51.310001373291016,51.95000076293945,3765000
2006-02-24,51.83000183105469,51.959999084472656,51.34000015258789,51.41999816894531,2604900
2006-02-27,52.54999923706055,52.689998626708984,51.650001525878906,51.75,2020000
2006-02-28,51.650001525878906,52.540000915527344,51.52000045776367,52.380001068115234,2849000
2006-03-01,52.119998931884766,52.15999984741211,51.599998474121094,51.63999938964844,2392600
2006-03-02,51.79999923706055,51.880001068115234,51.31999969482422,51.31999969482422,2560800
2006-03-03,51.779998779296875,52.02000045776367,51.060001373291016,51.34000015258789,2434800
2006-03-06,50.790000915527344,51.72999954223633,50.7400016784668,51.650001525878906,3365400
2006-03-07,49.88999938964844,50.310001373291016,49.81999969482422,50.29999923706055,4355000
2006-03-08,49.709999084472656,49.959999084472656,49.61000061035156,49.93000030517578,3870600
2006-03-09,49.83000183105469,50.13999938964844,49.529998779296875,50.09000015258789,3107000
2006-03-10,49.54999923706055,50.16999816894531,49.43000030517578,50.099998474121094,3350100
2006-03-13,50.150001525878906,50.2599983215332,49.90999984741211,49.9900016784668,2816100
2006-03-14,50.83000183105469,51.08000183105469,50.11000061035156,50.15999984741211,2217800
2006-03-15,50.970001220703125,51.15999984741211,50.58000183105469,50.970001220703125,1691200
2006-03-16,50.029998779296875,50.59000015258789,49.95000076293945,50.58000183105469,3161800
2006-03-17,50.970001220703125,50.970001220703125,50.150001525878906,50.279998779296875,3339500
2006-03-20,50.25,50.619998931884766,50.08000183105469,50.310001373291016,4790000
2006-03-21,49.540000915527344,50.040000915527344,49.29999923706055,49.95000076293945,4126500
2006-03-22,50.029998779296875,50.099998474121094,48.04999923706055,48.04999923706055,3312300
2006-03-23,47.4900016784668,48.79999923706055,47.02000045776367,48.5,16888700
2006-03-24,47.84000015258789,48.04999923706055,47.40999984741211,47.650001525878906,8295100
2006-03-27,48.130001068115234,48.20000076293945,47.65999984741211,47.84000015258789,5047200
2006-03-28,47.790000915527344,48.25,47.599998474121094,47.810001373291016,5086800
2006-03-29,47.08000183105469,47.540000915527344,47.04999923706055,47.459999084472656,4080200
2006-03-30,47.11000061035156,47.349998474121094,46.70000076293945,47.08000183105469,3390100
2006-03-31,47.369998931884766,47.540000915527344,46.91999816894531,47.15999984741211,3153000
2006-04-03,47.54999923706055,47.869998931884766,47.22999954223633,47.369998931884766,3625300
2006-04-04,47.18000030517578,47.599998474121094,47.099998474121094,47.459999084472656,4789400
2006-04-05,46.93000030517578,47.310001373291016,46.900001525878906,47.0099983215332,4006600
2006-04-06,47.880001068115234,47.880001068115234,46.90999984741211,46.93000030517578,4147100
2006-04-07,47.81999969482422,48.38999938964844,47.63999938964844,48.349998474121094,3290600
2006-04-10,47.95000076293945,48.18000030517578,47.63999938964844,47.959999084472656,2618800
2006-04-11,46.7400016784668,47.97999954223633,46.58000183105469,47.529998779296875,3172600
2006-04-12,47.220001220703125,47.25,46.75,46.95000076293945,2967600
2006-04-13,47.65999984741211,47.709999084472656,47.38999938964844,47.58000183105469,2979600
2006-04-17,47.29999923706055,47.869998931884766,47.189998626708984,47.66999816894531,2651400
2006-04-18,48.04999923706055,48.04999923706055,47.279998779296875,47.599998474121094,3072600
2006-04-19,47.630001068115234,47.959999084472656,47.369998931884766,47.959999084472656,4919400
2006-04-20,47.599998474121094,47.900001525878906,47.0,47.13999938964844,3887200
2006-04-21,47.630001068115234,48.560001373291016,47.5,48.400001525878906,4335000
2006-04-24,47.5,47.650001525878906,47.36000061035156,47.63999938964844,2336000
2006-04-25,47.06999969482422,47.7400016784668,47.060001373291016,47.5,2513600
2006-04-26,46.970001220703125,47.529998779296875,46.869998931884766,47.33000183105469,1910200
2006-04-27,47.0,47.27000045776367,46.90999984741211,46.97999954223633,2315700
2006-04-28,46.81999969482422,47.09000015258789,46.77000045776367,46.97999954223633,1612000
2006-05-01,46.97999954223633,47.27000045776367,46.849998474121094,47.040000915527344,1579300
2006-05-02,47.380001068115234,47.43000030517578,46.900001525878906,47.040000915527344,1517700
2006-05-03,47.310001373291016,47.400001525878906,46.93000030517578,47.18000030517578,2036800
2006-05-04,48.130001068115234,48.290000915527344,47.720001220703125,47.75,2320600
2006-05-05,48.27000045776367,48.720001220703125,48.189998626708984,48.4900016784668,2712000
2006-05-08,48.689998626708984,49.27000045776367,48.61000061035156,49.0,3957000
2006-05-09,48.459999084472656,49.29999923706055,48.380001068115234,49.0099983215332,3488200
2006-05-10,48.130001068115234,48.86000061035156,48.029998779296875,48.63999938964844,3207500
2006-05-11,47.54999923706055,48.45000076293945,47.540000915527344,48.34000015258789,3408100
2006-05-12,46.65999984741211,47.81999969482422,46.619998931884766,47.540000915527344,3072700
2006-05-15,46.540000915527344,47.20000076293945,46.189998626708984,46.9900016784668,3511900
2006-05-16,42.599998474121094,44.20000076293945,41.349998474121094,43.0,27085700
2006-05-17,41.029998779296875,41.70000076293945,40.849998474121094,40.849998474121094,14877300
2006-05-18,40.540000915527344,41.7400016784668,40.290000915527344,40.400001525878906,8904900
2006-05-19,40.709999084472656,40.869998931884766,40.25,40.58000183105469,7489300
2006-05-22,41.08000183105469,41.31999969482422,39.900001525878906,39.900001525878906,6044100
2006-05-23,40.27000045776367,41.40999984741211,40.27000045776367,40.849998474121094,6423000
2006-05-24,40.470001220703125,40.630001068115234,40.04999923706055,40.369998931884766,4769400
2006-05-25,40.11000061035156,40.29999923706055,39.95000076293945,40.2599983215332,5091900
2006-05-26,40.099998474121094,40.150001525878906,39.70000076293945,39.970001220703125,3603500
2006-05-30,39.849998474121094,40.040000915527344,39.36000061035156,40.0,4368800
2006-05-31,39.90999984741211,40.220001220703125,39.58000183105469,39.849998474121094,5180500
2006-06-01,40.11000061035156,40.16999816894531,39.47999954223633,39.72999954223633,3288400
2006-06-02,40.13999938964844,40.36000061035156,39.900001525878906,40.220001220703125,3024400
2006-06-05,39.31999969482422,40.099998474121094,39.290000915527344,39.95000076293945,2497900
2006-06-06,38.5,38.90999984741211,38.09000015258789,38.900001525878906,4694800
2006-06-07,38.45000076293945,38.810001373291016,38.18000030517578,38.20000076293945,4139000
2006-06-08,37.400001525878906,38.18000030517578,37.349998474121094,38.18000030517578,7644000
2006-06-09,37.27000045776367,37.58000183105469,37.2400016784668,37.5,4401000
2006-06-12,36.40999984741211,37.349998474121094,36.400001525878906,37.34000015258789,5420500
2006-06-13,37.0099983215332,37.04999923706055,36.400001525878906,36.40999984741211,5563400
2006-06-14,37.599998474121094,37.709999084472656,36.70000076293945,36.79999923706055,5735500
2006-06-15,38.16999816894531,38.47999954223633,37.599998474121094,37.599998474121094,4712600
2006-06-16,40.189998626708984,40.4900016784668,37.220001220703125,37.540000915527344,13922500
2006-06-19,41.45000076293945,41.65999984741211,40.0,40.0,7161800
2006-06-20,40.63999938964844,41.349998474121094,40.63999938964844,41.29999923706055,3737300
2006-06-21,41.5,41.650001525878906,40.709999084472656,40.72999954223633,3691200
2006-06-22,40.95000076293945,41.47999954223633,40.869998931884766,41.290000915527344,3738200
2006-06-23,40.790000915527344,41.31999969482422,40.52000045776367,40.81999969482422,2171800
2006-06-26,41.06999969482422,41.189998626708984,40.619998931884766,40.70000076293945,1890700
2006-06-27,40.90999984741211,41.119998931884766,40.66999816894531,41.08000183105469,2560700
2006-06-28,40.70000076293945,40.939998626708984,40.47999954223633,40.88999938964844,2780400
2006-06-29,41.06999969482422,41.08000183105469,40.47999954223633,40.599998474121094,2418100
2006-06-30,41.7400016784668,41.779998779296875,41.22999954223633,41.22999954223633,2941500
2006-07-03,42.06999969482422,42.130001068115234,41.72999954223633,41.869998931884766,1081400
2006-07-05,41.70000076293945,42.060001373291016,41.34000015258789,42.060001373291016,2680900
2006-07-06,41.93000030517578,42.119998931884766,41.70000076293945,41.70000076293945,2694200
2006-07-07,41.709999084472656,42.13999938964844,41.52000045776367,41.93000030517578,3387100
2006-07-10,41.86000061035156,42.040000915527344,41.65999984741211,41.709999084472656,2341400
2006-07-11,41.66999816894531,41.84000015258789,41.33000183105469,41.7599983215332,2075800
2006-07-12,40.45000076293945,41.650001525878906,40.41999816894531,41.59000015258789,3206700
2006-07-13,39.63999938964844,40.45000076293945,39.58000183105469,40.11000061035156,4737700
2006-07-14,39.720001220703125,39.959999084472656,39.31999969482422,39.70000076293945,3277000
2006-07-17,39.2400016784668,39.650001525878906,38.93000030517578,39.400001525878906,3865200
2006-07-18,39.09000015258789,39.279998779296875,38.7400016784668,39.060001373291016,2602700
2006-07-19,40.4900016784668,40.599998474121094,39.2599983215332,39.2599983215332,4180900
2006-07-20,39.75,40.290000915527344,39.619998931884766,40.22999954223633,3072500
2006-07-21,39.56999969482422,40.25,39.209999084472656,39.88999938964844,5015800
2006-07-24,39.810001373291016,39.83000183105469,39.380001068115234,39.68000030517578,3065400
2006-07-25,40.7599983215332,41.060001373291016,39.810001373291016,39.900001525878906,5168300
2006-07-26,40.0099983215332,40.65999984741211,39.90999984741211,40.650001525878906,4747100
2006-07-27,39.619998931884766,40.349998474121094,39.310001373291016,40.349998474121094,5912600
2006-07-28,39.70000076293945,39.939998626708984,39.52000045776367,39.75,2634700
2006-07-31,38.959999084472656,40.0099983215332,38.86000061035156,39.70000076293945,3501900
2006-08-01,38.099998474121094,38.970001220703125,37.95000076293945,38.959999084472656,4605900
2006-08-02,38.52000045776367,38.75,38.36000061035156,38.5099983215332,3003200
2006-08-03,38.310001373291016,38.529998779296875,38.09000015258789,38.36000061035156,4092300
2006-08-04,38.5,38.95000076293945,38.33000183105469,38.720001220703125,2286000
2006-08-07,37.959999084472656,38.56999969482422,37.849998474121094,38.540000915527344,2017100
2006-08-08,37.790000915527344,38.4900016784668,37.7599983215332,38.2599983215332,2528500
2006-08-09,37.599998474121094,38.38999938964844,37.5,38.119998931884766,3434900
2006-08-10,37.90999984741211,38.08000183105469,37.529998779296875,37.599998474121094,2794200
2006-08-11,37.59000015258789,38.060001373291016,37.560001373291016,37.83000183105469,2486500
2006-08-14,36.7400016784668,37.59000015258789,36.689998626708984,37.459999084472656,4432800
2006-08-15,37.18000030517578,37.52000045776367,37.02000045776367,37.189998626708984,4608300
2006-08-16,38.2599983215332,38.29999923706055,37.04999923706055,37.099998474121094,3575300
2006-08-17,39.779998779296875,39.97999954223633,38.9900016784668,39.099998474121094,5407100
2006-08-18,39.880001068115234,39.900001525878906,39.22999954223633,39.779998779296875,2890800
2006-08-21,39.70000076293945,39.90999984741211,39.59000015258789,39.849998474121094,1897900
2006-08-22,39.47999954223633,39.58000183105469,39.33000183105469,39.45000076293945,2050500
2006-08-23,39.220001220703125,39.290000915527344,38.900001525878906,38.93000030517578,1894900
2006-08-24,38.95000076293945,39.27000045776367,38.83000183105469,39.22999954223633,2490800
2006-08-25,39.02000045776367,39.099998474121094,38.790000915527344,38.95000076293945,1466700
2006-08-28,39.72999954223633,39.900001525878906,39.0,39.0,1745800
2006-08-29,40.599998474121094,40.619998931884766,39.939998626708984,39.970001220703125,3239100
2006-08-30,40.59000015258789,40.91999816894531,40.34000015258789,40.599998474121094,2271100
2006-08-31,41.900001525878906,42.119998931884766,41.279998779296875,41.52000045776367,4676500
2006-09-01,42.029998779296875,42.5,42.0,42.0,3060500
2006-09-05,41.779998779296875,42.47999954223633,41.63999938964844,42.34000015258789,2358700
2006-09-06,42.029998779296875,42.13999938964844,41.630001068115234,41.779998779296875,2561200
2006-09-07,42.099998474121094,42.20000076293945,41.77000045776367,42.029998779296875,2532500
2006-09-08,42.689998626708984,42.810001373291016,42.0,42.099998474121094,2589600
2006-09-11,43.02000045776367,43.16999816894531,42.5,42.599998474121094,3307200
2006-09-12,44.7599983215332,44.77000045776367,43.5,43.59000015258789,6451000
2006-09-13,43.849998474121094,44.400001525878906,43.540000915527344,44.150001525878906,5420000
2006-09-14,43.58000183105469,43.81999969482422,43.439998626708984,43.65999984741211,2853800
2006-09-15,43.810001373291016,43.91999816894531,43.189998626708984,43.66999816894531,4248100
2006-09-18,42.7599983215332,43.810001373291016,42.7599983215332,43.599998474121094,3355800
2006-09-19,42.81999969482422,43.209999084472656,42.369998931884766,42.77000045776367,3922700
2006-09-20,43.58000183105469,43.619998931884766,43.0,43.099998474121094,4031900
2006-09-21,44.75,46.08000183105469,44.380001068115234,44.689998626708984,9580600
2006-09-22,44.70000076293945,44.9900016784668,44.52000045776367,44.75,3258900
2006-09-25,46.06999969482422,46.18000030517578,44.650001525878906,45.25,4258600
2006-09-26,46.33000183105469,46.33000183105469,45.439998626708984,45.7599983215332,3944600
2006-09-27,46.36000061035156,46.849998474121094,46.130001068115234,46.2599983215332,3460800
2006-09-28,46.93000030517578,47.22999954223633,46.599998474121094,46.689998626708984,3406700
2006-09-29,47.029998779296875,47.369998931884766,46.72999954223633,46.900001525878906,2416200
2006-10-02,47.13999938964844,47.529998779296875,46.959999084472656,47.529998779296875,2781400
2006-10-03,48.029998779296875,48.09000015258789,46.86000061035156,47.150001525878906,3577500
2006-10-04,48.7400016784668,48.75,47.959999084472656,47.970001220703125,3351900
2006-10-05,48.27000045776367,48.47999954223633,47.75,48.34000015258789,3581600
2006-10-06,48.369998931884766,48.47999954223633,47.869998931884766,48.0099983215332,2293300
2006-10-09,48.29999923706055,48.43000030517578,47.810001373291016,48.06999969482422,2017300
2006-10-10,47.95000076293945,48.099998474121094,47.099998474121094,47.34000015258789,4044800
2006-10-11,47.029998779296875,47.439998626708984,46.7400016784668,47.31999969482422,3164400
2006-10-12,47.439998626708984,47.63999938964844,47.0,47.34000015258789,2527500
2006-10-13,47.95000076293945,48.220001220703125,47.16999816894531,48.220001220703125,2802000
2006-10-16,47.77000045776367,48.119998931884766,47.540000915527344,47.790000915527344,2303000
2006-10-17,47.540000915527344,47.630001068115234,47.15999984741211,47.470001220703125,2368600
2006-10-18,48.13999938964844,48.400001525878906,47.540000915527344,47.540000915527344,3386900
2006-10-19,48.0099983215332,48.220001220703125,47.720001220703125,48.02000045776367,1503400
2006-10-20,48.08000183105469,48.290000915527344,47.900001525878906,48.25,1605000
2006-10-23,48.400001525878906,48.43000030517578,47.720001220703125,47.849998474121094,1436200
2006-10-24,48.130001068115234,48.31999969482422,47.83000183105469,48.099998474121094,1852200
2006-10-25,48.43000030517578,48.4900016784668,47.790000915527344,48.189998626708984,3317400
2006-10-26,49.459999084472656,49.58000183105469,48.279998779296875,48.45000076293945,3104200
2006-10-27,48.810001373291016,49.20000076293945,48.529998779296875,48.900001525878906,1612000
2006-10-30,49.290000915527344,49.459999084472656,48.459999084472656,48.81999969482422,2039200
2006-10-31,48.81999969482422,49.630001068115234,48.779998779296875,49.4900016784668,1992000
2006-11-01,48.959999084472656,49.25,48.86000061035156,48.880001068115234,1893300
2006-11-02,48.189998626708984,48.5099983215332,48.029998779296875,48.5099983215332,2600000
2006-11-03,47.369998931884766,48.279998779296875,47.31999969482422,48.279998779296875,2724600
2006-11-06,48.13999938964844,48.38999938964844,47.560001373291016,47.66999816894531,1637700
2006-11-07,48.36000061035156,48.59000015258789,47.84000015258789,48.13999938964844,1410800
2006-11-08,48.88999938964844,49.09000015258789,48.22999954223633,48.36000061035156,1375200
2006-11-09,48.16999816894531,49.09000015258789,48.04999923706055,49.09000015258789,1643500
2006-11-10,48.279998779296875,48.599998474121094,47.939998626708984,48.599998474121094,1941800
2006-11-13,48.72999954223633,48.970001220703125,47.97999954223633,48.290000915527344,3361900
2006-11-14,49.15999984741211,49.380001068115234,48.88999938964844,49.0,2363000
2006-11-15,49.689998626708984,49.709999084472656,49.060001373291016,49.060001373291016,2120900
2006-11-16,49.900001525878906,49.9900016784668,49.560001373291016,49.72999954223633,1994600
2006-11-17,49.86000061035156,50.029998779296875,49.70000076293945,49.90999984741211,1236200
2006-11-20,49.90999984741211,50.45000076293945,49.869998931884766,50.20000076293945,2146900
2006-11-21,50.369998931884766,50.4900016784668,50.099998474121094,50.150001525878906,1812800
2006-11-22,50.58000183105469,50.720001220703125,50.29999923706055,50.29999923706055,1384500
2006-11-24,50.5099983215332,50.9900016784668,50.15999984741211,50.15999984741211,663200
2006-11-27,49.66999816894531,50.91999816894531,49.09000015258789,50.72999954223633,2742300
2006-11-28,48.880001068115234,49.630001068115234,48.790000915527344,49.61000061035156,2841600
2006-11-29,48.66999816894531,49.060001373291016,48.439998626708984,48.9900016784668,2753500
2006-11-30,48.9900016784668,49.2599983215332,48.119998931884766,48.459999084472656,2083000
2006-12-01,47.09000015258789,48.290000915527344,46.810001373291016,48.25,4723300
2006-12-04,47.54999923706055,47.970001220703125,47.29999923706055,47.47999954223633,4051700
2006-12-05,47.689998626708984,48.040000915527344,47.36000061035156,47.52000045776367,2402400
2006-12-06,48.02000045776367,48.08000183105469,47.63999938964844,47.810001373291016,1877800
2006-12-07,47.380001068115234,47.81999969482422,47.2599983215332,47.41999816894531,1981800
2006-12-08,47.290000915527344,47.65999984741211,47.15999984741211,47.33000183105469,1320200
2006-12-11,47.54999923706055,47.72999954223633,47.20000076293945,47.459999084472656,1654600
2006-12-12,47.45000076293945,47.79999923706055,47.09000015258789,47.45000076293945,2099900
2006-12-13,47.7400016784668,47.79999923706055,47.2599983215332,47.70000076293945,1478500
2006-12-14,47.79999923706055,48.33000183105469,47.7599983215332,47.880001068115234,1764700
2006-12-15,47.689998626708984,47.900001525878906,47.65999984741211,47.79999923706055,2938800
2006-12-18,48.06999969482422,48.369998931884766,47.5099983215332,47.86000061035156,1323500
2006-12-19,48.09000015258789,48.33000183105469,47.58000183105469,48.33000183105469,2106300
2006-12-20,48.04999923706055,48.369998931884766,47.810001373291016,47.95000076293945,2054000
2006-12-21,49.060001373291016,49.279998779296875,47.779998779296875,48.5,3647300
2006-12-22,48.869998931884766,49.90999984741211,48.619998931884766,49.65999984741211,1740200
2006-12-26,48.79999923706055,49.150001525878906,48.619998931884766,48.79999923706055,581900
2006-12-27,49.91999816894531,50.310001373291016,49.720001220703125,49.7599983215332,1955600
2006-12-28,49.65999984741211,50.06999969482422,49.349998474121094,49.93000030517578,1123100
2006-12-29,49.04999923706055,49.849998474121094,48.97999954223633,49.65999984741211,1107700
2007-01-03,50.95000076293945,51.20000076293945,50.349998474121094,50.529998779296875,4324900
2007-01-04,50.869998931884766,51.31999969482422,50.56999969482422,51.04999923706055,2776100
2007-01-05,49.880001068115234,50.630001068115234,49.75,50.630001068115234,2033200
2007-01-08,49.86000061035156,50.439998626708984,49.689998626708984,50.11000061035156,2703100
2007-01-09,50.43000030517578,50.65999984741211,50.150001525878906,50.29999923706055,2225700
2007-01-10,50.25,50.54999923706055,50.099998474121094,50.2400016784668,2236800
2007-01-11,50.79999923706055,51.25,50.56999969482422,51.099998474121094,4420300
2007-01-12,50.90999984741211,51.279998779296875,50.599998474121094,51.119998931884766,2209200
2007-01-16,50.95000076293945,51.599998474121094,50.869998931884766,51.27000045776367,2896400
2007-01-17,51.33000183105469,51.689998626708984,50.83000183105469,51.400001525878906,3421400
2007-01-18,51.95000076293945,52.5,51.47999954223633,52.400001525878906,3622300
2007-01-19,52.38999938964844,52.72999954223633,52.04999923706055,52.470001220703125,4195600
2007-01-22,52.18000030517578,52.54999923706055,51.849998474121094,52.36000061035156,2305000
2007-01-23,51.9900016784668,52.349998474121094,51.54999923706055,52.150001525878906,2659200
2007-01-24,52.2599983215332,52.41999816894531,51.83000183105469,52.0,3507700
2007-01-25,51.68000030517578,52.290000915527344,51.310001373291016,52.04999923706055,3394000
2007-01-26,51.959999084472656,52.220001220703125,51.650001525878906,52.119998931884766,3142100
2007-01-29,51.9900016784668,52.099998474121094,51.75,52.0099983215332,1892600
2007-01-30,52.150001525878906,52.20000076293945,51.959999084472656,52.04999923706055,1762100
2007-01-31,51.560001373291016,51.689998626708984,51.220001220703125,51.4900016784668,4057600
2007-02-01,52.150001525878906,52.209999084472656,51.599998474121094,52.09000015258789,2741900
2007-02-02,51.77000045776367,52.40999984741211,51.689998626708984,52.0099983215332,3375800
2007-02-05,50.779998779296875,51.25,50.27000045776367,51.0,3342300
2007-02-06,49.27000045776367,50.150001525878906,48.869998931884766,50.150001525878906,5755900
2007-02-07,49.88999938964844,50.34000015258789,49.040000915527344,49.439998626708984,5271000
2007-02-08,49.56999969482422,49.790000915527344,49.189998626708984,49.459999084472656,2091600
2007-02-09,48.45000076293945,49.7400016784668,48.25,49.54999923706055,2538500
2007-02-12,48.65999984741211,49.099998474121094,48.5099983215332,48.939998626708984,1632100
2007-02-13,48.7599983215332,49.150001525878906,48.560001373291016,48.720001220703125,2622000
2007-02-14,48.93000030517578,49.02000045776367,48.58000183105469,48.720001220703125,2145700
2007-02-15,48.65999984741211,48.91999816894531,48.459999084472656,48.83000183105469,1736000
2007-02-16,48.36000061035156,48.45000076293945,48.029998779296875,48.18000030517578,2056500
2007-02-20,48.900001525878906,48.95000076293945,48.150001525878906,48.65999984741211,2020000
2007-02-21,48.65999984741211,48.900001525878906,48.040000915527344,48.900001525878906,1859900
2007-02-22,48.630001068115234,48.97999954223633,48.38999938964844,48.529998779296875,1633200
2007-02-23,47.61000061035156,48.33000183105469,47.61000061035156,48.15999984741211,2828600
2007-02-26,47.349998474121094,47.90999984741211,47.18000030517578,47.77000045776367,2264000
2007-02-27,46.22999954223633,47.029998779296875,45.849998474121094,46.5099983215332,5079900
2007-02-28,46.439998626708984,46.54999923706055,45.75,45.91999816894531,3356300
2007-03-01,46.09000015258789,46.54999923706055,45.400001525878906,45.939998626708984,3910100
2007-03-02,45.70000076293945,46.18000030517578,45.540000915527344,45.540000915527344,3974500
2007-03-05,44.9900016784668,45.40999984741211,44.90999984741211,45.0,3966700
2007-03-06,45.970001220703125,46.13999938964844,45.13999938964844,45.16999816894531,2831700
2007-03-07,45.459999084472656,46.029998779296875,45.209999084472656,45.970001220703125,2526600
2007-03-08,46.25,47.029998779296875,45.900001525878906,45.93000030517578,3192200
2007-03-09,46.2599983215332,46.709999084472656,46.02000045776367,46.47999954223633,1833300
2007-03-12,46.400001525878906,46.84000015258789,46.2599983215332,46.279998779296875,1859000
2007-03-13,45.290000915527344,46.56999969482422,45.2599983215332,46.310001373291016,3061600
2007-03-14,45.13999938964844,45.34000015258789,44.38999938964844,45.029998779296875,4186900
2007-03-15,45.61000061035156,45.880001068115234,45.0,45.22999954223633,4127400
2007-03-16,45.54999923706055,46.470001220703125,45.45000076293945,46.040000915527344,5001900
2007-03-19,45.91999816894531,45.95000076293945,45.2400016784668,45.720001220703125,2237900
2007-03-20,45.93000030517578,46.25,45.4900016784668,45.599998474121094,3174300
2007-03-21,47.599998474121094,47.689998626708984,46.15999984741211,46.310001373291016,3463500
2007-03-22,47.84000015258789,48.040000915527344,47.349998474121094,47.349998474121094,3215500
2007-03-23,48.119998931884766,48.279998779296875,47.70000076293945,47.939998626708984,2364700
2007-03-26,48.060001373291016,48.20000076293945,47.40999984741211,48.130001068115234,2694000
2007-03-27,47.380001068115234,47.650001525878906,47.15999984741211,47.599998474121094,2726400
2007-03-28,46.43000030517578,46.939998626708984,46.31999969482422,46.939998626708984,2520600
2007-03-29,46.88999938964844,47.099998474121094,46.619998931884766,46.650001525878906,3304600
2007-03-30,46.86000061035156,47.25,46.689998626708984,47.02000045776367,1908900
2007-04-02,47.189998626708984,47.369998931884766,46.81999969482422,47.150001525878906,1733900
2007-04-03,47.41999816894531,47.77000045776367,47.34000015258789,47.349998474121094,1782900
2007-04-04,47.0,47.599998474121094,46.95000076293945,47.5099983215332,2332700
2007-04-05,46.75,47.18000030517578,46.66999816894531,46.95000076293945,1886300
2007-04-09,46.4900016784668,46.84000015258789,46.439998626708984,46.7400016784668,1940200
2007-04-10,46.040000915527344,46.88999938964844,46.02000045776367,46.77000045776367,3108600
2007-04-11,45.11000061035156,46.099998474121094,45.04999923706055,46.0,4255500
2007-04-12,45.34000015258789,45.470001220703125,45.08000183105469,45.22999954223633,4298100
2007-04-13,45.25,45.70000076293945,45.099998474121094,45.70000076293945,3047900
2007-04-16,46.779998779296875,46.93000030517578,45.540000915527344,45.540000915527344,4314700
2007-04-17,46.70000076293945,46.90999984741211,46.43000030517578,46.779998779296875,2697600
2007-04-18,46.40999984741211,46.77000045776367,46.22999954223633,46.43000030517578,2763600
2007-04-19,46.54999923706055,46.68000030517578,45.95000076293945,46.11000061035156,2529000
2007-04-20,47.20000076293945,47.45000076293945,46.61000061035156,46.61000061035156,4890600
2007-04-23,47.41999816894531,47.619998931884766,47.290000915527344,47.290000915527344,3373200
2007-04-24,47.720001220703125,48.04999923706055,47.529998779296875,47.9900016784668,2919000
2007-04-25,48.54999923706055,48.650001525878906,48.060001373291016,48.060001373291016,2347700
2007-04-26,48.470001220703125,48.63999938964844,48.0,48.0,2880200
2007-04-27,48.68000030517578,48.79999923706055,48.189998626708984,48.709999084472656,2176000
2007-04-30,48.88999938964844,49.18000030517578,48.41999816894531,48.63999938964844,4120700
2007-05-01,48.5,48.900001525878906,48.04999923706055,48.79999923706055,4318700
2007-05-02,48.900001525878906,49.04999923706055,48.43000030517578,48.65999984741211,2018000
2007-05-03,48.150001525878906,48.91999816894531,47.95000076293945,48.90999984741211,2332900
2007-05-04,47.95000076293945,48.59000015258789,47.810001373291016,48.16999816894531,1654600
2007-05-07,47.720001220703125,47.959999084472656,47.529998779296875,47.95000076293945,1149800
2007-05-08,47.29999923706055,47.75,47.20000076293945,47.720001220703125,2104800
2007-05-09,48.189998626708984,48.34000015258789,47.41999816894531,47.41999816894531,1708500
2007-05-10,48.130001068115234,48.970001220703125,47.900001525878906,48.20000076293945,3820700
2007-05-11,48.790000915527344,48.84000015258789,47.90999984741211,48.25,2337200
2007-05-14,48.20000076293945,48.650001525878906,47.90999984741211,48.59000015258789,1512900
2007-05-15,47.900001525878906,48.599998474121094,47.84000015258789,48.029998779296875,2143000
2007-05-16,47.88999938964844,48.09000015258789,47.560001373291016,47.86000061035156,1360900
2007-05-17,47.459999084472656,47.61000061035156,47.18000030517578,47.41999816894531,2452800
2007-05-18,49.18000030517578,49.25,47.599998474121094,47.720001220703125,4368100
2007-05-21,49.41999816894531,49.5,48.56999969482422,48.90999984741211,3989300
2007-05-22,49.880001068115234,50.099998474121094,49.36000061035156,49.529998779296875,3086200
2007-05-23,49.72999954223633,50.20000076293945,49.70000076293945,49.91999816894531,2356000
2007-05-24,49.56999969482422,50.189998626708984,49.36000061035156,49.939998626708984,2201700
2007-05-25,49.95000076293945,50.02000045776367,49.560001373291016,49.939998626708984,1073900
2007-05-29,50.380001068115234,51.349998474121094,50.099998474121094,51.349998474121094,2340100
2007-05-30,50.41999816894531,50.45000076293945,49.779998779296875,50.0,2136300
2007-05-31,50.439998626708984,50.65999984741211,50.029998779296875,50.599998474121094,2114900
2007-06-01,50.540000915527344,50.7599983215332,50.18000030517578,50.689998626708984,1801900
2007-06-04,50.72999954223633,50.9900016784668,50.380001068115234,50.70000076293945,2571800
2007-06-05,51.2599983215332,51.849998474121094,51.0,51.0,4301200
2007-06-06,50.18000030517578,50.77000045776367,50.099998474121094,50.369998931884766,3083400
2007-06-07,48.93000030517578,50.119998931884766,48.93000030517578,49.90999984741211,3708500
2007-06-08,49.0,49.099998474121094,48.599998474121094,49.0099983215332,3314900
2007-06-11,48.91999816894531,49.439998626708984,48.70000076293945,49.0,3480400
2007-06-12,49.70000076293945,50.650001525878906,48.91999816894531,48.91999816894531,4712500
2007-06-13,49.880001068115234,49.900001525878906,49.40999984741211,49.630001068115234,3475900
2007-06-14,49.779998779296875,49.900001525878906,49.5099983215332,49.7599983215332,2893700
2007-06-15,49.709999084472656,49.86000061035156,49.52000045776367,49.779998779296875,3796400
2007-06-18,49.65999984741211,49.939998626708984,49.25,49.619998931884766,4882700
2007-06-19,49.709999084472656,50.459999084472656,48.709999084472656,48.709999084472656,5301600
2007-06-20,49.38999938964844,49.939998626708984,49.31999969482422,49.66999816894531,3453200
2007-06-21,48.33000183105469,48.72999954223633,47.84000015258789,48.709999084472656,6001900
2007-06-22,49.31999969482422,49.31999969482422,48.0,48.099998474121094,18724800
2007-06-25,48.4900016784668,49.060001373291016,48.22999954223633,48.599998474121094,5166000
2007-06-26,48.75,48.83000183105469,48.40999984741211,48.790000915527344,3134900
2007-06-27,48.5,48.540000915527344,47.86000061035156,47.880001068115234,5002500
2007-06-28,48.540000915527344,48.849998474121094,48.189998626708984,48.439998626708984,7017900
2007-06-29,48.77000045776367,48.849998474121094,47.9900016784668,48.06999969482422,4480200
2007-07-02,47.97999954223633,48.5,47.869998931884766,48.099998474121094,4492000
2007-07-03,47.66999816894531,48.2599983215332,47.52000045776367,48.040000915527344,2206400
2007-07-05,48.060001373291016,48.29999923706055,47.90999984741211,48.150001525878906,2893800
2007-07-06,48.150001525878906,48.16999816894531,47.849998474121094,48.11000061035156,2209400
2007-07-09,47.439998626708984,48.2400016784668,47.400001525878906,48.2400016784668,2928600
2007-07-10,46.81999969482422,47.189998626708984,46.400001525878906,46.66999816894531,4090400
2007-07-11,46.59000015258789,46.779998779296875,46.04999923706055,46.25,4233200
2007-07-12,46.86000061035156,46.880001068115234,46.209999084472656,46.43000030517578,2650200
2007-07-13,47.72999954223633,47.849998474121094,47.209999084472656,47.70000076293945,3285400
2007-07-16,47.709999084472656,47.720001220703125,47.380001068115234,47.59000015258789,2286000
2007-07-17,47.63999938964844,47.779998779296875,47.02000045776367,47.43000030517578,3542200
2007-07-18,47.540000915527344,47.61000061035156,47.13999938964844,47.52000045776367,2942200
2007-07-19,47.40999984741211,47.630001068115234,47.29999923706055,47.540000915527344,1856700
2007-07-20,46.86000061035156,47.70000076293945,46.47999954223633,47.41999816894531,3463900
2007-07-23,46.900001525878906,47.08000183105469,46.459999084472656,46.849998474121094,1900100
2007-07-24,45.77000045776367,46.43000030517578,45.72999954223633,46.310001373291016,3669100
2007-07-25,45.66999816894531,45.869998931884766,45.0,45.83000183105469,4037500
2007-07-26,45.04999923706055,45.220001220703125,44.220001220703125,44.29999923706055,7189700
2007-07-27,44.31999969482422,45.06999969482422,44.209999084472656,44.900001525878906,5352600
2007-07-30,44.77000045776367,45.029998779296875,44.04999923706055,44.20000076293945,4485900
2007-07-31,44.310001373291016,45.33000183105469,44.220001220703125,45.0,3899500
2007-08-01,44.79999923706055,44.95000076293945,43.939998626708984,44.20000076293945,5730400
2007-08-02,44.900001525878906,45.099998474121094,44.58000183105469,44.9900016784668,4536700
2007-08-03,43.61000061035156,44.79999923706055,43.56999969482422,44.79999923706055,3584900
2007-08-06,44.439998626708984,44.4900016784668,43.22999954223633,43.709999084472656,6804300
2007-08-07,45.58000183105469,45.869998931884766,43.869998931884766,44.09000015258789,5251500
2007-08-08,46.810001373291016,46.84000015258789,45.86000061035156,45.86000061035156,3707400
2007-08-09,47.400001525878906,47.540000915527344,44.79999923706055,44.849998474121094,4662400
2007-08-10,47.66999816894531,47.75,46.5099983215332,47.0,4882600
2007-08-13,46.529998779296875,47.93000030517578,46.369998931884766,47.88999938964844,3055800
2007-08-14,44.43000030517578,46.15999984741211,44.43000030517578,45.91999816894531,4803500
2007-08-15,43.11000061035156,44.279998779296875,42.7400016784668,43.45000076293945,5848600
2007-08-16,43.4900016784668,43.529998779296875,41.70000076293945,42.41999816894531,6546900
2007-08-17,45.099998474121094,45.25,43.18000030517578,44.310001373291016,5635500
2007-08-20,44.529998779296875,45.150001525878906,44.290000915527344,45.0,2847500
2007-08-21,44.54999923706055,44.689998626708984,43.97999954223633,44.22999954223633,2687800
2007-08-22,45.119998931884766,45.29999923706055,44.720001220703125,44.84000015258789,2764600
2007-08-23,45.13999938964844,45.7599983215332,44.93000030517578,45.560001373291016,4095600
2007-08-24,45.849998474121094,45.88999938964844,45.040000915527344,45.52000045776367,1865700
2007-08-27,45.70000076293945,46.2400016784668,45.5099983215332,45.529998779296875,2368200
2007-08-28,44.470001220703125,45.5,44.439998626708984,45.5,3262100
2007-08-29,45.08000183105469,45.20000076293945,44.43000030517578,44.900001525878906,2290400
2007-08-30,45.0,45.349998474121094,44.47999954223633,44.560001373291016,1611900
2007-08-31,45.59000015258789,45.83000183105469,45.20000076293945,45.529998779296875,1803500
2007-09-04,46.279998779296875,46.439998626708984,46.0,46.20000076293945,2511100
2007-09-05,46.04999923706055,46.11000061035156,45.790000915527344,45.900001525878906,2354300
2007-09-06,46.15999984741211,46.29999923706055,45.5,45.75,2581000
2007-09-07,44.720001220703125,45.75,44.52000045776367,45.63999938964844,3555000
2007-09-10,44.20000076293945,44.77000045776367,43.630001068115234,44.66999816894531,2684500
2007-09-11,44.97999954223633,45.189998626708984,44.540000915527344,44.540000915527344,2144900
2007-09-12,44.59000015258789,45.09000015258789,44.47999954223633,44.849998474121094,1998500
2007-09-13,44.95000076293945,45.279998779296875,44.599998474121094,44.790000915527344,2239300
2007-09-14,44.540000915527344,44.90999984741211,43.959999084472656,43.970001220703125,3018300
2007-09-17,44.380001068115234,44.599998474121094,44.0099983215332,44.20000076293945,2346100
2007-09-18,46.70000076293945,46.97999954223633,44.52000045776367,44.630001068115234,4819700
2007-09-19,47.29999923706055,47.41999816894531,46.310001373291016,46.61000061035156,4789300
2007-09-20,48.529998779296875,49.88999938964844,48.040000915527344,48.06999969482422,9692000
2007-09-21,49.209999084472656,50.29999923706055,48.529998779296875,50.25,4375200
2007-09-24,49.189998626708984,50.20000076293945,48.91999816894531,49.43000030517578,3117800
2007-09-25,48.63999938964844,48.90999984741211,48.43000030517578,48.68000030517578,3361000
2007-09-26,48.869998931884766,49.290000915527344,48.56999969482422,49.060001373291016,1957400
2007-09-27,49.09000015258789,49.400001525878906,48.91999816894531,49.060001373291016,1623000
2007-09-28,48.43000030517578,49.619998931884766,48.27000045776367,49.54999923706055,2779200
2007-10-01,49.439998626708984,49.65999984741211,48.29999923706055,48.52000045776367,2375500
2007-10-02,50.0099983215332,50.15999984741211,49.58000183105469,49.61000061035156,2166200
2007-10-03,49.959999084472656,50.599998474121094,49.77000045776367,50.470001220703125,3130100
2007-10-04,50.0,50.689998626708984,49.900001525878906,50.20000076293945,1874900
2007-10-05,50.79999923706055,51.0099983215332,50.060001373291016,50.189998626708984,2494600
2007-10-08,50.75,50.900001525878906,50.34000015258789,50.41999816894531,1298900
2007-10-09,51.33000183105469,51.34000015258789,50.400001525878906,50.58000183105469,3068300
2007-10-10,51.040000915527344,52.099998474121094,51.029998779296875,51.709999084472656,3159200
2007-10-11,50.25,51.369998931884766,50.040000915527344,51.15999984741211,3376000
2007-10-12,50.22999954223633,50.779998779296875,50.02000045776367,50.310001373291016,1654600
2007-10-15,49.31999969482422,50.470001220703125,49.11000061035156,50.29999923706055,3910000
2007-10-16,48.45000076293945,49.0,48.2599983215332,49.0,3852100
2007-10-17,48.72999954223633,49.220001220703125,48.04999923706055,48.709999084472656,3184900
2007-10-18,48.2400016784668,48.63999938964844,48.06999969482422,48.45000076293945,2889800
2007-10-19,47.25,47.93000030517578,47.13999938964844,47.720001220703125,3951500
2007-10-22,48.52000045776367,48.560001373291016,47.29999923706055,47.5,5978500
2007-10-23,48.619998931884766,49.4900016784668,48.279998779296875,49.4900016784668,3753000
2007-10-24,47.900001525878906,48.40999984741211,47.369998931884766,48.38999938964844,3754900
2007-10-25,47.43000030517578,48.09000015258789,47.16999816894531,47.61000061035156,3958700
2007-10-26,47.66999816894531,47.83000183105469,47.16999816894531,47.810001373291016,1823800
2007-10-29,47.93000030517578,48.16999816894531,47.709999084472656,47.95000076293945,1399000
2007-10-30,47.709999084472656,48.25,47.68000030517578,48.13999938964844,2374100
2007-10-31,47.97999954223633,48.25,47.540000915527344,48.06999969482422,3502700
2007-11-01,46.79999923706055,47.880001068115234,46.709999084472656,47.63999938964844,2981500
2007-11-02,46.099998474121094,47.16999816894531,45.709999084472656,47.06999969482422,5496200
2007-11-05,45.65999984741211,46.22999954223633,45.290000915527344,45.97999954223633,3674800
2007-11-06,45.54999923706055,46.189998626708984,45.290000915527344,45.86000061035156,3491300
2007-11-07,44.630001068115234,45.93000030517578,44.630001068115234,45.349998474121094,4533700
2007-11-08,44.790000915527344,45.31999969482422,44.22999954223633,45.0,6107700
2007-11-09,43.88999938964844,44.5,43.86000061035156,44.290000915527344,4858700
2007-11-12,44.22999954223633,45.130001068115234,43.5,43.5,4897200
2007-11-13,45.310001373291016,45.349998474121094,44.540000915527344,44.689998626708984,3882600
2007-11-14,44.900001525878906,46.029998779296875,44.77000045776367,45.689998626708984,4599600
2007-11-15,44.70000076293945,45.040000915527344,44.029998779296875,44.13999938964844,4140600
2007-11-16,44.90999984741211,44.9900016784668,44.2599983215332,44.709999084472656,3739900
2007-11-19,43.900001525878906,44.279998779296875,43.33000183105469,43.7400016784668,4908500
2007-11-20,43.5099983215332,44.040000915527344,43.0,43.900001525878906,3505600
2007-11-21,42.34000015258789,43.029998779296875,42.060001373291016,42.79999923706055,3935600
2007-11-23,42.72999954223633,43.20000076293945,42.45000076293945,43.20000076293945,2314400
2007-11-26,42.22999954223633,43.29999923706055,42.22999954223633,42.849998474121094,3309000
2007-11-27,43.720001220703125,43.88999938964844,42.29999923706055,42.529998779296875,5146900
2007-11-28,44.79999923706055,45.0,43.970001220703125,44.08000183105469,4148200
2007-11-29,44.61000061035156,44.90999984741211,43.91999816894531,44.4900016784668,4078200
2007-11-30,45.119998931884766,45.790000915527344,44.779998779296875,45.150001525878906,4413900
2007-12-03,44.95000076293945,45.150001525878906,44.70000076293945,44.79999923706055,2615000
2007-12-04,44.290000915527344,44.5,44.0,44.20000076293945,1926400
2007-12-05,44.09000015258789,44.29999923706055,43.83000183105469,44.2599983215332,2972000
2007-12-06,45.2599983215332,45.43000030517578,44.33000183105469,44.33000183105469,3581100
2007-12-07,45.0,45.43000030517578,44.880001068115234,44.939998626708984,2829600
2007-12-10,45.540000915527344,45.779998779296875,45.31999969482422,45.619998931884766,4883600
2007-12-11,44.130001068115234,46.20000076293945,43.970001220703125,46.0,4943600
2007-12-12,44.619998931884766,45.56999969482422,44.20000076293945,45.45000076293945,3897600
2007-12-13,44.790000915527344,44.88999938964844,44.310001373291016,44.310001373291016,3094100
2007-12-14,45.02000045776367,45.59000015258789,44.4900016784668,44.529998779296875,5507600
2007-12-17,44.04999923706055,45.380001068115234,43.959999084472656,45.209999084472656,4551400
2007-12-18,44.5,44.900001525878906,43.7400016784668,44.54999923706055,3292100
2007-12-19,44.25,45.029998779296875,44.0,45.0,3458400
2007-12-20,44.0099983215332,45.099998474121094,43.560001373291016,44.810001373291016,5399700
2007-12-21,45.33000183105469,45.459999084472656,44.45000076293945,45.040000915527344,4131300
2007-12-24,45.79999923706055,45.95000076293945,45.18000030517578,45.18000030517578,1000600
2007-12-26,45.40999984741211,45.95000076293945,45.029998779296875,45.560001373291016,1411600
2007-12-27,44.4900016784668,45.220001220703125,44.43000030517578,44.81999969482422,1572300
2007-12-28,44.61000061035156,44.81999969482422,44.31999969482422,44.439998626708984,1267100
2007-12-31,44.4900016784668,44.869998931884766,44.099998474121094,44.54999923706055,1365600
2008-01-02,43.65999984741211,44.61000061035156,43.59000015258789,44.369998931884766,2719100
2008-01-03,42.95000076293945,43.52000045776367,42.81999969482422,43.2599983215332,2843900
2008-01-04,41.709999084472656,42.58000183105469,41.4900016784668,42.58000183105469,4874400
2008-01-07,41.22999954223633,41.939998626708984,40.849998474121094,41.540000915527344,5231000
2008-01-08,40.619998931884766,42.31999969482422,40.5,42.189998626708984,4495500
2008-01-09,40.2599983215332,40.36000061035156,39.130001068115234,40.099998474121094,7048700
2008-01-10,40.459999084472656,40.83000183105469,39.5,39.72999954223633,5794300
2008-01-11,39.560001373291016,40.95000076293945,39.369998931884766,40.7400016784668,4195900
2008-01-14,39.439998626708984,40.029998779296875,39.279998779296875,39.84000015258789,3609100
2008-01-15,38.9900016784668,39.290000915527344,38.369998931884766,38.7400016784668,5621100
2008-01-16,39.529998779296875,40.08000183105469,38.77000045776367,39.119998931884766,7414900
2008-01-17,38.130001068115234,39.9900016784668,38.04999923706055,39.9900016784668,5012900
2008-01-18,38.2599983215332,39.2599983215332,37.63999938964844,39.029998779296875,6572800
2008-01-22,39.84000015258789,40.13999938964844,37.61000061035156,37.61000061035156,8791100
2008-01-23,42.25,42.33000183105469,38.349998474121094,38.70000076293945,8689900
2008-01-24,42.810001373291016,42.95000076293945,42.06999969482422,42.400001525878906,6055600
2008-01-25,41.40999984741211,42.900001525878906,41.279998779296875,42.810001373291016,5394300
2008-01-28,43.130001068115234,43.16999816894531,41.61000061035156,42.0,4553100
2008-01-29,41.7599983215332,42.5,41.08000183105469,41.79999923706055,6460300
2008-01-30,41.84000015258789,42.720001220703125,41.349998474121094,42.060001373291016,4159100
2008-01-31,44.400001525878906,44.88999938964844,41.810001373291016,41.900001525878906,6677000
2008-02-01,44.779998779296875,45.220001220703125,44.11000061035156,44.400001525878906,4671000
2008-02-04,42.029998779296875,44.66999816894531,41.939998626708984,44.61000061035156,7633100
2008-02-05,40.720001220703125,42.0,40.540000915527344,41.86000061035156,7376600
2008-02-06,40.599998474121094,41.72999954223633,40.56999969482422,41.61000061035156,5480300
2008-02-07,40.86000061035156,41.33000183105469,40.599998474121094,40.7400016784668,5181300
2008-02-08,40.810001373291016,41.45000076293945,40.29999923706055,40.720001220703125,3322300
2008-02-11,41.369998931884766,41.439998626708984,40.40999984741211,40.72999954223633,2868500
2008-02-12,42.36000061035156,42.75,41.40999984741211,41.40999984741211,4041400
2008-02-13,42.66999816894531,43.060001373291016,42.310001373291016,42.810001373291016,3358700
2008-02-14,42.06999969482422,43.0099983215332,42.0,42.77000045776367,4436300
2008-02-15,41.349998474121094,41.970001220703125,40.90999984741211,41.93000030517578,4922600
2008-02-19,41.880001068115234,42.400001525878906,41.4900016784668,42.220001220703125,5418600
2008-02-20,41.68000030517578,41.880001068115234,40.79999923706055,40.9900016784668,4766400
2008-02-21,40.869998931884766,41.849998474121094,40.58000183105469,41.5099983215332,4003000
2008-02-22,41.849998474121094,41.849998474121094,40.56999969482422,41.15999984741211,2823500
2008-02-25,42.119998931884766,42.25,41.2599983215332,41.900001525878906,3323200
2008-02-26,42.5,42.810001373291016,41.75,41.84000015258789,3030800
2008-02-27,42.349998474121094,42.939998626708984,42.09000015258789,42.220001220703125,3049500
2008-02-28,40.599998474121094,41.75,40.54999923706055,41.689998626708984,3445400
2008-02-29,39.349998474121094,40.59000015258789,39.119998931884766,40.59000015258789,4541600
2008-03-03,39.470001220703125,39.77000045776367,38.88999938964844,39.380001068115234,3439300
2008-03-04,40.04999923706055,40.2599983215332,39.119998931884766,39.18000030517578,4775900
2008-03-05,39.7599983215332,40.619998931884766,39.31999969482422,39.970001220703125,4042600
2008-03-06,38.540000915527344,39.959999084472656,38.52000045776367,39.90999984741211,4624000
2008-03-07,38.41999816894531,39.25,38.220001220703125,38.900001525878906,4386300
2008-03-10,37.81999969482422,38.7599983215332,37.529998779296875,38.61000061035156,4434200
2008-03-11,38.970001220703125,39.16999816894531,38.16999816894531,38.7400016784668,4814900
2008-03-12,38.45000076293945,39.29999923706055,38.34000015258789,39.0,5633700
2008-03-13,39.22999954223633,39.59000015258789,37.40999984741211,38.22999954223633,6134800
2008-03-14,37.849998474121094,39.029998779296875,37.369998931884766,38.869998931884766,6170200
2008-03-17,36.47999954223633,37.310001373291016,36.099998474121094,36.880001068115234,6012100
2008-03-18,38.380001068115234,38.4900016784668,36.95000076293945,37.279998779296875,4098200
2008-03-19,37.599998474121094,38.93000030517578,37.52000045776367,37.790000915527344,4874600
2008-03-20,40.88999938964844,40.900001525878906,38.279998779296875,38.279998779296875,9075800
2008-03-24,42.349998474121094,43.33000183105469,41.13999938964844,41.13999938964844,5558300
2008-03-25,42.11000061035156,42.630001068115234,41.7400016784668,42.150001525878906,3831500
2008-03-26,41.20000076293945,41.93000030517578,41.11000061035156,41.63999938964844,4451900
2008-03-27,40.77000045776367,41.9900016784668,40.70000076293945,41.70000076293945,3207700
2008-03-28,39.70000076293945,40.93000030517578,39.599998474121094,40.7599983215332,3428100
2008-03-31,40.47999954223633,40.810001373291016,39.58000183105469,39.84000015258789,4301700
2008-04-01,43.13999938964844,43.189998626708984,41.060001373291016,41.060001373291016,5813700
2008-04-02,42.63999938964844,43.540000915527344,42.41999816894531,43.119998931884766,3102000
2008-04-03,42.099998474121094,42.150001525878906,41.09000015258789,41.72999954223633,3430700
2008-04-04,41.65999984741211,42.040000915527344,41.4900016784668,41.650001525878906,3481800
2008-04-07,42.04999923706055,42.2400016784668,41.619998931884766,42.0,3885400
2008-04-08,41.54999923706055,41.7599983215332,41.29999923706055,41.400001525878906,3654500
2008-04-09,40.02000045776367,41.599998474121094,39.880001068115234,41.47999954223633,4343200
2008-04-10,40.2599983215332,40.81999969482422,39.849998474121094,40.11000061035156,3241100
2008-04-11,39.720001220703125,40.189998626708984,39.5,40.04999923706055,2288100
2008-04-14,39.79999923706055,40.11000061035156,39.599998474121094,40.11000061035156,2266700
2008-04-15,39.2599983215332,39.900001525878906,38.7599983215332,39.869998931884766,3169400
2008-04-16,40.810001373291016,40.84000015258789,39.90999984741211,39.90999984741211,2932100
2008-04-17,41.400001525878906,41.52000045776367,40.61000061035156,40.70000076293945,2677700
2008-04-18,42.47999954223633,42.790000915527344,42.130001068115234,42.16999816894531,4504900
2008-04-21,41.25,42.22999954223633,41.150001525878906,42.09000015258789,2751800
2008-04-22,40.31999969482422,40.97999954223633,40.0099983215332,40.97999954223633,3703400
2008-04-23,39.380001068115234,39.810001373291016,38.95000076293945,39.290000915527344,4905600
2008-04-24,39.75,40.16999816894531,38.54999923706055,38.650001525878906,5062400
2008-04-25,39.45000076293945,39.59000015258789,38.63999938964844,38.97999954223633,4702100
2008-04-28,39.529998779296875,39.849998474121094,39.33000183105469,39.47999954223633,3077600
2008-04-29,39.709999084472656,39.970001220703125,39.209999084472656,39.25,3568600
2008-04-30,40.16999816894531,40.93000030517578,39.66999816894531,40.02000045776367,4192600
2008-05-01,41.54999923706055,41.970001220703125,39.79999923706055,39.88999938964844,4105800
2008-05-02,41.939998626708984,42.709999084472656,41.599998474121094,42.5,3966600
2008-05-05,40.970001220703125,41.869998931884766,40.88999938964844,41.79999923706055,2737200
2008-05-06,40.54999923706055,40.88999938964844,40.040000915527344,40.88999938964844,3691000
2008-05-07,39.880001068115234,41.2400016784668,39.790000915527344,40.54999923706055,3107900
2008-05-08,40.459999084472656,40.79999923706055,40.11000061035156,40.47999954223633,2835600
2008-05-09,39.720001220703125,40.15999984741211,39.540000915527344,39.939998626708984,3017400
2008-05-12,40.720001220703125,40.7599983215332,39.97999954223633,40.150001525878906,2192300
2008-05-13,39.90999984741211,40.72999954223633,39.84000015258789,40.459999084472656,2908600
2008-05-14,39.619998931884766,39.90999984741211,39.33000183105469,39.5099983215332,4791000
2008-05-15,40.36000061035156,40.459999084472656,39.38999938964844,39.47999954223633,4986200
2008-05-16,39.650001525878906,40.5,39.45000076293945,40.36000061035156,4581500
2008-05-19,40.0,40.279998779296875,39.400001525878906,39.61000061035156,4061700
2008-05-20,39.220001220703125,39.47999954223633,39.060001373291016,39.209999084472656,5431400
2008-05-21,37.43000030517578,38.2599983215332,37.31999969482422,38.02000045776367,8856400
2008-05-22,37.95000076293945,38.400001525878906,37.2599983215332,37.31999969482422,5557200
2008-05-23,36.9900016784668,37.66999816894531,36.91999816894531,37.66999816894531,4380000
2008-05-27,38.08000183105469,38.209999084472656,37.209999084472656,37.369998931884766,3603100
2008-05-28,38.83000183105469,39.08000183105469,38.380001068115234,38.59000015258789,4941500
2008-05-29,39.02000045776367,39.18000030517578,38.02000045776367,38.2400016784668,4436700
2008-05-30,40.060001373291016,40.20000076293945,38.849998474121094,39.099998474121094,5540300
2008-06-02,39.279998779296875,39.599998474121094,38.970001220703125,39.45000076293945,5721900
2008-06-03,38.22999954223633,39.13999938964844,37.790000915527344,39.0,5944900
2008-06-04,38.58000183105469,39.29999923706055,38.189998626708984,38.34000015258789,5261100
2008-06-05,39.349998474121094,39.560001373291016,38.56999969482422,38.779998779296875,2854400
2008-06-06,37.22999954223633,38.56999969482422,37.20000076293945,38.47999954223633,5042500
2008-06-09,36.95000076293945,37.61000061035156,36.56999969482422,37.27000045776367,2775200
2008-06-10,37.470001220703125,37.619998931884766,36.54999923706055,36.61000061035156,3544900
2008-06-11,36.209999084472656,37.209999084472656,36.20000076293945,37.04999923706055,5107300
2008-06-12,36.650001525878906,37.130001068115234,36.34000015258789,36.63999938964844,3858300
2008-06-13,36.9900016784668,37.220001220703125,36.560001373291016,37.15999984741211,2369700
2008-06-16,36.220001220703125,36.619998931884766,35.959999084472656,36.47999954223633,4802700
2008-06-17,35.5099983215332,36.209999084472656,35.5099983215332,36.209999084472656,5728700
2008-06-18,34.970001220703125,35.279998779296875,34.349998474121094,34.90999984741211,12724300
2008-06-19,36.84000015258789,37.060001373291016,33.869998931884766,34.20000076293945,12320800
2008-06-20,35.470001220703125,36.09000015258789,35.09000015258789,35.790000915527344,9554100
2008-06-23,34.400001525878906,35.220001220703125,34.349998474121094,34.83000183105469,5322500
2008-06-24,34.47999954223633,34.79999923706055,33.900001525878906,34.130001068115234,5797200
2008-06-25,35.529998779296875,36.2400016784668,34.630001068115234,34.68000030517578,5888300
2008-06-26,33.470001220703125,34.939998626708984,33.439998626708984,34.70000076293945,6652000
2008-06-27,32.93000030517578,33.36000061035156,32.43000030517578,33.2599983215332,6008300
2008-06-30,32.959999084472656,33.54999923706055,32.7599983215332,33.310001373291016,5992900
2008-07-01,32.29999923706055,32.630001068115234,31.600000381469727,31.829999923706055,6761800
2008-07-02,32.22999954223633,32.900001525878906,32.150001525878906,32.61000061035156,6145200
2008-07-03,31.889999389648438,32.880001068115234,31.81999969482422,32.77000045776367,3738700
2008-07-07,32.349998474121094,32.65999984741211,31.709999084472656,31.829999923706055,6959000
2008-07-08,34.2599983215332,34.38999938964844,32.560001373291016,32.77000045776367,9455600
2008-07-09,32.400001525878906,34.349998474121094,32.310001373291016,34.279998779296875,7239100
2008-07-10,30.8799991607666,32.41999816894531,30.559999465942383,32.220001220703125,10833100
2008-07-11,30.290000915527344,30.889999389648438,29.670000076293945,30.469999313354492,8431100
2008-07-14,29.969999313354492,31.229999542236328,29.93000030517578,31.229999542236328,4580900
2008-07-15,30.25,30.989999771118164,29.219999313354492,30.290000915527344,7368200
2008-07-16,33.209999084472656,33.2400016784668,30.010000228881836,30.049999237060547,10548800
2008-07-17,36.40999984741211,37.06999969482422,33.0,33.459999084472656,14717300
2008-07-18,36.63999938964844,36.900001525878906,35.310001373291016,35.459999084472656,7925400
2008-07-21,35.41999816894531,36.63999938964844,35.2599983215332,36.16999816894531,5682500
2008-07-22,39.72999954223633,39.86000061035156,34.970001220703125,35.15999984741211,14644500
2008-07-23,39.900001525878906,41.150001525878906,38.66999816894531,39.72999954223633,10351800
2008-07-24,37.630001068115234,39.36000061035156,37.38999938964844,39.27000045776367,6715700
2008-07-25,37.90999984741211,38.93000030517578,37.58000183105469,37.9900016784668,4893600
2008-07-28,36.130001068115234,37.83000183105469,36.06999969482422,37.5,7001300
2008-07-29,38.209999084472656,38.439998626708984,36.16999816894531,36.16999816894531,6471100
2008-07-30,37.5099983215332,38.599998474121094,36.560001373291016,37.91999816894531,6151500
2008-07-31,36.939998626708984,37.959999084472656,36.65999984741211,36.68000030517578,6853800
2008-08-01,36.560001373291016,37.83000183105469,36.150001525878906,37.83000183105469,5322900
2008-08-04,37.36000061035156,37.720001220703125,36.61000061035156,36.91999816894531,4667200
2008-08-05,40.18000030517578,40.2400016784668,38.63999938964844,38.95000076293945,7972100
2008-08-06,39.779998779296875,39.970001220703125,38.959999084472656,39.75,4501300
2008-08-07,37.630001068115234,38.45000076293945,37.40999984741211,38.119998931884766,6514800
2008-08-08,39.900001525878906,40.029998779296875,38.06999969482422,38.25,5539500
2008-08-11,40.81999969482422,41.4900016784668,39.63999938964844,39.709999084472656,5306700
2008-08-12,39.189998626708984,40.66999816894531,38.93000030517578,39.779998779296875,7163200
2008-08-13,37.689998626708984,38.65999984741211,37.439998626708984,38.0099983215332,6440600
2008-08-14,39.279998779296875,39.5099983215332,37.04999923706055,37.20000076293945,5618800
2008-08-15,39.470001220703125,39.95000076293945,38.56999969482422,38.630001068115234,4990300
2008-08-18,38.209999084472656,39.11000061035156,37.869998931884766,38.9900016784668,4547300
2008-08-19,36.81999969482422,37.650001525878906,36.34000015258789,37.54999923706055,4807800
2008-08-20,35.7599983215332,36.72999954223633,35.54999923706055,36.36000061035156,6454800
2008-08-21,36.0099983215332,36.22999954223633,35.36000061035156,35.75,4911900
2008-08-22,37.2599983215332,37.290000915527344,36.220001220703125,36.41999816894531,3587500
2008-08-25,36.36000061035156,37.25,36.08000183105469,37.0,3597800
2008-08-26,36.0,36.529998779296875,35.61000061035156,35.970001220703125,2757300
2008-08-27,36.22999954223633,36.52000045776367,35.52000045776367,35.9900016784668,2735300
2008-08-28,37.779998779296875,37.779998779296875,36.400001525878906,36.439998626708984,4878400
2008-08-29,37.060001373291016,37.47999954223633,36.58000183105469,36.630001068115234,4487700
2008-09-02,39.130001068115234,40.20000076293945,38.060001373291016,38.060001373291016,10544800
2008-09-03,39.04999923706055,39.33000183105469,38.470001220703125,38.470001220703125,5354200
2008-09-04,37.900001525878906,38.279998779296875,37.81999969482422,38.060001373291016,6385800
2008-09-05,38.9900016784668,39.11000061035156,37.400001525878906,37.58000183105469,6916100
2008-09-08,40.709999084472656,40.72999954223633,38.75,40.11000061035156,6898400
2008-09-09,40.02000045776367,42.04999923706055,39.970001220703125,40.91999816894531,10839600
2008-09-10,39.599998474121094,40.27000045776367,38.75,40.27000045776367,6847800
2008-09-11,40.25,40.27000045776367,38.529998779296875,39.08000183105469,6569600
2008-09-12,41.099998474121094,41.220001220703125,39.31999969482422,39.84000015258789,7468000
2008-09-15,41.02000045776367,42.2400016784668,39.709999084472656,39.91999816894531,11090800
2008-09-16,40.970001220703125,42.18000030517578,39.560001373291016,39.689998626708984,8051100
2008-09-17,38.93000030517578,40.380001068115234,38.18000030517578,40.29999923706055,10353400
2008-09-18,39.22999954223633,39.79999923706055,37.150001525878906,39.720001220703125,13153800
2008-09-19,39.7599983215332,42.38999938964844,39.0,41.95000076293945,8794100
2008-09-22,37.38999938964844,40.150001525878906,37.040000915527344,40.150001525878906,8086600
2008-09-23,37.220001220703125,38.310001373291016,37.02000045776367,37.529998779296875,4790000
2008-09-24,36.880001068115234,37.529998779296875,36.56999969482422,37.33000183105469,4443600
2008-09-25,36.2599983215332,37.599998474121094,35.83000183105469,37.459999084472656,7367300
2008-09-26,35.5,36.16999816894531,35.02000045776367,35.900001525878906,6666900
2008-09-29,33.22999954223633,35.060001373291016,32.560001373291016,34.779998779296875,8058000
2008-09-30,35.349998474121094,35.439998626708984,33.540000915527344,34.29999923706055,8592300
2008-10-01,35.970001220703125,36.18000030517578,34.619998931884766,35.08000183105469,6491400
2008-10-02,34.68000030517578,35.869998931884766,34.2599983215332,35.189998626708984,6684500
2008-10-03,32.7400016784668,34.900001525878906,32.70000076293945,34.779998779296875,9072300
2008-10-06,30.950000762939453,32.54999923706055,30.0,31.8799991607666,12216600
2008-10-07,29.59000015258789,31.760000228881836,29.399999618530273,31.760000228881836,8965500
2008-10-08,29.59000015258789,30.56999969482422,28.459999084472656,29.049999237060547,12289100
2008-10-09,27.920000076293945,30.510000228881836,27.84000015258789,30.510000228881836,10718000
2008-10-10,28.020000457763672,28.940000534057617,24.079999923706055,26.350000381469727,21257700
2008-10-13,30.969999313354492,31.0,28.0,28.65999984741211,9041700
2008-10-14,30.350000381469727,32.15999984741211,29.43000030517578,31.729999542236328,10126000
2008-10-15,27.81999969482422,30.15999984741211,27.690000534057617,29.399999618530273,8065800
2008-10-16,29.31999969482422,29.450000762939453,25.899999618530273,27.93000030517578,10317400
2008-10-17,29.59000015258789,30.360000610351562,28.389999389648438,28.440000534057617,7026300
2008-10-20,30.06999969482422,30.15999984741211,29.0,29.6299991607666,5659000
2008-10-21,29.920000076293945,30.920000076293945,29.59000015258789,30.059999465942383,4925000
2008-10-22,28.15999984741211,29.270000457763672,27.030000686645508,29.1200008392334,6013600
2008-10-23,27.309999465942383,28.43000030517578,25.950000762939453,28.170000076293945,7000400
2008-10-24,26.520000457763672,27.030000686645508,25.059999465942383,25.209999084472656,7762800
2008-10-27,25.040000915527344,27.31999969482422,25.040000915527344,25.899999618530273,8128600
2008-10-28,27.719999313354492,27.770000457763672,23.530000686645508,26.059999465942383,10913800
2008-10-29,28.399999618530273,29.860000610351562,27.84000015258789,28.280000686645508,7913000
2008-10-30,28.709999084472656,29.8700008392334,27.81999969482422,29.309999465942383,5890300
2008-10-31,25.399999618530273,26.139999389648438,21.920000076293945,25.90999984741211,24617600
2008-11-03,24.06999969482422,24.979999542236328,23.65999984741211,24.979999542236328,8307000
2008-11-04,24.950000762939453,25.459999084472656,24.850000381469727,25.280000686645508,15120700
2008-11-05,23.459999084472656,24.90999984741211,23.229999542236328,24.610000610351562,7405900
2008-11-06,21.8799991607666,24.229999542236328,21.56999969482422,23.90999984741211,11196200
2008-11-07,22.030000686645508,22.709999084472656,21.84000015258789,22.709999084472656,7591000
2008-11-10,20.850000381469727,22.84000015258789,20.610000610351562,22.829999923706055,6116300
2008-11-11,20.920000076293945,21.56999969482422,20.34000015258789,21.149999618530273,7449100
2008-11-12,19.239999771118164,20.6299991607666,19.139999389648438,20.170000076293945,8029000
2008-11-13,20.059999465942383,20.149999618530273,18.100000381469727,19.399999618530273,9720600
2008-11-14,18.969999313354492,20.420000076293945,18.90999984741211,19.90999984741211,6977300
2008-11-17,18.540000915527344,19.760000228881836,18.540000915527344,19.040000915527344,6448100
2008-11-18,18.799999237060547,19.299999237060547,18.200000762939453,18.5,5633100
2008-11-19,16.469999313354492,18.399999618530273,16.40999984741211,18.399999618530273,9183700
2008-11-20,15.020000457763672,16.729999542236328,14.859999656677246,16.540000915527344,13207500
2008-11-21,15.770000457763672,15.949999809265137,14.850000381469727,15.930000305175781,11492200
2008-11-24,17.75,18.059999465942383,16.1299991607666,16.709999084472656,12844600
2008-11-25,17.84000015258789,18.600000381469727,16.790000915527344,18.549999237060547,11435800
2008-11-26,19.469999313354492,19.639999389648438,17.700000762939453,17.899999618530273,6808500
2008-11-28,21.0,21.09000015258789,19.520000457763672,19.520000457763672,4416500
2008-12-01,19.59000015258789,20.290000915527344,19.549999237060547,19.850000381469727,9872400
2008-12-02,20.09000015258789,20.670000076293945,19.360000610351562,20.420000076293945,12162300
2008-12-03,21.190000534057617,21.309999465942383,19.670000076293945,19.950000762939453,8593900
2008-12-04,21.079999923706055,21.239999771118164,20.270000457763672,20.860000610351562,12097400
2008-12-05,21.479999542236328,21.68000030517578,19.229999542236328,20.139999389648438,8248300
2008-12-08,21.93000030517578,22.34000015258789,21.260000228881836,21.520000457763672,8677600
2008-12-09,21.899999618530273,23.190000534057617,21.700000762939453,22.049999237060547,5589900
2008-12-10,22.739999771118164,22.850000381469727,21.719999313354492,22.190000534057617,5519700
2008-12-11,21.829999923706055,22.8700008392334,21.559999465942383,22.25,5883600
2008-12-12,21.719999313354492,21.860000610351562,21.0,21.25,4316000
2008-12-15,20.809999465942383,22.139999389648438,20.399999618530273,21.520000457763672,4771400
2008-12-16,22.8700008392334,23.0,20.8799991607666,20.93000030517578,6103500
2008-12-17,23.469999313354492,23.75,22.059999465942383,22.389999389648438,6394800
2008-12-18,24.239999771118164,24.75,22.049999237060547,22.56999969482422,11508700
2008-12-19,24.200000762939453,24.6200008392334,23.729999542236328,23.84000015258789,6528300
2008-12-22,23.1299991607666,23.760000228881836,22.540000915527344,23.600000381469727,4925900
2008-12-23,23.1299991607666,23.979999542236328,23.010000228881836,23.559999465942383,3630300
2008-12-24,23.200000762939453,23.56999969482422,22.860000610351562,23.200000762939453,956000
2008-12-26,23.34000015258789,23.440000534057617,22.989999771118164,23.40999984741211,1230400
2008-12-29,23.040000915527344,23.06999969482422,22.6200008392334,22.81999969482422,2769500
2008-12-30,24.170000076293945,24.200000762939453,23.260000228881836,23.260000228881836,2245400
2008-12-31,24.31999969482422,24.90999984741211,23.989999771118164,24.229999542236328,3732800
2009-01-02,25.549999237060547,25.639999389648438,24.18000030517578,24.18000030517578,3442300
2009-01-05,25.079999923706055,25.34000015258789,24.34000015258789,25.079999923706055,5064900
2009-01-06,25.219999313354492,25.760000228881836,25.040000915527344,25.520000457763672,4524100
2009-01-07,24.209999084472656,24.790000915527344,23.81999969482422,24.5,3478800
2009-01-08,24.1299991607666,24.18000030517578,23.31999969482422,24.030000686645508,3263100
2009-01-09,23.610000610351562,24.860000610351562,23.209999084472656,24.709999084472656,4282800
2009-01-12,22.489999771118164,23.479999542236328,22.280000686645508,23.420000076293945,3326600
2009-01-13,22.700000762939453,22.850000381469727,22.049999237060547,22.09000015258789,5321500
2009-01-14,21.719999313354492,22.270000457763672,21.34000015258789,22.219999313354492,5528100
2009-01-15,20.950000762939453,21.469999313354492,20.110000610351562,21.049999237060547,7470300
2009-01-16,21.110000610351562,21.549999237060547,20.299999237060547,21.260000228881836,5485300
2009-01-20,19.110000610351562,20.739999771118164,19.09000015258789,20.389999389648438,6941300
2009-01-21,19.8799991607666,19.959999084472656,18.920000076293945,19.610000610351562,7317600
2009-01-22,19.440000534057617,19.860000610351562,18.979999542236328,19.260000228881836,8031100
2009-01-23,19.3799991607666,19.59000015258789,18.600000381469727,18.850000381469727,7018400
2009-01-26,19.040000915527344,19.8799991607666,18.799999237060547,19.190000534057617,6224100
2009-01-27,19.579999923706055,19.889999389648438,19.239999771118164,19.34000015258789,3246100
2009-01-28,19.969999313354492,20.31999969482422,19.149999618530273,20.1200008392334,8958800
2009-01-29,18.600000381469727,19.459999084472656,18.479999542236328,19.25,11436800
2009-01-30,18.190000534057617,19.100000381469727,18.139999389648438,18.950000762939453,9391600
2009-02-02,18.010000228881836,18.15999984741211,17.59000015258789,17.799999237060547,4926200
2009-02-03,18.889999389648438,19.09000015258789,17.84000015258789,18.43000030517578,6135300
2009-02-04,18.479999542236328,19.559999465942383,18.40999984741211,19.06999969482422,5248700
2009-02-05,19.329999923706055,19.559999465942383,18.510000228881836,18.920000076293945,5781600
2009-02-06,20.700000762939453,21.09000015258789,19.520000457763672,19.709999084472656,6675000
2009-02-09,21.450000762939453,21.6299991607666,20.239999771118164,20.59000015258789,7033200
2009-02-10,21.209999084472656,21.670000076293945,20.790000915527344,20.84000015258789,12068600
2009-02-11,21.639999389648438,21.989999771118164,21.110000610351562,21.200000762939453,8124200
2009-02-12,21.200000762939453,21.299999237060547,20.200000762939453,21.1299991607666,7185000
2009-02-13,20.8700008392334,21.540000915527344,20.829999923706055,21.06999969482422,6051500
2009-02-17,20.020000457763672,20.34000015258789,19.639999389648438,20.0,6397900
2009-02-18,19.719999313354492,20.030000686645508,19.3700008392334,20.0,6303100
2009-02-19,19.389999389648438,20.1299991607666,19.270000457763672,19.90999984741211,4502000
2009-02-20,19.399999618530273,19.719999313354492,18.829999923706055,18.989999771118164,6825700
2009-02-23,18.56999969482422,19.81999969482422,18.510000228881836,19.790000915527344,7044400
2009-02-24,20.25,20.709999084472656,18.899999618530273,19.1200008392334,9739400
2009-02-25,19.790000915527344,20.6299991607666,19.5,20.6299991607666,9629600
2009-02-26,19.989999771118164,20.969999313354492,19.920000076293945,20.68000030517578,7844700
2009-02-27,19.559999465942383,20.100000381469727,19.209999084472656,20.09000015258789,12694600
2009-03-02,18.209999084472656,19.329999923706055,18.040000915527344,19.15999984741211,9484600
2009-03-03,18.100000381469727,18.68000030517578,17.65999984741211,18.600000381469727,10059400
2009-03-04,19.520000457763672,20.030000686645508,18.709999084472656,18.989999771118164,10629000
2009-03-05,18.100000381469727,19.6200008392334,17.8799991607666,19.229999542236328,9452000
2009-03-06,17.299999237060547,18.190000534057617,16.8700008392334,17.979999542236328,9805500
2009-03-09,16.979999542236328,18.0,16.799999237060547,17.170000076293945,7252300
2009-03-10,19.18000030517578,19.190000534057617,17.56999969482422,17.850000381469727,12282400
2009-03-11,19.670000076293945,20.350000381469727,19.350000381469727,19.829999923706055,7220900
2009-03-12,20.739999771118164,20.780000686645508,18.959999084472656,19.170000076293945,7302100
2009-03-13,20.540000915527344,21.049999237060547,20.030000686645508,20.8700008392334,6350100
2009-03-16,20.5,21.479999542236328,20.479999542236328,21.0,5344200
2009-03-17,21.579999923706055,21.579999923706055,20.149999618530273,20.149999618530273,4808800
2009-03-18,22.06999969482422,22.600000381469727,21.139999389648438,21.489999771118164,5992000
2009-03-19,22.389999389648438,22.75,22.149999618530273,22.510000228881836,5818000
2009-03-20,21.299999237060547,22.389999389648438,20.8799991607666,22.239999771118164,6713300
2009-03-23,23.309999465942383,23.5,21.239999771118164,21.8799991607666,12223000
2009-03-24,22.829999923706055,24.940000534057617,22.579999923706055,23.010000228881836,15274600
2009-03-25,22.709999084472656,23.09000015258789,21.969999313354492,22.5,9482100
2009-03-26,23.139999389648438,23.530000686645508,22.510000228881836,22.670000076293945,10304000
2009-03-27,22.170000076293945,22.790000915527344,21.940000534057617,22.489999771118164,5359000
2009-03-30,20.920000076293945,21.549999237060547,20.700000762939453,21.3700008392334,5019200
2009-03-31,21.600000381469727,21.989999771118164,21.139999389648438,21.479999542236328,5792200
2009-04-01,23.040000915527344,23.209999084472656,21.25,21.43000030517578,6684700
2009-04-02,24.190000534057617,24.93000030517578,23.190000534057617,23.459999084472656,7726700
2009-04-03,25.520000457763672,25.639999389648438,24.040000915527344,24.260000228881836,6552900
2009-04-06,24.75,25.200000762939453,24.260000228881836,25.200000762939453,5545600
2009-04-07,23.5,24.059999465942383,23.360000610351562,23.979999542236328,5265700
2009-04-08,23.989999771118164,24.200000762939453,23.559999465942383,23.920000076293945,3750700
2009-04-09,25.600000381469727,25.93000030517578,24.34000015258789,24.8700008392334,6711400
2009-04-13,26.200000762939453,26.510000228881836,24.829999923706055,25.290000915527344,5355700
2009-04-14,25.280000686645508,26.010000228881836,25.09000015258789,25.639999389648438,4537400
2009-04-15,25.81999969482422,25.889999389648438,24.850000381469727,24.8700008392334,6067000
2009-04-16,27.40999984741211,27.829999923706055,25.450000762939453,25.65999984741211,7449600
2009-04-17,27.25,28.0,26.610000610351562,27.469999313354492,7617700
2009-04-20,25.25,26.200000762939453,25.229999542236328,25.940000534057617,5983700
2009-04-21,25.56999969482422,25.610000610351562,24.850000381469727,25.040000915527344,5136200
2009-04-22,26.59000015258789,27.09000015258789,24.600000381469727,24.850000381469727,9364400
2009-04-23,27.719999313354492,28.420000076293945,26.65999984741211,27.260000228881836,9152300
2009-04-24,28.43000030517578,28.75,27.600000381469727,27.920000076293945,6253200
2009-04-27,24.59000015258789,26.209999084472656,23.760000228881836,25.860000610351562,18640800
2009-04-28,25.549999237060547,26.25,23.93000030517578,24.059999465942383,10687200
2009-04-29,26.530000686645508,26.899999618530273,25.829999923706055,26.1200008392334,6500500
2009-04-30,26.8799991607666,27.670000076293945,26.81999969482422,27.010000228881836,8419000
2009-05-01,26.139999389648438,27.170000076293945,26.040000915527344,27.100000381469727,4171500
2009-05-04,29.56999969482422,29.59000015258789,26.290000915527344,26.489999771118164,10696900
2009-05-05,29.31999969482422,29.649999618530273,28.770000457763672,29.209999084472656,5307900
2009-05-06,29.469999313354492,29.530000686645508,28.829999923706055,29.40999984741211,6458000
2009-05-07,28.1299991607666,29.760000228881836,28.030000686645508,29.59000015258789,10112500
2009-05-08,27.8700008392334,28.5,27.40999984741211,27.950000762939453,7899500
2009-05-11,27.260000228881836,27.709999084472656,26.950000762939453,27.229999542236328,3944700
2009-05-12,26.860000610351562,27.989999771118164,26.399999618530273,27.989999771118164,3986000
2009-05-13,25.280000686645508,26.0,25.0,25.959999084472656,4714400
2009-05-14,25.559999465942383,26.149999618530273,25.0,25.469999313354492,5343500
2009-05-15,25.0,25.790000915527344,24.639999389648438,25.530000686645508,4623000
2009-05-18,26.489999771118164,26.600000381469727,25.809999465942383,26.18000030517578,6267000
2009-05-19,26.540000915527344,27.149999618530273,26.3700008392334,26.799999237060547,4549800
2009-05-20,25.049999237060547,26.770000457763672,24.920000076293945,26.530000686645508,5810500
2009-05-21,24.68000030517578,24.969999313354492,24.290000915527344,24.850000381469727,4436300
2009-05-22,24.950000762939453,25.299999237060547,24.459999084472656,25.049999237060547,3679900
2009-05-26,25.90999984741211,26.010000228881836,24.690000534057617,24.690000534057617,6740400
2009-05-27,24.799999237060547,26.280000686645508,24.649999618530273,26.020000457763672,5189200
2009-05-28,24.389999389648438,25.049999237060547,23.790000915527344,24.979999542236328,7422000
2009-05-29,25.440000534057617,25.479999542236328,24.489999771118164,24.690000534057617,4798900
2009-06-01,26.68000030517578,27.09000015258789,25.75,25.8700008392334,5485700
2009-06-02,26.799999237060547,27.0,26.280000686645508,26.549999237060547,4160000
2009-06-03,26.239999771118164,26.459999084472656,25.81999969482422,26.079999923706055,3288000
2009-06-04,25.989999771118164,26.280000686645508,25.520000457763672,26.0,3678300
2009-06-05,25.559999465942383,26.219999313354492,25.40999984741211,25.860000610351562,3961300
2009-06-08,25.0,25.309999465942383,24.6299991607666,25.170000076293945,5569300
2009-06-09,25.030000686645508,25.25,24.799999237060547,25.25,4185600
2009-06-10,23.850000381469727,25.469999313354492,23.350000381469727,25.469999313354492,9546200
2009-06-11,23.729999542236328,24.479999542236328,23.420000076293945,24.479999542236328,7850300
2009-06-12,24.170000076293945,24.200000762939453,23.579999923706055,24.110000610351562,5108400
2009-06-15,23.15999984741211,23.6299991607666,22.84000015258789,23.6299991607666,5646500
2009-06-16,22.530000686645508,23.3799991607666,22.40999984741211,23.280000686645508,5171900
2009-06-17,23.049999237060547,23.549999237060547,22.18000030517578,22.59000015258789,6649100
2009-06-18,24.770000457763672,25.31999969482422,23.809999465942383,24.010000228881836,12497300
2009-06-19,26.600000381469727,27.09000015258789,26.06999969482422,26.729999542236328,12052200
2009-06-22,24.559999465942383,26.15999984741211,24.520000457763672,26.040000915527344,6575600
2009-06-23,24.540000915527344,25.049999237060547,24.290000915527344,24.889999389648438,4867400
2009-06-24,25.479999542236328,26.3799991607666,24.979999542236328,25.049999237060547,7273400
2009-06-25,25.739999771118164,26.139999389648438,24.90999984741211,24.90999984741211,5560700
2009-06-26,25.350000381469727,25.719999313354492,25.25,25.43000030517578,5200400
2009-06-29,26.09000015258789,26.350000381469727,25.31999969482422,25.479999542236328,4377500
2009-06-30,25.770000457763672,25.989999771118164,25.110000610351562,25.959999084472656,4627200
2009-07-01,26.270000457763672,26.389999389648438,25.5,25.809999465942383,4348900
2009-07-02,25.350000381469727,26.270000457763672,25.170000076293945,25.549999237060547,6960800
2009-07-06,25.440000534057617,25.450000762939453,24.920000076293945,25.15999984741211,5305500
2009-07-07,24.93000030517578,25.559999465942383,24.850000381469727,25.299999237060547,4479800
2009-07-08,24.510000228881836,25.139999389648438,23.989999771118164,25.0,5404100
2009-07-09,25.280000686645508,25.40999984741211,24.690000534057617,24.799999237060547,3780800
2009-07-10,24.68000030517578,25.260000228881836,24.420000076293945,25.139999389648438,4922100
2009-07-13,25.06999969482422,25.06999969482422,24.270000457763672,24.639999389648438,4526300
2009-07-14,25.489999771118164,25.5,24.959999084472656,25.239999771118164,3383100
2009-07-15,27.260000228881836,27.280000686645508,25.579999923706055,25.739999771118164,7195300
2009-07-16,27.239999771118164,27.43000030517578,26.270000457763672,27.030000686645508,5422300
2009-07-17,26.34000015258789,26.860000610351562,26.079999923706055,26.799999237060547,5813600
2009-07-20,27.68000030517578,27.889999389648438,26.760000228881836,26.899999618530273,5499300
2009-07-21,27.6299991607666,27.760000228881836,27.100000381469727,27.65999984741211,3922700
2009-07-22,27.809999465942383,27.950000762939453,26.920000076293945,26.920000076293945,3074200
2009-07-23,28.549999237060547,28.90999984741211,27.229999542236328,27.299999237060547,4891900
2009-07-24,28.5,28.520000457763672,27.829999923706055,28.190000534057617,3443300
2009-07-27,28.239999771118164,28.5,27.530000686645508,27.940000534057617,3435100
2009-07-28,28.43000030517578,28.43000030517578,27.3700008392334,27.5,4172000
2009-07-29,27.290000915527344,27.56999969482422,26.90999984741211,27.190000534057617,6928700
2009-07-30,28.15999984741211,28.489999771118164,27.43000030517578,27.559999465942383,4677100
2009-07-31,27.989999771118164,28.709999084472656,27.940000534057617,28.299999237060547,4207800
2009-08-03,29.0,29.239999771118164,28.540000915527344,28.639999389648438,4647900
2009-08-04,29.420000076293945,29.579999923706055,28.65999984741211,28.93000030517578,4147800
2009-08-05,28.959999084472656,29.979999542236328,28.8700008392334,29.889999389648438,4198700
2009-08-06,28.90999984741211,29.649999618530273,28.829999923706055,29.540000915527344,3170700
2009-08-07,30.350000381469727,30.75,29.059999465942383,29.40999984741211,5383500
2009-08-10,29.8700008392334,30.3799991607666,29.579999923706055,30.200000762939453,3206500
2009-08-11,29.510000228881836,29.739999771118164,29.059999465942383,29.280000686645508,3438800
2009-08-12,30.469999313354492,30.90999984741211,29.1299991607666,29.190000534057617,5180500
2009-08-13,30.34000015258789,30.3700008392334,29.459999084472656,29.989999771118164,3835200
2009-08-14,29.850000381469727,30.459999084472656,29.399999618530273,30.360000610351562,3092800
2009-08-17,28.25,28.799999237060547,28.100000381469727,28.690000534057617,3385300
2009-08-18,28.860000610351562,28.979999542236328,28.360000610351562,28.43000030517578,3080000
2009-08-19,29.3799991607666,29.670000076293945,28.260000228881836,28.3799991607666,3933100
2009-08-20,30.1299991607666,30.3700008392334,29.420000076293945,29.540000915527344,4492400
2009-08-21,30.8799991607666,31.1200008392334,30.3700008392334,30.479999542236328,4325000
2009-08-24,30.690000534057617,31.639999389648438,30.59000015258789,31.6200008392334,2914000
2009-08-25,31.059999465942383,31.31999969482422,30.709999084472656,31.309999465942383,5341500
2009-08-26,30.510000228881836,30.799999237060547,30.200000762939453,30.799999237060547,3568600
2009-08-27,30.059999465942383,30.420000076293945,29.700000762939453,30.350000381469727,4201300
2009-08-28,30.34000015258789,30.75,30.059999465942383,30.649999618530273,2904400
2009-08-31,29.25,30.209999084472656,29.149999618530273,30.1299991607666,4662300
2009-09-01,28.610000610351562,29.84000015258789,28.420000076293945,29.34000015258789,4356900
2009-09-02,28.510000228881836,28.729999542236328,28.260000228881836,28.579999923706055,3372800
2009-09-03,29.329999923706055,29.469999313354492,28.969999313354492,29.31999969482422,4500000
2009-09-04,29.350000381469727,29.690000534057617,29.290000915527344,29.420000076293945,4859900
2009-09-08,30.84000015258789,31.059999465942383,30.549999237060547,31.0,5347500
2009-09-09,31.8799991607666,32.41999816894531,31.209999084472656,31.329999923706055,5519000
2009-09-10,32.22999954223633,32.349998474121094,31.649999618530273,31.959999084472656,4898600
2009-09-11,32.650001525878906,33.02000045776367,32.43000030517578,32.7400016784668,4027500
2009-09-14,32.439998626708984,32.599998474121094,32.150001525878906,32.150001525878906,3140800
2009-09-15,32.939998626708984,33.369998931884766,32.79999923706055,33.15999984741211,5730800
2009-09-16,33.220001220703125,33.79999923706055,32.970001220703125,33.380001068115234,5449400
2009-09-17,32.86000061035156,33.65999984741211,32.54999923706055,33.38999938964844,3854500
2009-09-18,32.2599983215332,33.2599983215332,32.13999938964844,33.119998931884766,5399300
2009-09-21,32.0,32.38999938964844,31.56999969482422,32.029998779296875,5934400
2009-09-22,33.52000045776367,34.95000076293945,33.40999984741211,33.869998931884766,10541000
2009-09-23,33.119998931884766,33.9900016784668,33.060001373291016,33.81999969482422,7716300
2009-09-24,33.95000076293945,34.22999954223633,33.36000061035156,34.150001525878906,7435700
2009-09-25,33.0099983215332,34.0,32.939998626708984,33.70000076293945,6933500
2009-09-28,33.619998931884766,33.63999938964844,32.900001525878906,33.16999816894531,3696400
2009-09-29,33.5,33.900001525878906,33.279998779296875,33.619998931884766,4681800
2009-09-30,33.279998779296875,33.5099983215332,32.33000183105469,33.5,6773700
2009-10-01,32.72999954223633,33.209999084472656,32.290000915527344,33.060001373291016,9602900
2009-10-02,32.45000076293945,32.93000030517578,32.20000076293945,32.31999969482422,7139700
2009-10-05,32.560001373291016,32.70000076293945,32.209999084472656,32.63999938964844,7639500
2009-10-06,32.630001068115234,33.09000015258789,32.560001373291016,33.040000915527344,5358400
2009-10-07,32.560001373291016,33.09000015258789,32.40999984741211,32.790000915527344,3498200
2009-10-08,33.2599983215332,33.7599983215332,32.91999816894531,33.16999816894531,5534400
2009-10-09,32.650001525878906,33.33000183105469,32.56999969482422,33.310001373291016,3776300
2009-10-12,32.650001525878906,33.150001525878906,32.380001068115234,32.95000076293945,4976300
2009-10-13,32.630001068115234,32.84000015258789,32.310001373291016,32.689998626708984,5058400
2009-10-14,33.31999969482422,33.630001068115234,33.02000045776367,33.5,5244200
2009-10-15,33.369998931884766,33.470001220703125,33.22999954223633,33.349998474121094,4959800
2009-10-16,33.06999969482422,33.33000183105469,32.81999969482422,33.09000015258789,4807300
2009-10-19,33.34000015258789,34.060001373291016,33.15999984741211,33.619998931884766,5150200
2009-10-20,33.150001525878906,33.75,33.0,33.61000061035156,3776100
2009-10-21,32.09000015258789,33.91999816894531,32.09000015258789,33.41999816894531,6593000
2009-10-22,33.0099983215332,33.150001525878906,31.790000915527344,32.41999816894531,4912500
2009-10-23,32.029998779296875,32.9900016784668,31.809999465942383,32.9900016784668,3663600
2009-10-26,30.59000015258789,32.08000183105469,30.350000381469727,32.0,7408700
2009-10-27,30.229999542236328,30.8700008392334,30.190000534057617,30.790000915527344,5009800
2009-10-28,29.18000030517578,30.09000015258789,29.040000915527344,30.09000015258789,5602500
2009-10-29,30.68000030517578,30.690000534057617,29.729999542236328,29.780000686645508,5479900
2009-10-30,29.1200008392334,30.600000381469727,29.1200008392334,30.489999771118164,6445800
2009-11-02,29.479999542236328,30.010000228881836,29.020000457763672,29.389999389648438,4925400
2009-11-03,29.309999465942383,29.43000030517578,28.709999084472656,29.18000030517578,7183200
2009-11-04,29.75,30.68000030517578,29.65999984741211,30.1200008392334,4980400
2009-11-05,30.81999969482422,30.81999969482422,30.139999389648438,30.299999237060547,4463000
2009-11-06,30.56999969482422,30.899999618530273,30.3700008392334,30.399999618530273,3236800
2009-11-09,31.920000076293945,31.920000076293945,30.84000015258789,31.030000686645508,4061700
2009-11-10,31.690000534057617,31.75,31.219999313354492,31.270000457763672,3922800
2009-11-11,31.600000381469727,32.11000061035156,31.399999618530273,31.850000381469727,4367500
2009-11-12,31.3799991607666,31.93000030517578,31.239999771118164,31.739999771118164,3348100
2009-11-13,32.279998779296875,32.5,31.729999542236328,31.81999969482422,3924000
2009-11-16,32.959999084472656,32.9900016784668,32.40999984741211,32.4900016784668,3395800
2009-11-17,32.7400016784668,32.849998474121094,32.380001068115234,32.849998474121094,2472200
2009-11-18,32.75,33.0,32.52000045776367,32.959999084472656,3528700
2009-11-19,31.8799991607666,32.36000061035156,31.809999465942383,32.290000915527344,2948000
2009-11-20,32.09000015258789,32.150001525878906,31.579999923706055,31.780000686645508,3080100
2009-11-23,32.290000915527344,32.849998474121094,32.16999816894531,32.459999084472656,2856800
2009-11-24,32.11000061035156,32.31999969482422,31.790000915527344,32.22999954223633,2744400
2009-11-25,33.029998779296875,33.06999969482422,32.150001525878906,32.47999954223633,3258900
2009-11-27,32.02000045776367,32.29999923706055,31.5,31.59000015258789,1826400
2009-11-30,32.029998779296875,32.34000015258789,31.510000228881836,31.84000015258789,2839100
2009-12-01,32.130001068115234,32.7400016784668,31.940000534057617,32.43000030517578,3934900
2009-12-02,32.709999084472656,32.77000045776367,32.31999969482422,32.529998779296875,5320000
2009-12-03,32.650001525878906,33.279998779296875,32.56999969482422,32.84000015258789,4332800
2009-12-04,32.86000061035156,33.349998474121094,32.349998474121094,32.90999984741211,4353400
2009-12-07,32.40999984741211,32.88999938964844,32.25,32.59000015258789,4454500
2009-12-08,31.829999923706055,32.18000030517578,31.700000762939453,32.119998931884766,4052000
2009-12-09,31.34000015258789,32.09000015258789,31.139999389648438,32.029998779296875,4323700
2009-12-10,32.189998626708984,32.43000030517578,31.520000457763672,31.639999389648438,3137200
2009-12-11,32.43000030517578,32.689998626708984,32.25,32.47999954223633,2398400
2009-12-14,33.70000076293945,33.93000030517578,32.599998474121094,32.810001373291016,4563500
2009-12-15,33.880001068115234,34.099998474121094,33.29999923706055,33.29999923706055,3625200
2009-12-16,33.81999969482422,34.63999938964844,33.61000061035156,34.45000076293945,4543800
2009-12-17,33.36000061035156,33.75,33.13999938964844,33.31999969482422,5417900
2009-12-18,32.220001220703125,32.650001525878906,31.850000381469727,32.33000183105469,10787700
2009-12-21,32.369998931884766,32.95000076293945,32.2400016784668,32.790000915527344,3234900
2009-12-22,32.72999954223633,33.09000015258789,32.25,32.470001220703125,3990600
2009-12-23,32.529998779296875,32.83000183105469,32.31999969482422,32.79999923706055,2376100
2009-12-24,32.47999954223633,32.70000076293945,32.40999984741211,32.52000045776367,672100
2009-12-28,32.25,32.90999984741211,32.130001068115234,32.68000030517578,1998600
2009-12-29,32.31999969482422,32.880001068115234,32.220001220703125,32.7400016784668,2224900
2009-12-30,32.099998474121094,32.349998474121094,31.969999313354492,32.279998779296875,2239300
2009-12-31,31.690000534057617,32.189998626708984,31.670000076293945,32.15999984741211,1987700
2010-01-04,32.060001373291016,32.7599983215332,31.959999084472656,32.290000915527344,5372700
2010-01-05,32.369998931884766,32.540000915527344,32.20000076293945,32.279998779296875,3199900
2010-01-06,31.790000915527344,32.56999969482422,31.75,32.290000915527344,6171400
2010-01-07,32.13999938964844,32.36000061035156,31.899999618530273,32.119998931884766,3469400
2010-01-08,33.220001220703125,33.290000915527344,32.63999938964844,32.81999969482422,4950500
2010-01-11,33.41999816894531,33.65999984741211,33.29999923706055,33.59000015258789,3970700
2010-01-12,32.880001068115234,33.11000061035156,32.5,32.970001220703125,3566300
2010-01-13,34.04999923706055,34.11000061035156,32.959999084472656,33.09000015258789,5123800
2010-01-14,35.06999969482422,35.27000045776367,33.970001220703125,33.97999954223633,5417600
2010-01-15,34.22999954223633,35.06999969482422,33.95000076293945,34.880001068115234,3798500
2010-01-19,35.0099983215332,35.220001220703125,34.40999984741211,34.630001068115234,3159600
2010-01-20,34.310001373291016,35.0,33.9900016784668,34.90999984741211,4015100
2010-01-21,34.209999084472656,35.400001525878906,34.13999938964844,35.130001068115234,5661700
2010-01-22,33.29999923706055,34.09000015258789,33.279998779296875,33.959999084472656,3937900
2010-01-25,33.560001373291016,34.16999816894531,33.439998626708984,34.16999816894531,2750200
2010-01-26,33.7400016784668,34.13999938964844,33.66999816894531,34.0099983215332,2864600
2010-01-27,33.880001068115234,33.939998626708984,33.36000061035156,33.72999954223633,3143300
2010-01-28,34.40999984741211,34.84000015258789,34.0099983215332,34.54999923706055,4452200
2010-01-29,33.33000183105469,34.540000915527344,33.27000045776367,34.540000915527344,4952300
2010-02-01,34.13999938964844,34.15999984741211,33.7599983215332,33.7599983215332,3674600
2010-02-02,34.59000015258789,34.709999084472656,34.33000183105469,34.709999084472656,3620500
2010-02-03,34.59000015258789,34.75,34.34000015258789,34.43000030517578,3553000
2010-02-04,32.900001525878906,34.15999984741211,32.869998931884766,33.83000183105469,4930200
2010-02-05,32.529998779296875,32.81999969482422,31.84000015258789,32.720001220703125,4682100
2010-02-08,33.15999984741211,33.58000183105469,32.20000076293945,32.439998626708984,5491300
2010-02-09,32.79999923706055,33.529998779296875,32.72999954223633,33.400001525878906,5075100
2010-02-10,32.61000061035156,33.119998931884766,32.5,33.02000045776367,4205200
2010-02-11,33.18000030517578,33.220001220703125,32.31999969482422,32.58000183105469,4144500
2010-02-12,32.81999969482422,32.90999984741211,32.4900016784668,32.7400016784668,3906200
2010-02-16,33.47999954223633,33.61000061035156,33.08000183105469,33.209999084472656,3229100
2010-02-17,34.0099983215332,34.130001068115234,33.75,33.849998474121094,4150100
2010-02-18,33.779998779296875,34.06999969482422,33.709999084472656,33.95000076293945,5536000
2010-02-19,33.88999938964844,34.209999084472656,33.790000915527344,34.040000915527344,5416200
2010-02-22,34.11000061035156,34.34000015258789,33.900001525878906,34.18000030517578,2870600
2010-02-23,33.66999816894531,34.02000045776367,33.439998626708984,33.81999969482422,2553500
2010-02-24,35.79999923706055,35.90999984741211,34.25,34.31999969482422,13062500
2010-02-25,35.65999984741211,35.709999084472656,34.880001068115234,34.91999816894531,5850700
2010-02-26,35.959999084472656,36.15999984741211,34.959999084472656,34.959999084472656,5244500
2010-03-01,36.099998474121094,36.099998474121094,35.619998931884766,35.709999084472656,2459600
2010-03-02,35.75,36.779998779296875,35.709999084472656,36.599998474121094,5762000
2010-03-03,35.709999084472656,36.16999816894531,35.54999923706055,36.13999938964844,3514300
2010-03-04,36.150001525878906,36.22999954223633,35.83000183105469,35.9900016784668,3628500
2010-03-05,37.040000915527344,37.11000061035156,36.2599983215332,36.38999938964844,4858800
2010-03-08,36.939998626708984,37.2400016784668,36.7599983215332,36.88999938964844,2861700
2010-03-09,36.939998626708984,37.189998626708984,36.31999969482422,36.4900016784668,2756600
2010-03-10,37.16999816894531,37.36000061035156,36.56999969482422,36.619998931884766,2665200
2010-03-11,37.25,37.27000045776367,36.70000076293945,36.95000076293945,2640900
2010-03-12,37.4900016784668,37.599998474121094,37.040000915527344,37.45000076293945,2657800
2010-03-15,37.150001525878906,37.20000076293945,36.81999969482422,37.099998474121094,3136500
2010-03-16,37.119998931884766,37.22999954223633,36.779998779296875,37.150001525878906,3696600
2010-03-17,37.599998474121094,37.779998779296875,37.189998626708984,37.439998626708984,3484700
2010-03-18,37.65999984741211,37.779998779296875,37.349998474121094,37.58000183105469,1936200
2010-03-19,37.619998931884766,38.369998931884766,37.43000030517578,37.619998931884766,3340800
2010-03-22,37.90999984741211,38.09000015258789,36.88999938964844,37.0099983215332,3230500
2010-03-23,38.810001373291016,39.349998474121094,38.34000015258789,38.900001525878906,7207900
2010-03-24,38.459999084472656,38.58000183105469,38.060001373291016,38.41999816894531,3178100
2010-03-25,38.540000915527344,39.0,38.4900016784668,38.790000915527344,3735800
2010-03-26,38.79999923706055,39.0,38.5099983215332,38.61000061035156,2909500
2010-03-29,38.97999954223633,39.099998474121094,38.630001068115234,39.029998779296875,2470500
2010-03-30,39.189998626708984,39.31999969482422,38.900001525878906,39.150001525878906,3149900
2010-03-31,38.880001068115234,39.16999816894531,38.709999084472656,39.06999969482422,3078500
2010-04-01,39.2400016784668,39.540000915527344,38.91999816894531,39.38999938964844,2537200
2010-04-05,39.38999938964844,39.79999923706055,39.189998626708984,39.34000015258789,2883800
2010-04-06,39.33000183105469,39.40999984741211,39.02000045776367,39.11000061035156,2844200
2010-04-07,38.29999923706055,39.0099983215332,38.0099983215332,38.75,5311000
2010-04-08,38.59000015258789,38.81999969482422,37.84000015258789,37.93000030517578,4469100
2010-04-09,38.97999954223633,38.97999954223633,38.47999954223633,38.86000061035156,2954200
2010-04-12,38.81999969482422,39.290000915527344,38.709999084472656,39.16999816894531,3937000
2010-04-13,38.86000061035156,39.099998474121094,38.209999084472656,39.08000183105469,5295400
2010-04-14,39.15999984741211,39.15999984741211,38.540000915527344,38.88999938964844,3909500
2010-04-15,39.47999954223633,39.79999923706055,38.93000030517578,39.119998931884766,4152900
2010-04-16,38.970001220703125,39.45000076293945,38.43000030517578,39.43000030517578,4582700
2010-04-19,38.900001525878906,39.040000915527344,38.22999954223633,38.29999923706055,4038000
2010-04-20,39.91999816894531,40.04999923706055,38.9900016784668,38.9900016784668,5813100
2010-04-21,40.22999954223633,40.31999969482422,39.52000045776367,39.650001525878906,4312500
2010-04-22,41.599998474121094,41.77000045776367,39.5099983215332,39.68000030517578,8159200
2010-04-23,42.77000045776367,42.810001373291016,41.7400016784668,41.86000061035156,8249500
2010-04-26,43.849998474121094,44.209999084472656,42.95000076293945,43.09000015258789,9082800
2010-04-27,42.43000030517578,43.619998931884766,42.279998779296875,43.16999816894531,7457600
2010-04-28,41.59000015258789,42.11000061035156,41.380001068115234,41.93000030517578,8604600
2010-04-29,43.15999984741211,43.189998626708984,42.0,42.0,4508000
2010-04-30,41.70000076293945,43.13999938964844,41.56999969482422,42.779998779296875,5973800
2010-05-03,42.41999816894531,42.5,41.90999984741211,42.060001373291016,3155300
2010-05-04,40.599998474121094,41.599998474121094,40.34000015258789,41.540000915527344,4773200
2010-05-05,39.599998474121094,40.349998474121094,39.22999954223633,39.689998626708984,6398100
2010-05-06,38.029998779296875,39.7400016784668,35.619998931884766,39.209999084472656,7929200
2010-05-07,36.68000030517578,37.65999984741211,35.689998626708984,37.349998474121094,9815000
2010-05-10,39.209999084472656,39.470001220703125,38.290000915527344,39.0099983215332,5546500
2010-05-11,38.880001068115234,39.529998779296875,38.459999084472656,38.630001068115234,4812700
2010-05-12,40.08000183105469,40.150001525878906,39.22999954223633,39.459999084472656,3451600
2010-05-13,38.900001525878906,39.95000076293945,38.779998779296875,39.61000061035156,3285600
2010-05-14,37.56999969482422,38.83000183105469,37.25,38.75,5942200
2010-05-17,38.119998931884766,38.220001220703125,36.7400016784668,37.869998931884766,4254000
2010-05-18,37.41999816894531,38.86000061035156,37.16999816894531,38.630001068115234,4519000
2010-05-19,37.02000045776367,37.470001220703125,36.310001373291016,37.150001525878906,6934700
2010-05-20,35.119998931884766,36.13999938964844,35.08000183105469,35.70000076293945,8190800
2010-05-21,35.61000061035156,36.13999938964844,35.0,35.08000183105469,8989600
2010-05-24,35.36000061035156,36.11000061035156,35.220001220703125,35.689998626708984,6469900
2010-05-25,35.220001220703125,35.36000061035156,34.060001373291016,34.439998626708984,9297200
2010-05-26,34.959999084472656,35.9900016784668,34.790000915527344,35.810001373291016,8716200
2010-05-27,36.779998779296875,36.81999969482422,35.619998931884766,35.939998626708984,5570500
2010-05-28,36.22999954223633,37.119998931884766,35.84000015258789,36.75,5335600
2010-06-01,35.66999816894531,36.790000915527344,35.65999984741211,36.400001525878906,3957200
2010-06-02,37.040000915527344,37.040000915527344,36.099998474121094,36.459999084472656,4360500
2010-06-03,37.16999816894531,37.529998779296875,36.689998626708984,37.400001525878906,2854800
2010-06-04,35.290000915527344,36.4900016784668,35.16999816894531,36.31999969482422,5104400
2010-06-07,34.560001373291016,35.849998474121094,34.470001220703125,35.630001068115234,5573200
2010-06-08,34.959999084472656,35.06999969482422,33.7599983215332,34.439998626708984,5251600
2010-06-09,34.709999084472656,35.84000015258789,34.529998779296875,35.20000076293945,5634800
2010-06-10,36.33000183105469,36.36000061035156,35.5,35.79999923706055,4121000
2010-06-11,36.310001373291016,36.349998474121094,35.529998779296875,35.63999938964844,2383100
2010-06-14,36.369998931884766,37.40999984741211,36.34000015258789,37.06999969482422,4341500
2010-06-15,37.43000030517578,37.47999954223633,37.09000015258789,37.380001068115234,6998700
2010-06-16,36.75,37.40999984741211,36.52000045776367,37.369998931884766,6495800
2010-06-17,36.0,36.959999084472656,35.72999954223633,36.93000030517578,6327500
2010-06-18,35.40999984741211,36.27000045776367,35.2400016784668,36.220001220703125,6144900
2010-06-21,34.7400016784668,36.04999923706055,34.470001220703125,35.970001220703125,5913700
2010-06-22,33.189998626708984,34.290000915527344,33.119998931884766,33.689998626708984,12647200
2010-06-23,33.310001373291016,33.599998474121094,32.900001525878906,33.369998931884766,8162500
2010-06-24,32.349998474121094,33.619998931884766,32.15999984741211,33.540000915527344,6705700
2010-06-25,32.58000183105469,32.90999984741211,32.189998626708984,32.650001525878906,8728900
2010-06-28,32.099998474121094,32.900001525878906,32.06999969482422,32.86000061035156,4989400
2010-06-29,30.139999389648438,31.760000228881836,29.979999542236328,31.760000228881836,12725000
2010-06-30,30.239999771118164,30.969999313354492,30.1299991607666,30.309999465942383,9547900
2010-07-01,31.309999465942383,31.420000076293945,29.68000030517578,30.3799991607666,12986900
2010-07-02,30.6200008392334,31.3700008392334,30.34000015258789,31.329999923706055,6326500
2010-07-06,30.489999771118164,31.5,30.209999084472656,31.299999237060547,5591600
2010-07-07,31.559999465942383,31.56999969482422,30.6200008392334,30.760000228881836,5765700
2010-07-08,31.579999923706055,31.719999313354492,31.09000015258789,31.6299991607666,4782800
2010-07-09,32.119998931884766,32.20000076293945,31.34000015258789,31.34000015258789,5632300
2010-07-12,31.670000076293945,32.09000015258789,31.559999465942383,31.719999313354492,3967000
2010-07-13,32.81999969482422,32.9900016784668,32.279998779296875,32.43000030517578,5247200
2010-07-14,32.75,32.93000030517578,32.220001220703125,32.63999938964844,4328800
2010-07-15,32.79999923706055,32.91999816894531,32.25,32.79999923706055,4783700
2010-07-16,31.40999984741211,32.619998931884766,31.299999237060547,32.59000015258789,5925200
2010-07-19,31.399999618530273,31.700000762939453,30.81999969482422,31.479999542236328,3626500
2010-07-20,31.709999084472656,31.760000228881836,30.690000534057617,30.809999465942383,5475500
2010-07-21,31.43000030517578,32.36000061035156,31.31999969482422,31.889999389648438,5872800
2010-07-22,33.66999816894531,33.84000015258789,32.61000061035156,32.790000915527344,6209700
2010-07-23,34.189998626708984,34.279998779296875,33.529998779296875,33.83000183105469,5232200
2010-07-26,35.150001525878906,35.16999816894531,33.88999938964844,34.08000183105469,4784400
2010-07-27,34.52000045776367,35.060001373291016,34.43000030517578,34.79999923706055,4479100
2010-07-28,34.630001068115234,34.880001068115234,34.369998931884766,34.470001220703125,3542600
2010-07-29,34.400001525878906,35.189998626708984,34.08000183105469,35.099998474121094,3044000
2010-07-30,34.68000030517578,34.86000061035156,33.970001220703125,34.04999923706055,3740200
2010-08-02,35.52000045776367,35.59000015258789,35.099998474121094,35.41999816894531,4142700
2010-08-03,35.38999938964844,35.52000045776367,34.959999084472656,35.439998626708984,3338800
2010-08-04,35.97999954223633,36.08000183105469,35.34000015258789,35.400001525878906,3252100
2010-08-05,35.84000015258789,35.880001068115234,35.25,35.59000015258789,2883400
2010-08-06,35.630001068115234,35.939998626708984,34.9900016784668,35.310001373291016,3624900
2010-08-09,35.15999984741211,35.720001220703125,35.150001525878906,35.63999938964844,3468300
2010-08-10,34.31999969482422,34.47999954223633,33.54999923706055,34.099998474121094,5850400
2010-08-11,32.880001068115234,33.15999984741211,32.720001220703125,33.099998474121094,5035800
2010-08-12,32.619998931884766,33.060001373291016,32.43000030517578,32.5099983215332,4537500
2010-08-13,32.5099983215332,32.81999969482422,32.130001068115234,32.220001220703125,4016500
2010-08-16,32.470001220703125,32.63999938964844,32.02000045776367,32.16999816894531,2846300
2010-08-17,33.11000061035156,33.38999938964844,32.540000915527344,32.81999969482422,3855200
2010-08-18,33.040000915527344,33.29999923706055,32.650001525878906,33.0,4473800
2010-08-19,32.15999984741211,33.130001068115234,31.899999618530273,33.06999969482422,3987700
2010-08-20,31.790000915527344,31.8799991607666,31.190000534057617,31.84000015258789,3399000
2010-08-23,31.520000457763672,32.099998474121094,31.459999084472656,31.889999389648438,2656400
2010-08-24,30.440000534057617,30.780000686645508,30.25,30.65999984741211,6093100
2010-08-25,30.649999618530273,30.81999969482422,29.950000762939453,30.040000915527344,5436600
2010-08-26,30.559999465942383,31.149999618530273,30.450000762939453,30.739999771118164,3468400
2010-08-27,31.459999084472656,31.579999923706055,30.3799991607666,31.059999465942383,4761100
2010-08-30,30.84000015258789,31.530000686645508,30.84000015258789,31.3700008392334,2229600
2010-08-31,31.18000030517578,31.40999984741211,30.5,30.709999084472656,4125200
2010-09-01,32.900001525878906,32.90999984741211,31.739999771118164,31.8700008392334,4744600
2010-09-02,33.810001373291016,33.88999938964844,32.90999984741211,32.95000076293945,4259800
2010-09-03,34.66999816894531,34.7599983215332,34.09000015258789,34.279998779296875,3782300
2010-09-07,33.869998931884766,34.11000061035156,33.720001220703125,33.869998931884766,3513900
2010-09-08,34.56999969482422,34.79999923706055,33.86000061035156,34.18000030517578,5530400
2010-09-09,35.18000030517578,35.650001525878906,34.56999969482422,35.06999969482422,5399200
2010-09-10,35.279998779296875,35.43000030517578,35.06999969482422,35.22999954223633,2424600
2010-09-13,35.83000183105469,35.91999816894531,35.5,35.7599983215332,2276700
2010-09-14,35.88999938964844,36.310001373291016,35.54999923706055,35.84000015258789,2868900
2010-09-15,35.599998474121094,35.91999816894531,35.380001068115234,35.689998626708984,4859800
2010-09-16,35.52000045776367,35.7400016784668,35.209999084472656,35.63999938964844,3348700
2010-09-17,35.91999816894531,36.060001373291016,35.56999969482422,35.59000015258789,4302900
2010-09-20,37.060001373291016,37.75,36.22999954223633,36.279998779296875,7876200
2010-09-21,37.56999969482422,38.91999816894531,36.939998626708984,38.70000076293945,8934500
2010-09-22,37.04999923706055,38.02000045776367,36.95000076293945,37.810001373291016,5050000
2010-09-23,36.75,37.45000076293945,36.63999938964844,36.83000183105469,3799200
2010-09-24,37.790000915527344,38.18000030517578,37.27000045776367,37.31999969482422,5441400
2010-09-27,38.02000045776367,38.150001525878906,37.54999923706055,37.869998931884766,3840600
2010-09-28,38.34000015258789,38.439998626708984,37.27000045776367,37.88999938964844,4655500
2010-09-29,38.779998779296875,39.08000183105469,38.400001525878906,38.97999954223633,6656800
2010-09-30,38.189998626708984,38.95000076293945,37.900001525878906,38.88999938964844,4445800
2010-10-01,38.38999938964844,38.810001373291016,38.0099983215332,38.52000045776367,3967600
2010-10-04,38.09000015258789,38.560001373291016,37.650001525878906,38.27000045776367,3849500
2010-10-05,39.86000061035156,39.900001525878906,38.52000045776367,38.63999938964844,8190900
2010-10-06,39.95000076293945,40.04999923706055,39.40999984741211,39.68000030517578,5813200
2010-10-07,40.119998931884766,40.18000030517578,39.47999954223633,39.959999084472656,4880100
2010-10-08,40.279998779296875,40.369998931884766,39.77000045776367,39.93000030517578,5260100
2010-10-11,40.11000061035156,40.290000915527344,39.84000015258789,40.15999984741211,2744900
2010-10-12,40.18000030517578,40.369998931884766,39.5099983215332,39.81999969482422,4664400
2010-10-13,40.189998626708984,40.59000015258789,40.150001525878906,40.5099983215332,4798600
2010-10-14,39.650001525878906,40.400001525878906,39.459999084472656,40.34000015258789,4814400
2010-10-15,39.33000183105469,40.029998779296875,39.2400016784668,39.9900016784668,6801800
2010-10-18,39.689998626708984,39.79999923706055,39.27000045776367,39.43000030517578,5491100
2010-10-19,39.22999954223633,39.470001220703125,38.91999816894531,39.209999084472656,7982400
2010-10-20,39.709999084472656,39.790000915527344,38.970001220703125,39.060001373291016,5872600
2010-10-21,39.93000030517578,40.22999954223633,39.68000030517578,39.81999969482422,7623300
2010-10-22,40.13999938964844,40.189998626708984,39.84000015258789,40.060001373291016,4240600
2010-10-25,40.5,40.93000030517578,40.470001220703125,40.63999938964844,5693100
2010-10-26,43.08000183105469,43.66999816894531,41.33000183105469,41.709999084472656,12889600
2010-10-27,42.470001220703125,42.63999938964844,41.619998931884766,42.5099983215332,6236900
2010-10-28,43.06999969482422,43.099998474121094,42.029998779296875,42.77000045776367,4489900
2010-10-29,43.16999816894531,43.189998626708984,42.41999816894531,42.59000015258789,4980400
2010-11-01,43.2599983215332,43.7400016784668,42.439998626708984,43.59000015258789,5877000
2010-11-02,43.34000015258789,43.72999954223633,43.25,43.36000061035156,3094000
2010-11-03,43.56999969482422,43.63999938964844,42.779998779296875,43.470001220703125,4502100
2010-11-04,44.560001373291016,44.75,43.77000045776367,43.84000015258789,5141600
2010-11-05,44.70000076293945,44.900001525878906,44.380001068115234,44.66999816894531,3359200
2010-11-08,43.95000076293945,44.5099983215332,43.65999984741211,44.36000061035156,3726200
2010-11-09,43.369998931884766,44.150001525878906,43.11000061035156,43.95000076293945,4080200
2010-11-10,43.5,43.5099983215332,42.779998779296875,43.34000015258789,2795500
2010-11-11,42.81999969482422,43.27000045776367,42.630001068115234,42.880001068115234,4145700
2010-11-12,42.540000915527344,43.189998626708984,42.15999984741211,42.72999954223633,4397300
2010-11-15,42.119998931884766,42.619998931884766,42.06999969482422,42.56999969482422,2449400
2010-11-16,41.31999969482422,42.220001220703125,41.13999938964844,41.59000015258789,3741600
2010-11-17,41.61000061035156,41.81999969482422,40.970001220703125,41.119998931884766,3424800
2010-11-18,42.09000015258789,42.31999969482422,41.880001068115234,42.08000183105469,3217500
2010-11-19,41.91999816894531,42.02000045776367,41.52000045776367,41.91999816894531,3032000
2010-11-22,42.099998474121094,42.15999984741211,41.5,41.790000915527344,2531700
2010-11-23,40.939998626708984,41.38999938964844,40.790000915527344,41.38999938964844,4817400
2010-11-24,42.4900016784668,42.5099983215332,41.220001220703125,41.290000915527344,3869900
2010-11-26,41.7599983215332,42.0099983215332,41.400001525878906,41.45000076293945,1616300
2010-11-29,41.13999938964844,41.38999938964844,40.63999938964844,41.189998626708984,3725700
2010-11-30,41.310001373291016,41.720001220703125,40.560001373291016,40.7400016784668,5985800
2010-12-01,42.56999969482422,42.65999984741211,41.619998931884766,42.04999923706055,3970100
2010-12-02,43.220001220703125,43.459999084472656,42.43000030517578,42.47999954223633,2989400
2010-12-03,43.290000915527344,43.41999816894531,42.7599983215332,43.2599983215332,2474600
2010-12-06,42.9900016784668,43.2400016784668,42.77000045776367,42.900001525878906,2723500
2010-12-07,43.0,43.59000015258789,42.939998626708984,43.47999954223633,3102800
2010-12-08,43.54999923706055,43.59000015258789,43.0,43.310001373291016,2579200
2010-12-09,43.7400016784668,43.959999084472656,43.5,43.709999084472656,2203300
2010-12-10,43.970001220703125,44.439998626708984,43.59000015258789,43.91999816894531,3283800
2010-12-13,43.380001068115234,44.470001220703125,43.380001068115234,44.470001220703125,3575300
2010-12-14,42.79999923706055,43.380001068115234,42.689998626708984,43.279998779296875,3021400
2010-12-15,42.150001525878906,42.81999969482422,42.09000015258789,42.709999084472656,4260900
2010-12-16,42.540000915527344,42.720001220703125,42.150001525878906,42.58000183105469,4014400
2010-12-17,42.5099983215332,42.72999954223633,42.29999923706055,42.33000183105469,5274000
2010-12-20,43.25,43.380001068115234,42.58000183105469,43.06999969482422,4836000
2010-12-21,45.18000030517578,45.2599983215332,43.79999923706055,44.38999938964844,7597800
2010-12-22,46.59000015258789,47.220001220703125,45.79999923706055,45.79999923706055,4983800
2010-12-23,46.29999923706055,46.75,46.02000045776367,46.61000061035156,2634500
2010-12-27,45.959999084472656,46.20000076293945,45.689998626708984,46.040000915527344,1819000
2010-12-28,45.97999954223633,46.25,45.779998779296875,46.08000183105469,1486500
2010-12-29,46.119998931884766,46.38999938964844,45.95000076293945,46.029998779296875,1481600
2010-12-30,45.91999816894531,46.099998474121094,45.79999923706055,45.970001220703125,1214300
2010-12-31,46.11000061035156,46.34000015258789,45.65999984741211,45.900001525878906,1952100
2011-01-03,46.810001373291016,47.060001373291016,46.31999969482422,46.439998626708984,2633800
2011-01-04,47.09000015258789,47.95000076293945,46.81999969482422,47.849998474121094,4401600
2011-01-05,47.54999923706055,47.959999084472656,47.369998931884766,47.47999954223633,3530300
2011-01-06,47.27000045776367,48.13999938964844,47.02000045776367,48.119998931884766,2333700
2011-01-07,47.13999938964844,47.83000183105469,46.52000045776367,47.619998931884766,3242400
2011-01-10,46.369998931884766,46.709999084472656,46.029998779296875,46.529998779296875,3036200
2011-01-11,46.290000915527344,46.88999938964844,46.16999816894531,46.880001068115234,2588500
2011-01-12,47.310001373291016,47.599998474121094,46.810001373291016,46.95000076293945,2819100
2011-01-13,47.02000045776367,47.599998474121094,46.84000015258789,47.040000915527344,4013600
2011-01-14,47.849998474121094,48.0,46.97999954223633,47.2599983215332,3010600
2011-01-18,47.09000015258789,48.130001068115234,46.97999954223633,47.9900016784668,2620200
2011-01-19,46.2599983215332,47.0,46.130001068115234,46.779998779296875,2902600
2011-01-20,46.029998779296875,46.099998474121094,45.45000076293945,45.63999938964844,3729800
2011-01-21,46.119998931884766,46.40999984741211,45.779998779296875,45.88999938964844,3625000
2011-01-24,46.209999084472656,46.25,45.599998474121094,45.790000915527344,3286500
2011-01-25,46.220001220703125,46.22999954223633,45.41999816894531,45.45000076293945,3557900
2011-01-26,47.290000915527344,47.540000915527344,46.380001068115234,46.439998626708984,3540900
2011-01-27,46.2599983215332,47.0,45.650001525878906,46.47999954223633,5992500
2011-01-28,44.61000061035156,46.66999816894531,44.5,45.91999816894531,3830500
2011-01-31,44.709999084472656,45.290000915527344,44.630001068115234,44.7599983215332,4414700
2011-02-01,45.7599983215332,45.869998931884766,44.68000030517578,45.099998474121094,3980800
2011-02-02,45.70000076293945,45.880001068115234,44.9900016784668,45.20000076293945,2455600
2011-02-03,45.54999923706055,45.84000015258789,45.2400016784668,45.619998931884766,2846600
2011-02-04,45.790000915527344,45.95000076293945,45.189998626708984,45.540000915527344,2755800
2011-02-07,46.40999984741211,46.83000183105469,45.68000030517578,45.7599983215332,2777300
2011-02-08,46.83000183105469,46.970001220703125,46.400001525878906,46.650001525878906,2209900
2011-02-09,46.95000076293945,47.220001220703125,46.70000076293945,47.060001373291016,2924700
2011-02-10,47.09000015258789,47.11000061035156,46.279998779296875,46.439998626708984,2374900
2011-02-11,47.630001068115234,47.709999084472656,46.619998931884766,46.72999954223633,2183100
2011-02-14,46.849998474121094,47.47999954223633,46.4900016784668,47.459999084472656,2336500
2011-02-15,46.849998474121094,46.959999084472656,46.2400016784668,46.63999938964844,2439200
2011-02-16,46.95000076293945,47.33000183105469,46.7400016784668,46.970001220703125,2941400
2011-02-17,45.959999084472656,46.619998931884766,45.790000915527344,46.59000015258789,3009600
2011-02-18,45.70000076293945,46.18000030517578,45.439998626708984,46.150001525878906,2876500
2011-02-22,42.09000015258789,44.11000061035156,41.900001525878906,43.130001068115234,10212300
2011-02-23,42.040000915527344,42.20000076293945,40.52000045776367,41.79999923706055,6938100
2011-02-24,41.90999984741211,42.08000183105469,41.459999084472656,41.9900016784668,6012500
2011-02-25,42.779998779296875,43.11000061035156,42.20000076293945,42.65999984741211,4321100
2011-02-28,42.66999816894531,43.369998931884766,42.61000061035156,43.279998779296875,4088100
2011-03-01,40.08000183105469,42.58000183105469,39.869998931884766,42.4900016784668,11999900
2011-03-02,40.599998474121094,40.91999816894531,40.040000915527344,40.33000183105469,7919900
2011-03-03,41.09000015258789,41.630001068115234,41.040000915527344,41.59000015258789,6223500
2011-03-04,40.36000061035156,41.08000183105469,39.7400016784668,40.97999954223633,5343400
2011-03-07,39.93000030517578,40.75,39.470001220703125,40.63999938964844,5864600
2011-03-08,40.880001068115234,41.16999816894531,39.84000015258789,40.04999923706055,11114200
2011-03-09,41.2400016784668,41.5,40.650001525878906,41.13999938964844,5069200
2011-03-10,40.45000076293945,41.7599983215332,40.439998626708984,40.61000061035156,6550500
2011-03-11,39.939998626708984,40.630001068115234,39.119998931884766,39.29999923706055,10365400
2011-03-14,39.86000061035156,40.08000183105469,39.40999984741211,39.43000030517578,4495200
2011-03-15,39.11000061035156,39.369998931884766,38.08000183105469,38.189998626708984,7192500
2011-03-16,38.81999969482422,39.34000015258789,38.5099983215332,38.77000045776367,9440100
2011-03-17,39.11000061035156,40.040000915527344,39.04999923706055,39.56999969482422,5551900
2011-03-18,39.630001068115234,40.15999984741211,39.40999984741211,39.97999954223633,5554500
2011-03-21,41.0099983215332,41.11000061035156,40.150001525878906,40.25,6872900
2011-03-22,39.15999984741211,41.279998779296875,38.77000045776367,40.70000076293945,11455200
2011-03-23,38.95000076293945,39.31999969482422,38.61000061035156,39.0099983215332,7617000
2011-03-24,39.029998779296875,39.380001068115234,38.65999984741211,39.06999969482422,6065900
2011-03-25,38.779998779296875,39.11000061035156,38.65999984741211,39.06999969482422,4875400
2011-03-28,38.310001373291016,39.209999084472656,38.119998931884766,39.08000183105469,4458000
2011-03-29,38.040000915527344,38.560001373291016,37.86000061035156,38.40999984741211,5341700
2011-03-30,38.810001373291016,38.91999816894531,38.02000045776367,38.369998931884766,5598100
2011-03-31,38.36000061035156,38.68000030517578,38.310001373291016,38.52000045776367,5527700
2011-04-01,38.25,38.959999084472656,38.040000915527344,38.90999984741211,5582400
2011-04-04,38.380001068115234,39.15999984741211,38.189998626708984,39.15999984741211,5295300
2011-04-05,38.47999954223633,38.619998931884766,38.11000061035156,38.38999938964844,3723700
2011-04-06,38.83000183105469,39.060001373291016,38.40999984741211,38.72999954223633,4262600
2011-04-07,38.130001068115234,38.66999816894531,38.060001373291016,38.5,4760200
2011-04-08,37.400001525878906,38.209999084472656,37.09000015258789,38.029998779296875,6169800
2011-04-11,37.849998474121094,37.88999938964844,37.400001525878906,37.47999954223633,4342800
2011-04-12,38.43000030517578,39.189998626708984,38.040000915527344,38.119998931884766,7954200
2011-04-13,37.630001068115234,38.810001373291016,37.599998474121094,38.72999954223633,5043500
2011-04-14,37.470001220703125,37.810001373291016,37.220001220703125,37.7599983215332,4666600
2011-04-15,37.97999954223633,38.04999923706055,37.5099983215332,37.810001373291016,3667600
2011-04-18,37.54999923706055,37.779998779296875,37.15999984741211,37.2400016784668,4117200
2011-04-19,38.0099983215332,38.08000183105469,37.59000015258789,37.779998779296875,4725900
2011-04-20,37.54999923706055,38.70000076293945,37.5099983215332,38.66999816894531,5620800
2011-04-21,37.61000061035156,37.83000183105469,37.43000030517578,37.72999954223633,3853300
2011-04-25,37.02000045776367,37.5,37.0,37.4900016784668,2477300
2011-04-26,37.06999969482422,37.470001220703125,36.900001525878906,37.29999923706055,5400000
2011-04-27,38.209999084472656,38.52000045776367,37.81999969482422,37.970001220703125,6548600
2011-04-28,38.33000183105469,39.400001525878906,37.959999084472656,39.25,5012900
2011-04-29,38.06999969482422,38.459999084472656,37.900001525878906,38.209999084472656,2464800
2011-05-02,38.04999923706055,38.66999816894531,38.029998779296875,38.31999969482422,3410000
2011-05-03,38.810001373291016,38.939998626708984,38.31999969482422,38.38999938964844,3638000
2011-05-04,38.900001525878906,39.04999923706055,38.400001525878906,38.810001373291016,4203200
2011-05-05,40.939998626708984,41.369998931884766,38.52000045776367,38.630001068115234,9191200
2011-05-06,40.18000030517578,41.95000076293945,40.16999816894531,41.79999923706055,7276000
2011-05-09,39.61000061035156,40.18000030517578,39.45000076293945,39.9900016784668,3281000
2011-05-10,40.599998474121094,40.90999984741211,40.11000061035156,40.279998779296875,3761400
2011-05-11,40.34000015258789,40.869998931884766,40.18000030517578,40.75,2921200
2011-05-12,41.34000015258789,41.83000183105469,40.36000061035156,40.720001220703125,4883900
2011-05-13,41.02000045776367,41.470001220703125,40.880001068115234,41.150001525878906,3758900
2011-05-16,39.81999969482422,40.9900016784668,39.75,40.65999984741211,4786000
2011-05-17,40.369998931884766,40.380001068115234,39.68000030517578,39.959999084472656,4098900
2011-05-18,40.220001220703125,40.2400016784668,39.5,39.900001525878906,2479900
2011-05-19,40.13999938964844,40.40999984741211,39.95000076293945,40.34000015258789,3154600
2011-05-20,39.560001373291016,40.11000061035156,39.529998779296875,40.0,3193600
2011-05-23,38.790000915527344,39.0,38.470001220703125,38.65999984741211,2880100
2011-05-24,38.04999923706055,38.79999923706055,38.029998779296875,38.4900016784668,4208500
2011-05-25,38.20000076293945,38.4900016784668,37.95000076293945,38.16999816894531,2903900
2011-05-26,38.08000183105469,38.38999938964844,37.599998474121094,38.150001525878906,3432100
2011-05-27,38.400001525878906,38.810001373291016,38.119998931884766,38.36000061035156,2189800
2011-05-31,38.810001373291016,39.04999923706055,38.470001220703125,39.04999923706055,3145200
2011-06-01,37.16999816894531,38.5,37.150001525878906,38.5,3538800
2011-06-02,37.56999969482422,37.779998779296875,37.2400016784668,37.459999084472656,3279700
2011-06-03,36.650001525878906,37.47999954223633,36.4900016784668,36.86000061035156,4271600
2011-06-06,36.43000030517578,37.06999969482422,36.38999938964844,36.540000915527344,3334200
2011-06-07,36.790000915527344,37.380001068115234,36.720001220703125,36.91999816894531,4692500
2011-06-08,35.630001068115234,36.650001525878906,35.47999954223633,36.619998931884766,6558700
2011-06-09,35.9900016784668,36.38999938964844,35.560001373291016,35.95000076293945,4260900
2011-06-10,35.79999923706055,36.279998779296875,35.40999984741211,36.18000030517578,4245500
2011-06-13,35.27000045776367,35.75,34.88999938964844,35.0,9635700
2011-06-14,35.88999938964844,35.97999954223633,35.04999923706055,35.099998474121094,5760700
2011-06-15,34.79999923706055,35.18000030517578,34.63999938964844,34.959999084472656,6310500
2011-06-16,34.7599983215332,34.90999984741211,34.209999084472656,34.29999923706055,5363000
2011-06-17,35.27000045776367,35.45000076293945,35.06999969482422,35.13999938964844,4257000
2011-06-20,35.72999954223633,35.880001068115234,34.70000076293945,34.90999984741211,5622400
2011-06-21,37.2400016784668,37.349998474121094,35.91999816894531,35.959999084472656,7349000
2011-06-22,36.36000061035156,37.150001525878906,36.31999969482422,37.099998474121094,4088100
2011-06-23,37.63999938964844,37.86000061035156,36.04999923706055,36.04999923706055,7817800
2011-06-24,37.29999923706055,37.900001525878906,37.16999816894531,37.790000915527344,5763700
2011-06-27,37.45000076293945,37.709999084472656,37.2599983215332,37.38999938964844,2585700
2011-06-28,37.810001373291016,38.09000015258789,37.619998931884766,37.619998931884766,2710800
2011-06-29,37.380001068115234,38.279998779296875,37.310001373291016,38.130001068115234,4353300
2011-06-30,37.630001068115234,37.88999938964844,37.34000015258789,37.7400016784668,3906600
2011-07-01,38.790000915527344,38.83000183105469,37.86000061035156,37.880001068115234,3654500
2011-07-05,38.33000183105469,38.689998626708984,38.04999923706055,38.63999938964844,3976800
2011-07-06,37.86000061035156,38.11000061035156,37.70000076293945,37.90999984741211,4019500
2011-07-07,38.099998474121094,38.220001220703125,37.90999984741211,37.959999084472656,3561400
2011-07-08,37.380001068115234,37.470001220703125,36.810001373291016,37.439998626708984,3874100
2011-07-11,36.38999938964844,36.65999984741211,36.150001525878906,36.45000076293945,4303800
2011-07-12,35.83000183105469,36.439998626708984,35.7599983215332,36.0099983215332,5376900
2011-07-13,36.0099983215332,36.61000061035156,35.880001068115234,36.060001373291016,3691900
2011-07-14,35.310001373291016,35.880001068115234,34.68000030517578,35.810001373291016,5787700
2011-07-15,35.189998626708984,35.439998626708984,34.90999984741211,35.34000015258789,2971500
2011-07-18,34.72999954223633,34.95000076293945,34.380001068115234,34.68000030517578,3874100
2011-07-19,35.66999816894531,35.79999923706055,35.060001373291016,35.060001373291016,3023600
2011-07-20,35.41999816894531,35.779998779296875,35.349998474121094,35.779998779296875,2927200
2011-07-21,36.279998779296875,36.58000183105469,35.72999954223633,35.810001373291016,3715100
2011-07-22,36.54999923706055,36.86000061035156,36.45000076293945,36.61000061035156,3023900
2011-07-25,36.13999938964844,36.33000183105469,36.0099983215332,36.18000030517578,2338700
2011-07-26,36.060001373291016,36.7400016784668,36.0,36.369998931884766,2271400
2011-07-27,34.970001220703125,36.130001068115234,34.88999938964844,36.060001373291016,4738100
2011-07-28,33.869998931884766,34.63999938964844,33.72999954223633,34.58000183105469,8688800
2011-07-29,33.29999923706055,33.86000061035156,33.279998779296875,33.56999969482422,4971900
2011-08-01,32.810001373291016,33.900001525878906,32.52000045776367,33.88999938964844,4502800
2011-08-02,31.770000457763672,32.560001373291016,31.770000457763672,32.209999084472656,4877300
2011-08-03,32.22999954223633,32.41999816894531,30.959999084472656,31.770000457763672,6288600
2011-08-04,31.489999771118164,31.799999237060547,30.149999618530273,31.1299991607666,11314700
2011-08-05,32.220001220703125,32.400001525878906,30.950000762939453,31.760000228881836,17180700
2011-08-08,30.530000686645508,31.229999542236328,29.760000228881836,30.649999618530273,20321900
2011-08-09,31.84000015258789,31.889999389648438,29.81999969482422,31.18000030517578,15480800
2011-08-10,29.420000076293945,30.559999465942383,29.360000610351562,30.399999618530273,11284400
2011-08-11,30.81999969482422,31.239999771118164,29.440000534057617,29.68000030517578,12588700
2011-08-12,31.100000381469727,31.889999389648438,30.81999969482422,31.440000534057617,5879600
2011-08-15,31.530000686645508,31.719999313354492,31.25,31.389999389648438,4457700
2011-08-16,31.469999313354492,31.75,30.799999237060547,31.1299991607666,6090800
2011-08-17,31.420000076293945,31.93000030517578,31.139999389648438,31.59000015258789,5045100
2011-08-18,30.030000686645508,30.56999969482422,29.68000030517578,30.469999313354492,9880800
2011-08-19,29.520000457763672,30.399999618530273,28.959999084472656,28.959999084472656,8793100
2011-08-22,29.84000015258789,30.420000076293945,29.440000534057617,30.329999923706055,6215000
2011-08-23,30.8799991607666,30.93000030517578,29.530000686645508,29.59000015258789,5854000
2011-08-24,31.549999237060547,31.760000228881836,30.290000915527344,30.3700008392334,6819600
2011-08-25,30.260000228881836,31.84000015258789,30.1200008392334,31.65999984741211,8523900
2011-08-26,30.90999984741211,31.399999618530273,29.780000686645508,30.3700008392334,7976200
2011-08-29,32.95000076293945,33.0,31.43000030517578,31.43000030517578,4706700
2011-08-30,32.68000030517578,32.93000030517578,32.220001220703125,32.75,4910700
2011-08-31,33.029998779296875,33.630001068115234,32.70000076293945,33.09000015258789,5783400
2011-09-01,31.959999084472656,32.869998931884766,31.729999542236328,32.83000183105469,6472900
2011-09-02,30.860000610351562,31.229999542236328,30.6299991607666,31.030000686645508,5771400
2011-09-06,30.469999313354492,30.549999237060547,29.690000534057617,29.770000457763672,7343000
2011-09-07,31.829999923706055,31.889999389648438,31.15999984741211,31.329999923706055,5625300
2011-09-08,31.610000610351562,32.06999969482422,31.229999542236328,31.5,7357100
2011-09-09,30.68000030517578,31.149999618530273,30.459999084472656,30.84000015258789,6718700
2011-09-12,31.489999771118164,31.540000915527344,30.15999984741211,30.290000915527344,8383800
2011-09-13,32.25,32.56999969482422,31.190000534057617,31.389999389648438,8185200
2011-09-14,32.95000076293945,33.45000076293945,31.90999984741211,32.77000045776367,6395900
2011-09-15,33.31999969482422,33.5099983215332,32.709999084472656,33.369998931884766,5687800
2011-09-16,33.52000045776367,33.689998626708984,33.08000183105469,33.439998626708984,10766100
2011-09-19,32.25,32.470001220703125,31.68000030517578,32.459999084472656,7835600
2011-09-20,33.880001068115234,35.06999969482422,31.940000534057617,32.369998931884766,13448300
2011-09-21,32.7599983215332,34.13999938964844,32.709999084472656,33.97999954223633,6400500
2011-09-22,31.270000457763672,32.290000915527344,30.65999984741211,31.6200008392334,8522300
2011-09-23,31.31999969482422,32.09000015258789,31.170000076293945,31.31999969482422,6027900
2011-09-26,32.09000015258789,32.29999923706055,31.34000015258789,32.25,5382400
2011-09-27,32.25,33.09000015258789,32.08000183105469,32.84000015258789,5655600
2011-09-28,31.229999542236328,32.56999969482422,31.170000076293945,32.470001220703125,6140800
2011-09-29,32.06999969482422,32.4900016784668,31.489999771118164,31.959999084472656,5530900
2011-09-30,30.299999237060547,31.469999313354492,30.299999237060547,31.389999389648438,5683200
2011-10-03,29.610000610351562,30.479999542236328,29.3799991607666,30.0,5953900
2011-10-04,30.65999984741211,30.709999084472656,28.520000457763672,29.079999923706055,6800000
2011-10-05,30.75,31.100000381469727,30.18000030517578,30.65999984741211,5247200
2011-10-06,31.829999923706055,31.850000381469727,30.889999389648438,31.049999237060547,4838000
2011-10-07,31.610000610351562,32.34000015258789,31.09000015258789,32.34000015258789,4867100
2011-10-10,32.93000030517578,32.95000076293945,32.29999923706055,32.31999969482422,3071500
2011-10-11,32.900001525878906,33.150001525878906,32.59000015258789,32.68000030517578,5144600
2011-10-12,33.41999816894531,34.27000045776367,33.310001373291016,33.59000015258789,5569900
2011-10-13,33.68000030517578,33.779998779296875,32.959999084472656,33.65999984741211,4635200
2011-10-14,34.029998779296875,34.09000015258789,33.380001068115234,33.95000076293945,4257100
2011-10-17,33.22999954223633,33.81999969482422,33.150001525878906,33.779998779296875,4450400
2011-10-18,34.2599983215332,34.66999816894531,33.04999923706055,33.650001525878906,5194000
2011-10-19,33.72999954223633,34.18000030517578,33.599998474121094,34.040000915527344,3457100
2011-10-20,33.900001525878906,34.15999984741211,33.18000030517578,33.810001373291016,3204300
2011-10-21,35.08000183105469,35.290000915527344,34.599998474121094,34.81999969482422,5685900
2011-10-24,35.939998626708984,36.09000015258789,35.29999923706055,35.349998474121094,4205300
2011-10-25,35.13999938964844,35.93000030517578,35.029998779296875,35.810001373291016,3137300
2011-10-26,35.79999923706055,36.150001525878906,35.099998474121094,35.97999954223633,5809700
2011-10-27,36.790000915527344,37.310001373291016,36.2400016784668,37.09000015258789,6283800
2011-10-28,36.119998931884766,36.869998931884766,35.79999923706055,36.709999084472656,5165900
2011-10-31,35.209999084472656,36.02000045776367,35.20000076293945,35.72999954223633,3999700
2011-11-01,33.2599983215332,33.66999816894531,32.7400016784668,33.61000061035156,8440300
2011-11-02,33.91999816894531,34.119998931884766,33.47999954223633,33.720001220703125,5758200
2011-11-03,34.380001068115234,34.61000061035156,33.5,34.529998779296875,3998000
2011-11-04,34.08000183105469,34.27000045776367,33.52000045776367,33.959999084472656,2636300
2011-11-07,33.95000076293945,34.529998779296875,33.560001373291016,34.09000015258789,4670600
2011-11-08,34.400001525878906,34.54999923706055,33.720001220703125,34.5099983215332,3873700
2011-11-09,32.529998779296875,33.349998474121094,32.38999938964844,33.279998779296875,6264900
2011-11-10,32.939998626708984,33.2400016784668,32.5,33.04999923706055,3966500
2011-11-11,33.470001220703125,33.779998779296875,33.349998474121094,33.54999923706055,2699300
2011-11-14,33.18000030517578,33.41999816894531,32.90999984741211,33.27000045776367,2858800
2011-11-15,33.040000915527344,33.380001068115234,32.599998474121094,33.029998779296875,2729100
2011-11-16,31.829999923706055,32.560001373291016,31.780000686645508,32.459999084472656,6083000
2011-11-17,31.049999237060547,31.559999465942383,30.520000457763672,31.469999313354492,8974900
2011-11-18,32.220001220703125,32.439998626708984,31.260000228881836,31.5,7398600
2011-11-21,32.11000061035156,32.33000183105469,31.25,31.280000686645508,6268900
2011-11-22,31.540000915527344,31.850000381469727,31.100000381469727,31.200000762939453,4114500
2011-11-23,30.469999313354492,31.079999923706055,30.469999313354492,30.93000030517578,5135100
2011-11-25,30.469999313354492,30.899999618530273,30.209999084472656,30.290000915527344,1608500
2011-11-28,31.75,32.150001525878906,31.40999984741211,31.510000228881836,3875800
2011-11-29,32.04999923706055,32.380001068115234,32.02000045776367,32.33000183105469,3408100
2011-11-30,33.20000076293945,33.599998474121094,32.72999954223633,33.4900016784668,5207500
2011-12-01,33.040000915527344,33.619998931884766,32.93000030517578,33.400001525878906,2653300
2011-12-02,33.43000030517578,33.77000045776367,33.33000183105469,33.65999984741211,3515100
2011-12-05,34.15999984741211,34.650001525878906,34.04999923706055,34.27000045776367,4351400
2011-12-06,34.11000061035156,34.349998474121094,33.900001525878906,34.20000076293945,3117200
2011-12-07,34.31999969482422,34.52000045776367,33.689998626708984,33.91999816894531,3568000
2011-12-08,33.43000030517578,34.099998474121094,33.220001220703125,33.97999954223633,4103600
2011-12-09,34.0,34.25,33.220001220703125,33.290000915527344,3151200
2011-12-12,33.93000030517578,34.0,33.2599983215332,33.70000076293945,3303200
2011-12-13,33.720001220703125,34.45000076293945,33.56999969482422,34.0,4781700
2011-12-14,32.91999816894531,33.43000030517578,32.68000030517578,33.310001373291016,4612400
2011-12-15,33.06999969482422,33.29999923706055,32.810001373291016,33.060001373291016,4015200
2011-12-16,33.869998931884766,33.97999954223633,33.349998474121094,33.400001525878906,5824000
2011-12-19,32.79999923706055,34.45000076293945,32.560001373291016,34.220001220703125,6938100
2011-12-20,32.75,33.040000915527344,31.739999771118164,32.380001068115234,8485900
2011-12-21,32.779998779296875,33.0099983215332,32.06999969482422,32.45000076293945,4410100
2011-12-22,32.63999938964844,32.959999084472656,32.43000030517578,32.47999954223633,3091000
2011-12-23,33.189998626708984,33.43000030517578,32.75,32.83000183105469,2000300
2011-12-27,33.31999969482422,33.5099983215332,33.08000183105469,33.290000915527344,2320400
2011-12-28,32.4900016784668,33.119998931884766,32.34000015258789,33.099998474121094,3465400
2011-12-29,32.869998931884766,32.91999816894531,32.400001525878906,32.52000045776367,2710900
2011-12-30,32.63999938964844,32.97999954223633,32.5,32.970001220703125,2011200
2012-01-03,32.959999084472656,33.75,32.959999084472656,33.470001220703125,3483700
2012-01-04,33.220001220703125,33.349998474121094,32.63999938964844,33.20000076293945,2952600
2012-01-05,33.27000045776367,33.36000061035156,32.4900016784668,32.91999816894531,4499400
2012-01-06,32.90999984741211,33.150001525878906,32.72999954223633,33.150001525878906,2980700
2012-01-09,33.08000183105469,33.119998931884766,32.72999954223633,33.060001373291016,2898900
2012-01-10,33.47999954223633,33.7599983215332,33.38999938964844,33.40999984741211,4170700
2012-01-11,34.36000061035156,34.40999984741211,33.68000030517578,34.09000015258789,4348000
2012-01-12,35.13999938964844,35.22999954223633,34.279998779296875,34.400001525878906,4630600
2012-01-13,34.279998779296875,34.470001220703125,33.810001373291016,34.369998931884766,5297400
2012-01-17,29.600000381469727,29.979999542236328,29.219999313354492,29.479999542236328,39944100
2012-01-18,30.549999237060547,30.59000015258789,29.979999542236328,30.200000762939453,12155400
2012-01-19,31.90999984741211,32.09000015258789,31.100000381469727,31.139999389648438,11161400
2012-01-20,31.559999465942383,31.639999389648438,31.190000534057617,31.290000915527344,9253900
2012-01-23,31.510000228881836,31.719999313354492,31.0,31.1299991607666,6688300
2012-01-24,31.780000686645508,31.8799991607666,31.1200008392334,31.209999084472656,4394200
2012-01-25,31.149999618530273,31.549999237060547,30.739999771118164,31.280000686645508,8055600
2012-01-26,30.479999542236328,31.31999969482422,30.280000686645508,31.299999237060547,7952500
2012-01-27,30.479999542236328,30.950000762939453,30.239999771118164,30.549999237060547,5162800
2012-01-30,30.1299991607666,30.260000228881836,29.450000762939453,29.81999969482422,11752400
2012-01-31,30.200000762939453,30.25,29.770000457763672,30.219999313354492,7145100
2012-02-01,30.90999984741211,31.139999389648438,30.299999237060547,30.360000610351562,6183300
2012-02-02,31.15999984741211,31.440000534057617,30.100000381469727,30.34000015258789,8525100
2012-02-03,32.0,32.27000045776367,31.469999313354492,31.579999923706055,5882800
2012-02-06,31.969999313354492,32.02000045776367,31.649999618530273,31.780000686645508,4498000
2012-02-07,31.790000915527344,32.22999954223633,31.549999237060547,31.760000228881836,4433100
2012-02-08,32.0,32.130001068115234,31.520000457763672,31.579999923706055,4259600
2012-02-09,31.969999313354492,32.18000030517578,31.579999923706055,32.13999938964844,4806500
2012-02-10,31.049999237060547,31.700000762939453,30.940000534057617,31.68000030517578,5477500
2012-02-13,30.530000686645508,31.139999389648438,30.459999084472656,30.979999542236328,6743400
2012-02-14,30.440000534057617,30.600000381469727,29.950000762939453,30.510000228881836,5704300
2012-02-15,30.260000228881836,30.75,30.100000381469727,30.579999923706055,7521900
2012-02-16,30.59000015258789,30.709999084472656,30.25,30.469999313354492,5036800
2012-02-17,30.969999313354492,31.149999618530273,30.81999969482422,31.059999465942383,7765800
2012-02-21,30.739999771118164,31.149999618530273,30.559999465942383,31.020000457763672,5571500
2012-02-22,30.100000381469727,30.700000762939453,30.040000915527344,30.399999618530273,6860800
2012-02-23,30.15999984741211,30.25,29.959999084472656,30.049999237060547,5618500
2012-02-24,29.969999313354492,30.200000762939453,29.790000915527344,30.09000015258789,5515000
2012-02-27,29.959999084472656,30.020000457763672,29.149999618530273,29.6299991607666,8372600
2012-02-28,30.010000228881836,30.06999969482422,29.3700008392334,29.450000762939453,9781600
2012-02-29,30.290000915527344,30.450000762939453,29.979999542236328,30.15999984741211,5840300
2012-03-01,30.5,31.09000015258789,30.280000686645508,30.59000015258789,7838200
2012-03-02,30.56999969482422,30.709999084472656,30.43000030517578,30.649999618530273,5142800
2012-03-05,30.31999969482422,30.3700008392334,30.010000228881836,30.290000915527344,6253900
2012-03-06,29.479999542236328,29.760000228881836,29.219999313354492,29.579999923706055,12463600
2012-03-07,30.43000030517578,30.6200008392334,29.75,29.81999969482422,8018400
2012-03-08,30.950000762939453,31.209999084472656,30.520000457763672,30.579999923706055,6227600
2012-03-09,30.56999969482422,32.08000183105469,30.260000228881836,31.229999542236328,11962500
2012-03-12,30.8799991607666,31.3700008392334,30.81999969482422,31.3700008392334,5388600
2012-03-13,32.040000915527344,32.06999969482422,31.31999969482422,31.3700008392334,8402700
2012-03-14,31.93000030517578,32.380001068115234,31.790000915527344,32.36000061035156,4703900
2012-03-15,32.38999938964844,32.529998779296875,31.889999389648438,32.189998626708984,4785400
2012-03-16,32.31999969482422,32.68000030517578,32.2400016784668,32.61000061035156,4251800
2012-03-19,32.83000183105469,32.880001068115234,32.369998931884766,32.400001525878906,4036100
2012-03-20,32.47999954223633,32.619998931884766,32.279998779296875,32.29999923706055,5424200
2012-03-21,32.06999969482422,32.560001373291016,32.04999923706055,32.34000015258789,4649800
2012-03-22,31.860000610351562,32.119998931884766,31.709999084472656,31.989999771118164,3466400
2012-03-23,31.90999984741211,32.099998474121094,31.649999618530273,32.09000015258789,4118700
2012-03-26,32.599998474121094,32.68000030517578,32.349998474121094,32.349998474121094,3600700
2012-03-27,32.459999084472656,32.93000030517578,32.40999984741211,32.709999084472656,4823500
2012-03-28,32.41999816894531,32.560001373291016,31.989999771118164,32.38999938964844,4659600
2012-03-29,32.040000915527344,32.099998474121094,31.450000762939453,31.979999542236328,5441300
2012-03-30,32.08000183105469,32.369998931884766,31.899999618530273,32.22999954223633,3970400
2012-04-02,31.690000534057617,32.08000183105469,31.690000534057617,32.0099983215332,4197300
2012-04-03,31.670000076293945,31.979999542236328,31.520000457763672,31.84000015258789,4065000
2012-04-04,30.709999084472656,31.229999542236328,30.600000381469727,31.0,6337000
2012-04-05,30.68000030517578,30.729999542236328,30.399999618530273,30.399999618530273,4373100
2012-04-09,31.020000457763672,31.18000030517578,30.149999618530273,30.270000457763672,5109200
2012-04-10,30.489999771118164,31.020000457763672,30.040000915527344,30.799999237060547,6673800
2012-04-11,31.25,31.329999923706055,30.8799991607666,31.059999465942383,7674400
2012-04-12,31.440000534057617,31.600000381469727,31.09000015258789,31.190000534057617,3344500
2012-04-13,31.219999313354492,31.389999389648438,31.030000686645508,31.280000686645508,4020200
2012-04-16,31.440000534057617,31.6299991607666,31.0,31.280000686645508,4212000
2012-04-17,31.93000030517578,32.0,31.59000015258789,31.809999465942383,3792800
2012-04-18,32.029998779296875,32.130001068115234,31.799999237060547,31.8700008392334,4463700
2012-04-19,32.599998474121094,32.65999984741211,32.18000030517578,32.209999084472656,7101600
2012-04-20,31.68000030517578,32.650001525878906,31.579999923706055,32.619998931884766,7312200
2012-04-23,31.469999313354492,31.549999237060547,31.020000457763672,31.31999969482422,5300300
2012-04-24,31.959999084472656,31.979999542236328,31.440000534057617,31.549999237060547,4257400
2012-04-25,32.09000015258789,32.36000061035156,31.90999984741211,32.22999954223633,4004200
2012-04-26,32.58000183105469,32.619998931884766,32.02000045776367,32.02000045776367,2854900
2012-04-27,32.84000015258789,33.150001525878906,32.810001373291016,32.97999954223633,3398800
2012-04-30,32.4900016784668,32.720001220703125,32.369998931884766,32.540000915527344,2116700
2012-05-01,33.0099983215332,33.22999954223633,32.5,32.52000045776367,2645500
2012-05-02,33.060001373291016,33.13999938964844,32.59000015258789,32.61000061035156,3763300
2012-05-03,32.540000915527344,32.970001220703125,32.400001525878906,32.91999816894531,3478600
2012-05-04,32.2599983215332,32.470001220703125,32.060001373291016,32.310001373291016,3633300
2012-05-07,31.989999771118164,32.150001525878906,31.639999389648438,31.670000076293945,3286000
2012-05-08,31.84000015258789,32.16999816894531,31.389999389648438,32.09000015258789,4105900
2012-05-09,31.34000015258789,31.579999923706055,31.020000457763672,31.020000457763672,3453700
2012-05-10,31.3700008392334,31.829999923706055,31.290000915527344,31.799999237060547,3150600
2012-05-11,31.459999084472656,32.0099983215332,31.239999771118164,31.34000015258789,3114200
2012-05-14,31.6299991607666,31.700000762939453,31.09000015258789,31.139999389648438,3964000
2012-05-15,31.920000076293945,32.369998931884766,31.690000534057617,31.729999542236328,4365300
2012-05-16,31.760000228881836,32.38999938964844,31.729999542236328,32.119998931884766,3421300
2012-05-17,31.579999923706055,31.940000534057617,31.299999237060547,31.850000381469727,5971000
2012-05-18,30.860000610351562,31.610000610351562,30.690000534057617,31.530000686645508,7365100
2012-05-21,31.739999771118164,31.760000228881836,30.799999237060547,30.979999542236328,3996400
2012-05-22,32.029998779296875,32.400001525878906,31.940000534057617,32.18000030517578,5309400
2012-05-23,31.850000381469727,31.979999542236328,31.420000076293945,31.739999771118164,4073200
2012-05-24,32.15999984741211,32.189998626708984,31.81999969482422,32.040000915527344,3767000
2012-05-25,31.950000762939453,32.33000183105469,31.8700008392334,32.150001525878906,3290400
2012-05-29,32.2599983215332,32.33000183105469,31.959999084472656,32.16999816894531,3002600
2012-05-30,31.920000076293945,32.15999984741211,31.860000610351562,31.899999618530273,5811200
2012-05-31,32.09000015258789,32.33000183105469,31.690000534057617,32.029998779296875,5363200
2012-06-01,31.079999923706055,31.709999084472656,31.030000686645508,31.549999237060547,5862500
2012-06-04,31.020000457763672,31.329999923706055,30.649999618530273,31.110000610351562,4067100
2012-06-05,31.079999923706055,31.260000228881836,30.829999923706055,30.829999923706055,3162100
2012-06-06,31.81999969482422,31.920000076293945,31.350000381469727,31.40999984741211,2822000
2012-06-07,32.150001525878906,32.529998779296875,32.060001373291016,32.43000030517578,4072700
2012-06-08,33.029998779296875,33.04999923706055,31.899999618530273,32.029998779296875,4816600
2012-06-11,32.720001220703125,33.119998931884766,32.689998626708984,33.04999923706055,4267300
2012-06-12,33.81999969482422,33.91999816894531,32.81999969482422,32.90999984741211,6574200
2012-06-13,33.58000183105469,34.25,33.400001525878906,33.5099983215332,5804000
2012-06-14,34.560001373291016,34.630001068115234,33.560001373291016,33.720001220703125,5417500
2012-06-15,34.7599983215332,34.880001068115234,34.380001068115234,34.400001525878906,5376100
2012-06-18,34.720001220703125,35.099998474121094,34.5,34.650001525878906,3981900
2012-06-19,35.11000061035156,35.47999954223633,35.029998779296875,35.2599983215332,6483700
2012-06-20,35.34000015258789,35.61000061035156,35.15999984741211,35.5099983215332,4448800
2012-06-21,34.58000183105469,35.59000015258789,34.45000076293945,35.5099983215332,5854200
2012-06-22,33.65999984741211,34.810001373291016,33.25,34.7400016784668,11570700
2012-06-25,33.5,33.779998779296875,33.2599983215332,33.369998931884766,6600500
2012-06-26,33.72999954223633,33.9900016784668,33.36000061035156,33.4900016784668,4132800
2012-06-27,33.75,33.869998931884766,33.34000015258789,33.439998626708984,3865300
2012-06-28,33.7400016784668,33.900001525878906,33.349998474121094,33.58000183105469,3520000
2012-06-29,34.27000045776367,34.70000076293945,34.189998626708984,34.70000076293945,4299000
2012-07-02,34.41999816894531,34.54999923706055,34.150001525878906,34.52000045776367,3861300
2012-07-03,34.290000915527344,34.470001220703125,34.15999984741211,34.279998779296875,2024800
2012-07-05,33.9900016784668,34.36000061035156,33.880001068115234,34.27000045776367,3009400
2012-07-06,33.68000030517578,34.0,33.459999084472656,34.0,2722600
2012-07-09,33.29999923706055,33.75,33.11000061035156,33.689998626708984,2430800
2012-07-10,32.939998626708984,33.709999084472656,32.779998779296875,33.68000030517578,3191800
2012-07-11,32.810001373291016,33.04999923706055,32.439998626708984,33.0,2969700
2012-07-12,32.099998474121094,32.599998474121094,31.989999771118164,32.540000915527344,5531700
2012-07-13,32.439998626708984,32.52000045776367,32.220001220703125,32.2400016784668,2744300
2012-07-16,32.459999084472656,32.599998474121094,32.20000076293945,32.560001373291016,2537000
2012-07-17,32.790000915527344,32.970001220703125,32.279998779296875,32.45000076293945,3157900
2012-07-18,32.939998626708984,33.11000061035156,32.31999969482422,32.4900016784668,2714400
2012-07-19,33.400001525878906,33.72999954223633,32.97999954223633,33.040000915527344,3681800
2012-07-20,32.90999984741211,33.29999923706055,32.849998474121094,33.25,3843000
2012-07-23,32.279998779296875,32.459999084472656,31.809999465942383,32.2400016784668,2881900
2012-07-24,31.8799991607666,32.41999816894531,31.649999618530273,32.369998931884766,3513800
2012-07-25,32.41999816894531,32.599998474121094,32.0099983215332,32.380001068115234,4118500
2012-07-26,32.720001220703125,32.849998474121094,31.899999618530273,32.459999084472656,5965900
2012-07-27,33.79999923706055,33.93000030517578,32.81999969482422,32.86000061035156,4558400
2012-07-30,33.75,34.040000915527344,33.65999984741211,33.79999923706055,3041000
2012-07-31,33.279998779296875,33.720001220703125,33.25,33.560001373291016,4328500
2012-08-01,33.61000061035156,33.97999954223633,33.400001525878906,33.68000030517578,3856700
2012-08-02,33.029998779296875,33.77000045776367,32.63999938964844,33.36000061035156,4726600
2012-08-03,34.029998779296875,34.20000076293945,33.380001068115234,33.43000030517578,2918300
2012-08-06,34.18000030517578,34.31999969482422,33.93000030517578,34.040000915527344,2088100
2012-08-07,34.43000030517578,34.619998931884766,34.22999954223633,34.27000045776367,1702200
2012-08-08,34.099998474121094,34.31999969482422,34.029998779296875,34.189998626708984,2340400
2012-08-09,34.0099983215332,34.13999938964844,33.880001068115234,33.959999084472656,1970400
2012-08-10,34.04999923706055,34.119998931884766,33.86000061035156,33.970001220703125,1494500
2012-08-13,33.9900016784668,34.029998779296875,33.709999084472656,33.95000076293945,1818000
2012-08-14,33.9900016784668,34.20000076293945,33.900001525878906,34.04999923706055,2291800
2012-08-15,33.68000030517578,34.310001373291016,33.599998474121094,34.25,3569400
2012-08-16,34.0,34.08000183105469,33.54999923706055,33.630001068115234,2089000
2012-08-17,34.13999938964844,34.25,33.83000183105469,33.88999938964844,2597900
2012-08-20,34.25,34.29999923706055,33.900001525878906,33.959999084472656,2123700
2012-08-21,34.599998474121094,34.810001373291016,34.25,34.25,3420700
2012-08-22,34.09000015258789,34.279998779296875,33.939998626708984,34.040000915527344,3088000
2012-08-23,33.310001373291016,34.04999923706055,33.27000045776367,34.04999923706055,3718500
2012-08-24,33.27000045776367,33.349998474121094,32.86000061035156,33.33000183105469,2839200
2012-08-27,33.959999084472656,34.04999923706055,33.0,33.459999084472656,5189700
2012-08-28,34.97999954223633,35.2400016784668,33.689998626708984,33.7400016784668,6308400
2012-08-29,35.18000030517578,35.400001525878906,34.91999816894531,34.95000076293945,3579300
2012-08-30,35.029998779296875,35.189998626708984,34.83000183105469,35.02000045776367,1999900
2012-08-31,34.68000030517578,35.18000030517578,34.63999938964844,35.06999969482422,2897400
2012-09-04,34.790000915527344,35.0,34.40999984741211,34.599998474121094,2848200
2012-09-05,34.720001220703125,34.91999816894531,34.56999969482422,34.79999923706055,2461800
2012-09-06,35.93000030517578,36.22999954223633,34.880001068115234,34.880001068115234,5536600
2012-09-07,37.04999923706055,37.06999969482422,36.060001373291016,36.099998474121094,4789300
2012-09-10,36.52000045776367,37.06999969482422,36.4900016784668,37.06999969482422,3402800
2012-09-11,36.88999938964844,37.20000076293945,36.540000915527344,36.720001220703125,3578400
2012-09-12,36.849998474121094,37.20000076293945,36.63999938964844,37.099998474121094,2748700
2012-09-13,37.81999969482422,37.880001068115234,36.529998779296875,36.529998779296875,5264400
2012-09-14,37.959999084472656,38.13999938964844,37.619998931884766,37.709999084472656,4122800
2012-09-17,37.63999938964844,37.939998626708984,37.47999954223633,37.939998626708984,2596600
2012-09-18,37.59000015258789,37.70000076293945,37.27000045776367,37.36000061035156,2297100
2012-09-19,37.709999084472656,38.040000915527344,37.40999984741211,37.61000061035156,2625100
2012-09-20,37.599998474121094,37.869998931884766,37.380001068115234,37.61000061035156,2595000
2012-09-21,37.38999938964844,37.90999984741211,37.209999084472656,37.90999984741211,4222600
2012-09-24,37.0,37.38999938964844,36.959999084472656,37.119998931884766,5494900
2012-09-25,37.08000183105469,39.0,37.06999969482422,38.97999954223633,9554800
2012-09-26,36.7599983215332,37.59000015258789,36.63999938964844,37.459999084472656,6357800
2012-09-27,36.5,36.91999816894531,36.45000076293945,36.72999954223633,4897800
2012-09-28,36.43000030517578,36.75,36.31999969482422,36.70000076293945,3894400
2012-10-01,36.02000045776367,36.84000015258789,35.90999984741211,36.650001525878906,4003700
2012-10-02,36.150001525878906,36.47999954223633,36.02000045776367,36.2599983215332,2544000
2012-10-03,36.56999969482422,36.7400016784668,36.31999969482422,36.65999984741211,4700900
2012-10-04,36.869998931884766,37.29999923706055,36.81999969482422,37.2400016784668,5108500
2012-10-05,37.130001068115234,37.7400016784668,37.0,37.689998626708984,5598100
2012-10-08,37.150001525878906,37.439998626708984,37.029998779296875,37.060001373291016,1730100
2012-10-09,36.880001068115234,37.310001373291016,36.7400016784668,37.119998931884766,3724600
2012-10-10,36.630001068115234,37.08000183105469,36.58000183105469,36.90999984741211,1825200
2012-10-11,36.869998931884766,37.279998779296875,36.790000915527344,36.90999984741211,2296000
2012-10-12,36.7599983215332,37.279998779296875,36.540000915527344,37.040000915527344,2475500
2012-10-15,37.279998779296875,37.34000015258789,36.95000076293945,36.97999954223633,3304500
2012-10-16,37.79999923706055,38.0,37.66999816894531,37.77000045776367,2673200
2012-10-17,38.560001373291016,38.970001220703125,38.08000183105469,38.189998626708984,3731300
2012-10-18,38.810001373291016,39.22999954223633,38.560001373291016,38.560001373291016,3629300
2012-10-19,38.189998626708984,38.75,37.90999984741211,38.689998626708984,2966700
2012-10-22,38.45000076293945,38.52000045776367,38.060001373291016,38.43000030517578,1882900
2012-10-23,37.7400016784668,37.93000030517578,37.599998474121094,37.83000183105469,2813000
2012-10-24,37.77000045776367,38.119998931884766,37.630001068115234,38.029998779296875,2453300
2012-10-25,38.65999984741211,39.400001525878906,38.540000915527344,39.08000183105469,6969300
2012-10-26,37.849998474121094,38.7599983215332,37.83000183105469,38.7400016784668,3752400
2012-10-31,37.869998931884766,38.65999984741211,37.810001373291016,38.5,3236700
2012-11-01,38.849998474121094,38.88999938964844,38.040000915527344,38.08000183105469,3046800
2012-11-02,38.75,39.34000015258789,38.689998626708984,39.15999984741211,4275200
2012-11-05,38.65999984741211,38.72999954223633,38.040000915527344,38.529998779296875,2074000
2012-11-06,38.970001220703125,39.0,38.619998931884766,38.689998626708984,2407600
2012-11-07,38.650001525878906,38.939998626708984,38.27000045776367,38.689998626708984,2508100
2012-11-08,38.27000045776367,39.029998779296875,38.27000045776367,38.7599983215332,3603000
2012-11-09,39.15999984741211,39.369998931884766,38.2400016784668,38.29999923706055,3465200
2012-11-12,38.459999084472656,39.22999954223633,38.189998626708984,39.22999954223633,3490100
2012-11-13,38.40999984741211,38.7599983215332,38.18000030517578,38.2400016784668,2261800
2012-11-14,37.83000183105469,38.72999954223633,37.75,38.540000915527344,3251300
2012-11-15,37.38999938964844,37.83000183105469,37.130001068115234,37.5099983215332,3165900
2012-11-16,37.25,38.02000045776367,36.9900016784668,38.0,5206400
2012-11-19,38.2400016784668,38.36000061035156,37.810001373291016,37.869998931884766,4435800
2012-11-20,38.18000030517578,38.29999923706055,37.84000015258789,38.119998931884766,3118600
2012-11-21,38.29999923706055,38.38999938964844,38.13999938964844,38.27000045776367,1609100
2012-11-23,39.08000183105469,39.08000183105469,38.75,38.790000915527344,1209500
2012-11-26,38.47999954223633,38.810001373291016,38.380001068115234,38.7400016784668,2819400
2012-11-27,38.119998931884766,38.93000030517578,38.06999969482422,38.59000015258789,3979900
2012-11-28,38.65999984741211,38.689998626708984,38.02000045776367,38.08000183105469,3209400
2012-11-29,38.599998474121094,38.95000076293945,38.47999954223633,38.7599983215332,2677100
2012-11-30,38.65999984741211,38.90999984741211,38.380001068115234,38.7599983215332,2958800
2012-12-03,38.380001068115234,38.900001525878906,38.369998931884766,38.83000183105469,2379000
2012-12-04,37.779998779296875,38.150001525878906,37.5,38.04999923706055,4304200
2012-12-05,37.209999084472656,37.58000183105469,36.7400016784668,37.25,3795000
2012-12-06,37.560001373291016,37.630001068115234,37.11000061035156,37.27000045776367,3310800
2012-12-07,37.90999984741211,37.91999816894531,37.4900016784668,37.58000183105469,2246800
2012-12-10,37.869998931884766,38.099998474121094,37.560001373291016,37.599998474121094,2751000
2012-12-11,37.849998474121094,38.119998931884766,37.72999954223633,38.029998779296875,2108100
2012-12-12,37.869998931884766,38.40999984741211,37.779998779296875,38.22999954223633,3700900
2012-12-13,37.709999084472656,38.31999969482422,37.619998931884766,37.90999984741211,2694200
2012-12-14,37.720001220703125,38.08000183105469,37.63999938964844,37.88999938964844,1996600
2012-12-17,38.599998474121094,38.810001373291016,37.939998626708984,38.0099983215332,5231500
2012-12-18,39.31999969482422,39.56999969482422,38.88999938964844,38.939998626708984,4986200
2012-12-19,39.060001373291016,39.95000076293945,38.9900016784668,39.91999816894531,5397300
2012-12-20,36.9900016784668,37.70000076293945,36.56999969482422,37.41999816894531,12749500
2012-12-21,37.02000045776367,37.790000915527344,36.880001068115234,37.5,6741300
2012-12-24,37.08000183105469,37.220001220703125,36.779998779296875,36.779998779296875,2293200
2012-12-26,36.599998474121094,37.13999938964844,36.5,37.13999938964844,2479400
2012-12-27,36.70000076293945,36.9900016784668,36.06999969482422,36.779998779296875,2816100
2012-12-28,36.029998779296875,36.619998931884766,36.02000045776367,36.209999084472656,2412600
2012-12-31,36.77000045776367,36.790000915527344,36.040000915527344,36.11000061035156,2712600
2013-01-02,37.5,37.5,37.0,37.25,3284400
2013-01-03,37.029998779296875,37.2599983215332,36.869998931884766,36.959999084472656,4322600
2013-01-04,37.060001373291016,37.150001525878906,36.709999084472656,36.79999923706055,3028400
2013-01-07,36.939998626708984,37.11000061035156,36.72999954223633,36.939998626708984,2275600
2013-01-08,37.0,37.45000076293945,36.83000183105469,37.40999984741211,3534200
2013-01-09,37.099998474121094,37.33000183105469,36.9900016784668,37.0,2915800
2013-01-10,37.13999938964844,37.5,36.959999084472656,37.5,3407000
2013-01-11,37.029998779296875,37.220001220703125,36.959999084472656,37.099998474121094,1790200
2013-01-14,37.369998931884766,37.599998474121094,37.25,37.25,3050900
2013-01-15,37.650001525878906,37.77000045776367,37.470001220703125,37.599998474121094,4401700
2013-01-16,37.81999969482422,38.380001068115234,37.70000076293945,38.29999923706055,6740000
2013-01-17,38.189998626708984,38.47999954223633,38.02000045776367,38.47999954223633,5015000
2013-01-18,38.58000183105469,39.18000030517578,38.349998474121094,39.18000030517578,6005400
2013-01-22,38.43000030517578,38.900001525878906,38.22999954223633,38.900001525878906,5472100
2013-01-23,38.66999816894531,38.84000015258789,38.54999923706055,38.7599983215332,5469900
2013-01-24,38.900001525878906,39.06999969482422,38.650001525878906,38.68000030517578,4004800
2013-01-25,39.119998931884766,39.16999816894531,38.900001525878906,39.04999923706055,3068900
2013-01-28,39.029998779296875,39.2400016784668,38.88999938964844,39.060001373291016,3761700
2013-01-29,38.720001220703125,39.11000061035156,38.720001220703125,38.900001525878906,3036200
2013-01-30,38.88999938964844,39.13999938964844,38.83000183105469,38.88999938964844,4212400
2013-01-31,38.720001220703125,39.27000045776367,38.619998931884766,38.849998474121094,4740600
2013-02-01,39.150001525878906,39.27000045776367,38.900001525878906,39.18000030517578,3843300
2013-02-04,38.4900016784668,39.619998931884766,38.310001373291016,39.22999954223633,7186400
2013-02-05,38.560001373291016,38.81999969482422,38.5,38.650001525878906,3787700
2013-02-06,38.79999923706055,38.900001525878906,38.5099983215332,38.75,4467200
2013-02-07,38.97999954223633,39.029998779296875,38.529998779296875,38.9900016784668,4172400
2013-02-08,39.0099983215332,39.18000030517578,38.83000183105469,39.11000061035156,4113300
2013-02-11,38.720001220703125,38.880001068115234,38.560001373291016,38.790000915527344,4202400
2013-02-12,39.02000045776367,39.18000030517578,38.84000015258789,38.93000030517578,3119100
2013-02-13,37.459999084472656,38.75,36.970001220703125,38.63999938964844,7950900
2013-02-14,37.349998474121094,37.5099983215332,36.79999923706055,37.029998779296875,9915100
2013-02-15,36.91999816894531,37.5,36.84000015258789,37.20000076293945,5936100
2013-02-19,36.5099983215332,36.779998779296875,36.0099983215332,36.650001525878906,9797000
2013-02-20,35.43000030517578,36.400001525878906,35.43000030517578,36.310001373291016,7424100
2013-02-21,35.36000061035156,35.54999923706055,34.880001068115234,35.18000030517578,6358200
2013-02-22,34.9900016784668,35.470001220703125,34.81999969482422,35.38999938964844,6276100
2013-02-25,34.43000030517578,35.20000076293945,34.43000030517578,34.959999084472656,6944400
2013-02-26,34.630001068115234,34.88999938964844,34.369998931884766,34.7400016784668,4833300
2013-02-27,35.54999923706055,35.56999969482422,34.88999938964844,34.88999938964844,5285400
2013-02-28,35.77000045776367,36.150001525878906,35.560001373291016,35.619998931884766,5295300
2013-03-01,35.849998474121094,36.09000015258789,35.43000030517578,35.59000015258789,3681000
2013-03-04,36.13999938964844,36.20000076293945,35.720001220703125,35.86000061035156,3523600
2013-03-05,36.20000076293945,36.560001373291016,36.099998474121094,36.29999923706055,4224200
2013-03-06,36.13999938964844,36.400001525878906,36.08000183105469,36.25,2860100
2013-03-07,36.2400016784668,36.470001220703125,36.060001373291016,36.06999969482422,2769000
2013-03-08,35.66999816894531,36.38999938964844,35.52000045776367,36.20000076293945,5662600
2013-03-11,35.63999938964844,35.93000030517578,35.369998931884766,35.47999954223633,4648000
2013-03-12,35.34000015258789,35.63999938964844,35.2599983215332,35.59000015258789,3239100
2013-03-13,35.709999084472656,35.77000045776367,35.060001373291016,35.209999084472656,3691300
2013-03-14,35.72999954223633,36.150001525878906,35.0099983215332,35.25,12683000
2013-03-15,34.95000076293945,35.2599983215332,33.540000915527344,34.040000915527344,18674000
2013-03-18,33.91999816894531,34.5,33.7599983215332,33.95000076293945,9383500
2013-03-19,33.209999084472656,33.83000183105469,33.099998474121094,33.75,8908300
2013-03-20,33.63999938964844,33.779998779296875,33.400001525878906,33.54999923706055,4088600
2013-03-21,33.630001068115234,33.880001068115234,33.08000183105469,33.18000030517578,6553900
2013-03-22,34.040000915527344,34.15999984741211,33.459999084472656,33.459999084472656,7046300
2013-03-25,33.63999938964844,34.189998626708984,33.349998474121094,34.0,6083400
2013-03-26,33.77000045776367,33.900001525878906,33.34000015258789,33.4900016784668,4123900
2013-03-27,33.630001068115234,33.70000076293945,33.33000183105469,33.40999984741211,4009000
2013-03-28,34.29999923706055,34.400001525878906,33.849998474121094,33.900001525878906,5272700
2013-04-01,33.959999084472656,34.400001525878906,33.849998474121094,34.349998474121094,2973800
2013-04-02,34.220001220703125,34.38999938964844,33.95000076293945,34.099998474121094,2978600
2013-04-03,33.630001068115234,34.209999084472656,33.11000061035156,33.97999954223633,9061100
2013-04-04,33.099998474121094,33.209999084472656,32.65999984741211,33.04999923706055,9166200
2013-04-05,33.54999923706055,33.630001068115234,32.650001525878906,32.68000030517578,5231600
2013-04-08,33.7400016784668,33.7400016784668,33.36000061035156,33.43000030517578,2934800
2013-04-09,33.93000030517578,33.95000076293945,33.61000061035156,33.83000183105469,2993200
2013-04-10,34.08000183105469,34.22999954223633,33.91999816894531,34.02000045776367,2862800
2013-04-11,34.119998931884766,34.220001220703125,34.02000045776367,34.130001068115234,3372300
2013-04-12,34.130001068115234,34.15999984741211,33.79999923706055,33.900001525878906,2675000
2013-04-15,33.16999816894531,34.0,33.16999816894531,33.880001068115234,4156600
2013-04-16,33.310001373291016,33.689998626708984,33.279998779296875,33.66999816894531,4690000
2013-04-17,33.22999954223633,33.459999084472656,32.95000076293945,33.45000076293945,5345100
2013-04-18,33.27000045776367,33.880001068115234,33.20000076293945,33.83000183105469,5184400
2013-04-19,33.38999938964844,33.689998626708984,33.25,33.58000183105469,4468300
2013-04-22,33.15999984741211,33.5,32.93000030517578,33.369998931884766,4836200
2013-04-23,33.529998779296875,33.650001525878906,33.2599983215332,33.400001525878906,4892300
2013-04-24,33.31999969482422,33.91999816894531,33.25,33.689998626708984,4002300
2013-04-25,34.61000061035156,34.869998931884766,34.06999969482422,34.25,6263800
2013-04-26,34.459999084472656,34.79999923706055,34.27000045776367,34.77000045776367,4317900
2013-04-29,34.81999969482422,34.959999084472656,34.31999969482422,34.540000915527344,3193300
2013-04-30,34.5099983215332,34.77000045776367,34.349998474121094,34.68000030517578,3261000
2013-05-01,33.93000030517578,34.5,33.86000061035156,34.43000030517578,4607800
2013-05-02,34.400001525878906,34.470001220703125,34.11000061035156,34.220001220703125,3497300
2013-05-03,35.34000015258789,35.52000045776367,34.900001525878906,35.0099983215332,5541200
2013-05-06,35.04999923706055,35.470001220703125,34.939998626708984,35.380001068115234,1968300
2013-05-07,35.540000915527344,35.54999923706055,35.119998931884766,35.22999954223633,3928200
2013-05-08,35.61000061035156,35.7400016784668,35.40999984741211,35.470001220703125,3210000
2013-05-09,35.220001220703125,35.63999938964844,35.130001068115234,35.52000045776367,2943600
2013-05-10,35.119998931884766,35.310001373291016,34.959999084472656,35.220001220703125,2031800
2013-05-13,34.790000915527344,34.93000030517578,34.619998931884766,34.81999969482422,3614100
2013-05-14,35.20000076293945,35.220001220703125,34.66999816894531,34.709999084472656,2792900
2013-05-15,35.04999923706055,35.209999084472656,34.900001525878906,35.099998474121094,3360800
2013-05-16,34.959999084472656,35.310001373291016,34.900001525878906,35.09000015258789,3389400
2013-05-17,35.0,35.119998931884766,34.709999084472656,35.0099983215332,2551900
2013-05-20,35.31999969482422,35.40999984741211,35.040000915527344,35.04999923706055,2343500
2013-05-21,33.810001373291016,34.060001373291016,32.91999816894531,32.91999816894531,22521700
2013-05-22,33.040000915527344,33.5,32.88999938964844,33.060001373291016,11498600
2013-05-23,32.9900016784668,33.130001068115234,32.5099983215332,32.61000061035156,6345900
2013-05-24,32.880001068115234,33.15999984741211,32.7400016784668,32.79999923706055,3728400
2013-05-28,33.0,33.220001220703125,32.900001525878906,33.06999969482422,4211100
2013-05-29,33.099998474121094,33.33000183105469,32.779998779296875,32.90999984741211,3451700
2013-05-30,33.5099983215332,33.7400016784668,32.900001525878906,32.9900016784668,4940700
2013-05-31,33.099998474121094,33.54999923706055,33.09000015258789,33.18000030517578,6778300
2013-06-03,32.65999984741211,32.86000061035156,32.29999923706055,32.72999954223633,6702200
2013-06-04,32.36000061035156,32.5099983215332,32.150001525878906,32.34000015258789,7353200
2013-06-05,32.20000076293945,32.349998474121094,32.09000015258789,32.27000045776367,6435300
2013-06-06,32.22999954223633,32.439998626708984,32.060001373291016,32.13999938964844,4917400
2013-06-07,32.709999084472656,32.7400016784668,32.220001220703125,32.31999969482422,3353400
2013-06-10,32.470001220703125,32.7599983215332,32.43000030517578,32.68000030517578,3675500
2013-06-11,32.34000015258789,32.400001525878906,32.06999969482422,32.189998626708984,4050200
2013-06-12,32.720001220703125,32.88999938964844,32.4900016784668,32.779998779296875,5081300
2013-06-13,33.91999816894531,33.93000030517578,32.81999969482422,32.95000076293945,4720700
2013-06-14,33.84000015258789,33.97999954223633,33.70000076293945,33.81999969482422,4296600
2013-06-17,33.70000076293945,34.220001220703125,33.54999923706055,33.959999084472656,4563500
2013-06-18,34.310001373291016,34.310001373291016,33.66999816894531,33.68000030517578,4024700
2013-06-19,33.81999969482422,34.290000915527344,33.650001525878906,34.220001220703125,5786400
2013-06-20,33.439998626708984,33.630001068115234,33.27000045776367,33.4900016784668,5449500
2013-06-21,33.43000030517578,33.779998779296875,33.13999938964844,33.47999954223633,8205600
2013-06-24,33.220001220703125,33.40999984741211,32.5,33.060001373291016,9519500
2013-06-25,34.88999938964844,34.97999954223633,33.54999923706055,34.16999816894531,10794800
2013-06-26,34.779998779296875,35.060001373291016,34.56999969482422,34.880001068115234,4601100
2013-06-27,34.290000915527344,34.77000045776367,34.290000915527344,34.4900016784668,5002600
2013-06-28,34.290000915527344,34.4900016784668,33.95000076293945,34.099998474121094,5141600
2013-07-01,34.650001525878906,34.79999923706055,34.47999954223633,34.560001373291016,4359300
2013-07-02,34.880001068115234,34.970001220703125,34.63999938964844,34.66999816894531,3112100
2013-07-03,34.849998474121094,34.93000030517578,34.439998626708984,34.900001525878906,1626800
2013-07-05,35.189998626708984,35.22999954223633,34.810001373291016,34.9900016784668,2179300
2013-07-08,35.11000061035156,35.43000030517578,34.900001525878906,35.33000183105469,3083100
2013-07-09,35.15999984741211,35.349998474121094,34.9900016784668,35.279998779296875,2784100
2013-07-10,35.369998931884766,35.40999984741211,35.18000030517578,35.22999954223633,2064200
2013-07-11,36.029998779296875,36.04999923706055,35.66999816894531,35.779998779296875,2258900
2013-07-12,36.060001373291016,36.099998474121094,35.81999969482422,35.970001220703125,2788300
2013-07-15,36.040000915527344,36.16999816894531,35.88999938964844,36.11000061035156,1783400
2013-07-16,36.25,36.2599983215332,35.75,35.9900016784668,2616000
2013-07-17,36.29999923706055,36.400001525878906,36.18000030517578,36.2400016784668,2169600
2013-07-18,36.65999984741211,36.880001068115234,36.5,36.560001373291016,2914700
2013-07-19,36.630001068115234,36.880001068115234,36.380001068115234,36.880001068115234,3927300
2013-07-22,36.5099983215332,36.7599983215332,36.34000015258789,36.7599983215332,2442400
2013-07-23,36.720001220703125,36.83000183105469,36.63999938964844,36.709999084472656,3178600
2013-07-24,36.91999816894531,37.220001220703125,36.70000076293945,36.95000076293945,4316000
2013-07-25,36.90999984741211,37.18000030517578,36.66999816894531,36.970001220703125,3425400
2013-07-26,37.36000061035156,37.380001068115234,37.02000045776367,37.06999969482422,3911000
2013-07-29,37.04999923706055,37.33000183105469,36.9900016784668,37.18000030517578,2918000
2013-07-30,36.9900016784668,37.18000030517578,36.869998931884766,37.08000183105469,3608500
2013-07-31,37.029998779296875,37.25,36.91999816894531,37.119998931884766,3588500
2013-08-01,37.709999084472656,37.81999969482422,37.209999084472656,37.400001525878906,3575600
2013-08-02,37.70000076293945,37.83000183105469,37.52000045776367,37.709999084472656,2244900
2013-08-05,37.68000030517578,38.040000915527344,37.47999954223633,38.02000045776367,3060600
2013-08-06,37.349998474121094,37.83000183105469,37.20000076293945,37.75,3188500
2013-08-07,37.0,37.41999816894531,36.900001525878906,37.380001068115234,2636000
2013-08-08,36.93000030517578,37.2599983215332,36.790000915527344,37.09000015258789,3024300
2013-08-09,36.5099983215332,36.779998779296875,36.2599983215332,36.7599983215332,3417800
2013-08-12,36.290000915527344,36.45000076293945,36.18000030517578,36.220001220703125,4313700
2013-08-13,36.59000015258789,36.70000076293945,36.20000076293945,36.439998626708984,2067600
2013-08-14,36.90999984741211,37.060001373291016,36.58000183105469,36.599998474121094,2598500
2013-08-15,36.689998626708984,37.04999923706055,36.5099983215332,36.88999938964844,3191500
2013-08-16,36.52000045776367,36.790000915527344,36.31999969482422,36.63999938964844,2771900
2013-08-19,35.88999938964844,36.43000030517578,35.79999923706055,36.41999816894531,4006800
2013-08-20,36.15999984741211,36.279998779296875,35.95000076293945,36.04999923706055,3056900
2013-08-21,36.43000030517578,36.81999969482422,36.060001373291016,36.09000015258789,3238500
2013-08-22,37.40999984741211,37.619998931884766,36.5,36.63999938964844,3665900
2013-08-23,37.369998931884766,37.4900016784668,37.119998931884766,37.33000183105469,2246000
2013-08-26,37.47999954223633,37.81999969482422,37.36000061035156,37.369998931884766,3294400
2013-08-27,36.56999969482422,37.040000915527344,36.529998779296875,36.90999984741211,4570400
2013-08-28,35.970001220703125,36.290000915527344,35.91999816894531,36.290000915527344,4071400
2013-08-29,36.06999969482422,36.279998779296875,35.83000183105469,35.869998931884766,1878300
2013-08-30,36.09000015258789,36.16999816894531,35.81999969482422,36.040000915527344,2700700
2013-09-03,35.97999954223633,36.310001373291016,35.75,35.939998626708984,3326300
2013-09-04,35.880001068115234,35.97999954223633,35.11000061035156,35.150001525878906,5601200
2013-09-05,35.939998626708984,36.029998779296875,35.41999816894531,35.41999816894531,3750500
2013-09-06,35.86000061035156,36.119998931884766,35.61000061035156,35.91999816894531,2749200
2013-09-09,36.43000030517578,36.470001220703125,35.88999938964844,35.970001220703125,2879700
2013-09-10,37.189998626708984,37.45000076293945,36.939998626708984,36.95000076293945,3591900
2013-09-11,37.40999984741211,37.43000030517578,37.0099983215332,37.06999969482422,2821500
2013-09-12,37.18000030517578,37.540000915527344,37.06999969482422,37.5099983215332,3413600
2013-09-13,37.43000030517578,37.45000076293945,36.97999954223633,37.2400016784668,2155300
2013-09-16,37.34000015258789,37.959999084472656,37.27000045776367,37.900001525878906,2613700
2013-09-17,37.619998931884766,37.709999084472656,37.40999984741211,37.439998626708984,1561100
2013-09-18,37.650001525878906,37.720001220703125,36.83000183105469,37.33000183105469,3392000
2013-09-19,37.70000076293945,37.84000015258789,37.4900016784668,37.56999969482422,2551000
2013-09-20,37.08000183105469,37.599998474121094,37.04999923706055,37.560001373291016,4171300
2013-09-23,37.400001525878906,37.650001525878906,37.04999923706055,37.34000015258789,3915500
2013-09-24,34.540000915527344,35.66999816894531,34.27000045776367,35.66999816894531,26996600
2013-09-25,32.70000076293945,33.29999923706055,32.61000061035156,33.290000915527344,23729400
2013-09-26,32.93000030517578,33.0099983215332,32.4900016784668,32.66999816894531,9245000
2013-09-27,32.880001068115234,33.099998474121094,32.7400016784668,32.869998931884766,5761000
2013-09-30,32.63999938964844,32.849998474121094,32.529998779296875,32.77000045776367,4672000
2013-10-01,32.58000183105469,32.709999084472656,32.209999084472656,32.68000030517578,5126000
2013-10-02,32.33000183105469,32.5099983215332,32.099998474121094,32.36000061035156,4472300
2013-10-03,32.36000061035156,32.47999954223633,32.119998931884766,32.16999816894531,4841000
2013-10-04,32.43000030517578,32.5099983215332,32.060001373291016,32.119998931884766,4133200
2013-10-07,32.189998626708984,32.34000015258789,32.11000061035156,32.13999938964844,3636400
2013-10-08,31.719999313354492,32.18000030517578,31.709999084472656,32.16999816894531,5913000
2013-10-09,31.600000381469727,31.760000228881836,31.440000534057617,31.670000076293945,3967600
2013-10-10,31.860000610351562,31.93000030517578,31.719999313354492,31.809999465942383,3173800
2013-10-11,32.25,32.33000183105469,31.850000381469727,31.950000762939453,2584000
2013-10-14,32.099998474121094,32.31999969482422,31.889999389648438,32.16999816894531,3806500
2013-10-15,31.959999084472656,32.310001373291016,31.84000015258789,31.889999389648438,4096900
2013-10-16,32.15999984741211,32.2400016784668,31.889999389648438,32.0,3569400
2013-10-17,32.88999938964844,32.91999816894531,32.279998779296875,32.34000015258789,3619600
2013-10-18,32.7400016784668,33.04999923706055,32.619998931884766,33.040000915527344,3163100
2013-10-21,33.47999954223633,33.47999954223633,32.75,32.75,4554600
2013-10-22,34.18000030517578,34.2400016784668,33.470001220703125,33.59000015258789,5580000
2013-10-23,33.849998474121094,34.16999816894531,33.75,34.130001068115234,3716700
2013-10-24,34.689998626708984,34.81999969482422,34.439998626708984,34.47999954223633,6024100
2013-10-25,34.630001068115234,34.849998474121094,34.45000076293945,34.79999923706055,4037500
2013-10-28,34.88999938964844,34.900001525878906,34.560001373291016,34.7599983215332,2942300
2013-10-29,34.970001220703125,34.97999954223633,34.720001220703125,34.790000915527344,3473800
2013-10-30,34.900001525878906,35.0099983215332,34.58000183105469,34.72999954223633,5577100
2013-10-31,34.650001525878906,34.939998626708984,34.540000915527344,34.630001068115234,4172900
2013-11-01,34.84000015258789,34.849998474121094,34.4900016784668,34.66999816894531,3500100
2013-11-04,35.20000076293945,35.22999954223633,34.93000030517578,35.0,2223600
2013-11-05,35.38999938964844,35.45000076293945,35.130001068115234,35.20000076293945,3114800
2013-11-06,36.31999969482422,36.31999969482422,35.689998626708984,35.7400016784668,4364200
2013-11-07,35.65999984741211,36.2599983215332,35.470001220703125,36.099998474121094,4710500
2013-11-08,36.27000045776367,36.279998779296875,35.400001525878906,35.70000076293945,3273200
2013-11-11,36.099998474121094,36.16999816894531,35.84000015258789,36.029998779296875,1851200
2013-11-12,35.66999816894531,35.880001068115234,35.310001373291016,35.77000045776367,4744400
2013-11-13,35.83000183105469,35.91999816894531,34.959999084472656,35.06999969482422,4053000
2013-11-14,36.11000061035156,36.2400016784668,35.720001220703125,35.849998474121094,2201600
2013-11-15,36.0,36.060001373291016,35.70000076293945,35.970001220703125,4319200
2013-11-18,35.66999816894531,36.02000045776367,35.529998779296875,35.95000076293945,4634700
2013-11-19,35.61000061035156,35.720001220703125,35.220001220703125,35.630001068115234,5361000
2013-11-20,35.75,35.95000076293945,35.290000915527344,35.380001068115234,4535800
2013-11-21,35.880001068115234,36.0,35.470001220703125,35.68000030517578,3888000
2013-11-22,36.119998931884766,36.34000015258789,35.45000076293945,35.7599983215332,6938800
2013-11-25,36.29999923706055,36.41999816894531,36.029998779296875,36.279998779296875,2247300
2013-11-26,35.959999084472656,36.22999954223633,35.75,35.939998626708984,6090200
2013-11-27,36.189998626708984,36.34000015258789,36.0099983215332,36.099998474121094,3291800
2013-11-29,36.11000061035156,36.43000030517578,36.029998779296875,36.310001373291016,1403700
2013-12-02,36.08000183105469,36.22999954223633,35.880001068115234,35.900001525878906,2539600
2013-12-03,35.849998474121094,36.0,35.63999938964844,35.91999816894531,3788000
2013-12-04,35.54999923706055,35.59000015258789,35.15999984741211,35.2400016784668,5142800
2013-12-05,34.9900016784668,35.189998626708984,34.81999969482422,35.0,4708600
2013-12-06,35.34000015258789,35.45000076293945,34.90999984741211,35.08000183105469,4529500
2013-12-09,35.599998474121094,35.90999984741211,35.16999816894531,35.189998626708984,3324600
2013-12-10,35.689998626708984,35.849998474121094,35.4900016784668,35.63999938964844,2864000
2013-12-11,35.380001068115234,35.7599983215332,35.34000015258789,35.63999938964844,3243400
2013-12-12,35.34000015258789,35.63999938964844,35.150001525878906,35.43000030517578,2997500
2013-12-13,35.9900016784668,36.06999969482422,35.2400016784668,35.29999923706055,6797100
2013-12-16,36.470001220703125,36.709999084472656,35.880001068115234,35.880001068115234,6702600
2013-12-17,36.54999923706055,36.7599983215332,36.34000015258789,36.38999938964844,4329200
2013-12-18,37.11000061035156,37.150001525878906,36.2599983215332,36.63999938964844,5451100
2013-12-19,38.04999923706055,38.84000015258789,37.290000915527344,38.59000015258789,16530400
2013-12-20,38.849998474121094,39.040000915527344,38.43000030517578,39.0,11550300
2013-12-23,39.150001525878906,39.61000061035156,39.08000183105469,39.45000076293945,6279700
2013-12-24,39.439998626708984,39.47999954223633,39.119998931884766,39.20000076293945,1731000
2013-12-26,39.540000915527344,39.630001068115234,39.349998474121094,39.5,1832300
2013-12-27,39.88999938964844,40.40999984741211,39.81999969482422,40.11000061035156,4184400
2013-12-30,40.13999938964844,40.18000030517578,39.79999923706055,40.060001373291016,3001800
2013-12-31,40.16999816894531,40.470001220703125,39.95000076293945,40.16999816894531,2499700
2014-01-02,39.810001373291016,39.9900016784668,39.61000061035156,39.63999938964844,2953600
2014-01-03,39.849998474121094,40.02000045776367,39.650001525878906,39.91999816894531,2655900
2014-01-06,39.22999954223633,39.84000015258789,39.16999816894531,39.81999969482422,3599900
2014-01-07,39.4900016784668,39.869998931884766,39.2400016784668,39.66999816894531,3763600
2014-01-08,39.400001525878906,39.77000045776367,39.11000061035156,39.7599983215332,4236700
2014-01-09,39.959999084472656,40.0,39.349998474121094,39.529998779296875,4467500
2014-01-10,41.25,41.290000915527344,40.18000030517578,40.29999923706055,6450500
2014-01-13,41.41999816894531,41.88999938964844,40.939998626708984,40.9900016784668,7469500
2014-01-14,41.52000045776367,41.68000030517578,41.189998626708984,41.4900016784668,3387000
2014-01-15,41.58000183105469,41.7599983215332,41.41999816894531,41.54999923706055,4416000
2014-01-16,41.529998779296875,41.59000015258789,41.220001220703125,41.459999084472656,2253300
2014-01-17,41.36000061035156,41.65999984741211,41.220001220703125,41.630001068115234,2297800
2014-01-21,40.83000183105469,41.70000076293945,40.5099983215332,41.630001068115234,3915300
2014-01-22,41.08000183105469,41.38999938964844,40.7599983215332,41.290000915527344,3538700
2014-01-23,40.650001525878906,40.90999984741211,40.349998474121094,40.88999938964844,2908100
2014-01-24,39.150001525878906,40.18000030517578,39.11000061035156,40.18000030517578,6148400
2014-01-27,39.369998931884766,40.209999084472656,39.02000045776367,40.16999816894531,5824100
2014-01-28,40.59000015258789,40.810001373291016,40.27000045776367,40.38999938964844,5928200
2014-01-29,39.540000915527344,40.27000045776367,39.349998474121094,40.25,4496500
2014-01-30,40.040000915527344,40.220001220703125,39.72999954223633,39.9900016784668,2034400
2014-01-31,39.189998626708984,39.63999938964844,39.150001525878906,39.29999923706055,3267800
2014-02-03,38.75,39.43000030517578,37.959999084472656,39.41999816894531,9866400
2014-02-04,39.04999923706055,39.16999816894531,38.65999984741211,38.93000030517578,2653400
2014-02-05,38.619998931884766,39.04999923706055,38.599998474121094,38.93000030517578,3498100
2014-02-06,40.130001068115234,40.15999984741211,39.18000030517578,39.2400016784668,3158200
2014-02-07,39.90999984741211,40.43000030517578,39.59000015258789,40.36000061035156,2905300
2014-02-10,40.310001373291016,40.36000061035156,39.66999816894531,39.790000915527344,2513900
2014-02-11,40.279998779296875,40.4900016784668,39.75,39.779998779296875,3118000
2014-02-12,40.400001525878906,40.47999954223633,40.20000076293945,40.290000915527344,1753700
2014-02-13,40.2400016784668,40.2599983215332,39.86000061035156,40.0,1557900
2014-02-14,40.7599983215332,40.77000045776367,40.08000183105469,40.310001373291016,1517800
2014-02-18,39.7599983215332,40.79999923706055,39.38999938964844,40.689998626708984,4268500
2014-02-19,39.18000030517578,39.66999816894531,39.119998931884766,39.650001525878906,2781000
2014-02-20,39.11000061035156,39.25,38.849998474121094,39.220001220703125,2814400
2014-02-21,39.41999816894531,39.54999923706055,39.0099983215332,39.0099983215332,2317900
2014-02-24,39.689998626708984,39.959999084472656,39.27000045776367,39.279998779296875,1946400
2014-02-25,40.08000183105469,40.22999954223633,39.650001525878906,40.0,2240500
2014-02-26,40.220001220703125,40.33000183105469,39.90999984741211,40.099998474121094,2581700
2014-02-27,40.45000076293945,40.630001068115234,40.220001220703125,40.2599983215332,3672000
2014-02-28,39.65999984741211,39.9900016784668,39.560001373291016,39.93000030517578,6653200
2014-03-03,38.52000045776367,39.060001373291016,38.5,38.68000030517578,4305700
2014-03-04,39.619998931884766,39.65999984741211,38.970001220703125,39.150001525878906,3259900
2014-03-05,39.279998779296875,39.369998931884766,38.95000076293945,39.29999923706055,3186500
2014-03-06,39.189998626708984,39.31999969482422,38.61000061035156,38.650001525878906,5333900
2014-03-07,39.5,39.58000183105469,38.88999938964844,39.099998474121094,3937800
2014-03-10,39.0099983215332,39.29999923706055,38.779998779296875,39.15999984741211,2365000
2014-03-11,38.75,39.16999816894531,38.72999954223633,38.7599983215332,3247200
2014-03-12,39.29999923706055,39.34000015258789,38.45000076293945,38.599998474121094,3887100
2014-03-13,38.5099983215332,39.279998779296875,38.2400016784668,39.130001068115234,4510800
2014-03-14,38.41999816894531,38.70000076293945,38.18000030517578,38.43000030517578,2688500
2014-03-17,38.81999969482422,38.939998626708984,38.59000015258789,38.63999938964844,1639400
2014-03-18,39.61000061035156,39.849998474121094,39.060001373291016,39.189998626708984,3146400
2014-03-19,39.369998931884766,39.77000045776367,39.119998931884766,39.59000015258789,2664200
2014-03-20,39.9900016784668,40.08000183105469,39.060001373291016,39.209999084472656,2670100
2014-03-21,39.97999954223633,40.40999984741211,39.900001525878906,40.33000183105469,5816600
2014-03-24,40.0,40.20000076293945,39.70000076293945,40.16999816894531,5795600
2014-03-25,38.02000045776367,39.36000061035156,37.619998931884766,38.66999816894531,12730400
2014-03-26,37.63999938964844,38.13999938964844,37.54999923706055,37.900001525878906,5900200
2014-03-27,37.31999969482422,37.709999084472656,37.06999969482422,37.68000030517578,3922800
2014-03-28,37.2400016784668,37.68000030517578,37.060001373291016,37.279998779296875,3961000
2014-03-31,37.86000061035156,37.86000061035156,37.41999816894531,37.54999923706055,3055700
2014-04-01,38.400001525878906,38.41999816894531,37.83000183105469,37.83000183105469,2766100
2014-04-02,38.040000915527344,38.18000030517578,37.779998779296875,38.099998474121094,2826900
2014-04-03,38.459999084472656,38.5,38.15999984741211,38.41999816894531,3564800
2014-04-04,37.900001525878906,38.900001525878906,37.779998779296875,38.77000045776367,3824600
2014-04-07,37.68000030517578,38.220001220703125,37.650001525878906,38.130001068115234,2762200
2014-04-08,38.0,38.150001525878906,37.66999816894531,37.849998474121094,3131100
2014-04-09,38.08000183105469,38.290000915527344,37.779998779296875,38.0099983215332,1949100
2014-04-10,37.41999816894531,38.2599983215332,37.369998931884766,38.0,2075200
2014-04-11,37.029998779296875,37.20000076293945,36.790000915527344,36.970001220703125,3254600
2014-04-14,36.47999954223633,36.81999969482422,36.22999954223633,36.61000061035156,4293500
2014-04-15,36.220001220703125,36.529998779296875,35.790000915527344,36.43000030517578,3385900
2014-04-16,36.540000915527344,36.540000915527344,36.279998779296875,36.470001220703125,2281900
2014-04-17,37.31999969482422,37.38999938964844,36.68000030517578,36.7599983215332,2806200
2014-04-21,37.22999954223633,37.5099983215332,37.099998474121094,37.31999969482422,2035200
2014-04-22,37.369998931884766,37.7400016784668,37.29999923706055,37.41999816894531,2898700
2014-04-23,37.41999816894531,37.79999923706055,37.38999938964844,37.560001373291016,2312300
2014-04-24,38.16999816894531,38.22999954223633,37.560001373291016,37.86000061035156,3163000
2014-04-25,38.060001373291016,38.34000015258789,38.029998779296875,38.150001525878906,2732200
2014-04-28,38.619998931884766,38.72999954223633,37.84000015258789,38.040000915527344,4088000
2014-04-29,39.540000915527344,39.7400016784668,38.75,38.7599983215332,4487900
2014-04-30,39.310001373291016,39.599998474121094,39.25,39.54999923706055,3106800
2014-05-01,38.65999984741211,39.380001068115234,38.59000015258789,39.29999923706055,3856300
2014-05-02,38.810001373291016,39.099998474121094,38.68000030517578,39.06999969482422,3636300
2014-05-05,38.90999984741211,38.95000076293945,38.15999984741211,38.599998474121094,2739500
2014-05-06,39.04999923706055,39.66999816894531,39.0,39.619998931884766,3225200
2014-05-07,39.2599983215332,39.54999923706055,39.130001068115234,39.18000030517578,2595100
2014-05-08,39.18000030517578,39.63999938964844,39.06999969482422,39.290000915527344,1792200
2014-05-09,39.130001068115234,39.31999969482422,38.869998931884766,39.189998626708984,2185000
2014-05-12,39.75,39.9900016784668,39.22999954223633,39.2400016784668,2241800
2014-05-13,39.349998474121094,39.970001220703125,39.2400016784668,39.79999923706055,1527300
2014-05-14,38.970001220703125,39.470001220703125,38.91999816894531,39.27000045776367,2783200
2014-05-15,38.540000915527344,38.75,38.2599983215332,38.68000030517578,2435900
2014-05-16,38.2400016784668,38.34000015258789,37.810001373291016,38.040000915527344,3498200
2014-05-19,38.84000015258789,38.91999816894531,37.91999816894531,38.060001373291016,4602000
2014-05-20,39.18000030517578,39.72999954223633,39.0099983215332,39.689998626708984,3917100
2014-05-21,39.59000015258789,39.630001068115234,39.09000015258789,39.400001525878906,3922400
2014-05-22,39.720001220703125,39.84000015258789,39.41999816894531,39.61000061035156,2554300
2014-05-23,40.02000045776367,40.029998779296875,39.630001068115234,39.65999984741211,1764800
2014-05-27,39.650001525878906,40.2400016784668,39.599998474121094,40.15999984741211,2702200
2014-05-28,39.52000045776367,39.619998931884766,39.25,39.61000061035156,2118800
2014-05-29,39.7400016784668,39.7599983215332,39.33000183105469,39.369998931884766,1985200
2014-05-30,40.029998779296875,40.29999923706055,39.58000183105469,39.63999938964844,2425200
2014-06-02,40.02000045776367,40.369998931884766,39.93000030517578,40.09000015258789,1692200
2014-06-03,40.15999984741211,40.15999984741211,39.84000015258789,39.880001068115234,3895000
2014-06-04,40.09000015258789,40.2400016784668,39.95000076293945,40.08000183105469,3819500
2014-06-05,40.189998626708984,40.189998626708984,39.95000076293945,40.119998931884766,2678800
2014-06-06,40.25,40.58000183105469,40.130001068115234,40.54999923706055,4716000
2014-06-09,40.54999923706055,40.650001525878906,40.13999938964844,40.59000015258789,5166800
2014-06-10,40.18000030517578,40.31999969482422,39.65999984741211,40.2400016784668,3388700
2014-06-11,40.150001525878906,40.2599983215332,40.0,40.130001068115234,3700300
2014-06-12,39.08000183105469,40.060001373291016,38.9900016784668,40.0,3306700
2014-06-13,38.91999816894531,39.119998931884766,38.619998931884766,38.880001068115234,2411400
2014-06-16,38.41999816894531,38.72999954223633,38.29999923706055,38.52000045776367,2691600
2014-06-17,38.720001220703125,38.720001220703125,38.0,38.09000015258789,2608100
2014-06-18,38.619998931884766,38.70000076293945,38.189998626708984,38.34000015258789,3323600
2014-06-19,38.810001373291016,38.869998931884766,38.41999816894531,38.43000030517578,2847800
2014-06-20,39.11000061035156,39.43000030517578,38.810001373291016,38.86000061035156,4794600
2014-06-23,39.40999984741211,39.619998931884766,38.91999816894531,39.0,4941800
2014-06-24,38.22999954223633,39.2599983215332,38.15999984741211,38.619998931884766,9458000
2014-06-25,38.029998779296875,38.209999084472656,37.77000045776367,37.91999816894531,6042000
2014-06-26,37.9900016784668,38.220001220703125,37.79999923706055,37.9900016784668,3914300
2014-06-27,37.939998626708984,38.099998474121094,37.72999954223633,37.869998931884766,3219600
2014-06-30,37.650001525878906,38.040000915527344,37.459999084472656,37.970001220703125,3534200
2014-07-01,37.52000045776367,37.83000183105469,37.4900016784668,37.7599983215332,3860500
2014-07-02,37.560001373291016,37.79999923706055,37.4900016784668,37.63999938964844,2981000
2014-07-03,37.869998931884766,37.95000076293945,37.599998474121094,37.650001525878906,2868000
2014-07-07,37.650001525878906,37.849998474121094,37.529998779296875,37.79999923706055,2332300
2014-07-08,37.11000061035156,37.59000015258789,37.0099983215332,37.5,3842900
2014-07-09,36.970001220703125,37.029998779296875,36.709999084472656,36.869998931884766,4684100
2014-07-10,36.43000030517578,36.650001525878906,36.130001068115234,36.130001068115234,4302700
2014-07-11,36.79999923706055,36.939998626708984,36.290000915527344,36.349998474121094,4624000
2014-07-14,36.88999938964844,36.970001220703125,36.709999084472656,36.900001525878906,3039600
2014-07-15,36.61000061035156,36.970001220703125,36.58000183105469,36.86000061035156,3239900
2014-07-16,36.7400016784668,37.0099983215332,36.619998931884766,36.939998626708984,3152700
2014-07-17,36.04999923706055,36.560001373291016,35.959999084472656,36.4900016784668,2762900
2014-07-18,36.52000045776367,36.689998626708984,36.16999816894531,36.20000076293945,2744300
2014-07-21,36.25,36.36000061035156,35.880001068115234,36.25,2999500
2014-07-22,36.36000061035156,36.4900016784668,36.220001220703125,36.470001220703125,2533600
2014-07-23,36.5,36.619998931884766,36.20000076293945,36.380001068115234,2718500
2014-07-24,37.209999084472656,37.52000045776367,37.0099983215332,37.0099983215332,4785900
2014-07-25,36.68000030517578,36.900001525878906,36.619998931884766,36.83000183105469,2561800
2014-07-28,36.5,36.70000076293945,36.27000045776367,36.33000183105469,5700000
2014-07-29,36.33000183105469,36.709999084472656,36.279998779296875,36.61000061035156,3297900
2014-07-30,36.560001373291016,36.790000915527344,36.31999969482422,36.709999084472656,3407100
2014-07-31,36.220001220703125,36.779998779296875,36.18000030517578,36.34000015258789,4670300
2014-08-01,36.439998626708984,36.689998626708984,36.099998474121094,36.13999938964844,4361800
2014-08-04,36.310001373291016,36.41999816894531,35.95000076293945,36.209999084472656,3277300
2014-08-05,35.9900016784668,36.18000030517578,35.70000076293945,36.15999984741211,4869900
2014-08-06,36.2400016784668,36.529998779296875,35.7599983215332,35.849998474121094,3881700
2014-08-07,36.31999969482422,37.349998474121094,36.290000915527344,37.34000015258789,4366100
2014-08-08,36.45000076293945,36.630001068115234,36.29999923706055,36.43000030517578,2922000
2014-08-11,36.86000061035156,37.040000915527344,36.7400016784668,36.880001068115234,3171300
2014-08-12,36.95000076293945,37.310001373291016,36.869998931884766,37.150001525878906,2503900
2014-08-13,37.02000045776367,37.150001525878906,36.95000076293945,37.130001068115234,1879100
2014-08-14,37.4900016784668,37.4900016784668,37.04999923706055,37.27000045776367,2539000
2014-08-15,37.34000015258789,37.849998474121094,37.099998474121094,37.689998626708984,1854900
2014-08-18,37.86000061035156,37.939998626708984,37.72999954223633,37.83000183105469,1518800
2014-08-19,37.79999923706055,38.08000183105469,37.75,38.08000183105469,2334500
2014-08-20,37.7400016784668,37.779998779296875,37.459999084472656,37.560001373291016,1345900
2014-08-21,37.77000045776367,38.060001373291016,37.709999084472656,37.91999816894531,2047600
2014-08-22,37.90999984741211,38.0,37.65999984741211,37.75,1847200
2014-08-25,37.79999923706055,38.04999923706055,37.68000030517578,38.0,2131300
2014-08-26,38.0099983215332,38.060001373291016,37.70000076293945,37.849998474121094,2317400
2014-08-27,37.880001068115234,38.119998931884766,37.7400016784668,37.91999816894531,3123500
2014-08-28,37.27000045776367,37.560001373291016,37.22999954223633,37.470001220703125,2045800
2014-08-29,37.880001068115234,37.900001525878906,37.11000061035156,37.349998474121094,2926200
2014-09-02,37.95000076293945,38.02000045776367,37.599998474121094,37.72999954223633,2956500
2014-09-03,38.209999084472656,38.380001068115234,38.08000183105469,38.08000183105469,2290700
2014-09-04,39.09000015258789,39.34000015258789,38.40999984741211,38.41999816894531,4097400
2014-09-05,39.33000183105469,39.349998474121094,38.7400016784668,38.91999816894531,3093000
2014-09-08,39.119998931884766,39.16999816894531,38.790000915527344,38.959999084472656,2441800
2014-09-09,38.68000030517578,39.189998626708984,38.56999969482422,39.06999969482422,3434000
2014-09-10,38.869998931884766,38.900001525878906,38.5,38.689998626708984,2840900
2014-09-11,39.279998779296875,39.290000915527344,38.709999084472656,38.72999954223633,2766200
2014-09-12,39.18000030517578,39.38999938964844,39.0,39.38999938964844,2506500
2014-09-15,39.40999984741211,39.43000030517578,38.97999954223633,39.099998474121094,3266500
2014-09-16,39.5,39.65999984741211,39.060001373291016,39.13999938964844,3078500
2014-09-17,39.709999084472656,39.869998931884766,39.43000030517578,39.5,3042000
2014-09-18,40.11000061035156,40.119998931884766,39.81999969482422,39.83000183105469,3395000
2014-09-19,40.720001220703125,41.15999984741211,40.43000030517578,40.619998931884766,8677200
2014-09-22,40.34000015258789,40.529998779296875,40.220001220703125,40.459999084472656,5160600
2014-09-23,40.5099983215332,42.310001373291016,39.93000030517578,42.040000915527344,14964600
2014-09-24,41.119998931884766,41.15999984741211,40.279998779296875,40.5,6976300
2014-09-25,40.459999084472656,41.189998626708984,40.459999084472656,40.90999984741211,4341200
2014-09-26,40.869998931884766,40.959999084472656,40.41999816894531,40.5,2590800
2014-09-29,40.400001525878906,40.72999954223633,40.29999923706055,40.56999969482422,3584100
2014-09-30,40.16999816894531,40.5,40.150001525878906,40.33000183105469,3092800
2014-10-01,39.13999938964844,40.04999923706055,39.060001373291016,40.0,4786400
2014-10-02,38.58000183105469,39.119998931884766,37.66999816894531,39.099998474121094,9583500
2014-10-03,39.58000183105469,39.720001220703125,38.81999969482422,38.939998626708984,3655500
2014-10-06,39.5,40.119998931884766,39.470001220703125,39.90999984741211,6188700
2014-10-07,37.34000015258789,38.88999938964844,37.31999969482422,38.849998474121094,9767100
2014-10-08,37.66999816894531,37.7400016784668,36.65999984741211,37.439998626708984,6118600
2014-10-09,35.66999816894531,37.709999084472656,35.650001525878906,37.43000030517578,10500800
2014-10-10,35.5099983215332,36.33000183105469,35.43000030517578,35.63999938964844,6236500
2014-10-13,33.880001068115234,35.81999969482422,33.7400016784668,35.81999969482422,9915600
2014-10-14,34.63999938964844,35.34000015258789,34.400001525878906,34.630001068115234,9873200
2014-10-15,34.40999984741211,34.9900016784668,33.11000061035156,34.40999984741211,16257500
2014-10-16,34.689998626708984,35.11000061035156,33.88999938964844,34.02000045776367,9474400
2014-10-17,34.91999816894531,35.369998931884766,34.02000045776367,34.099998474121094,10288600
2014-10-20,35.91999816894531,36.13999938964844,35.25,35.36000061035156,6960800
2014-10-21,38.0,38.0099983215332,36.61000061035156,36.849998474121094,8699800
2014-10-22,37.7599983215332,38.439998626708984,37.36000061035156,37.400001525878906,5696800
2014-10-23,37.83000183105469,38.279998779296875,37.25,37.650001525878906,7430300
2014-10-24,38.52000045776367,38.599998474121094,37.439998626708984,37.4900016784668,4473400
2014-10-27,38.33000183105469,38.630001068115234,38.06999969482422,38.380001068115234,3205800
2014-10-28,39.09000015258789,39.09000015258789,38.279998779296875,38.619998931884766,3785500
2014-10-29,39.380001068115234,39.59000015258789,39.0,39.2599983215332,4039100
2014-10-30,40.06999969482422,40.099998474121094,39.0099983215332,39.0099983215332,5302700
2014-10-31,40.150001525878906,40.52000045776367,39.90999984741211,40.41999816894531,3735400
2014-11-03,40.06999969482422,40.349998474121094,39.939998626708984,40.150001525878906,2839700
2014-11-04,39.970001220703125,40.279998779296875,39.61000061035156,40.279998779296875,2510000
2014-11-05,39.9900016784668,40.20000076293945,39.66999816894531,40.15999984741211,2906700
2014-11-06,40.56999969482422,40.56999969482422,39.93000030517578,40.09000015258789,4279300
2014-11-07,40.400001525878906,40.400001525878906,39.880001068115234,39.91999816894531,4076800
2014-11-10,40.310001373291016,40.369998931884766,40.0099983215332,40.33000183105469,3043700
2014-11-11,40.630001068115234,40.83000183105469,40.400001525878906,40.81999969482422,3509800
2014-11-12,40.43000030517578,40.52000045776367,40.119998931884766,40.31999969482422,2838000
2014-11-13,40.900001525878906,41.13999938964844,40.54999923706055,40.7599983215332,3638300
2014-11-14,41.5,41.56999969482422,40.65999984741211,40.79999923706055,2872100
2014-11-17,41.5099983215332,41.63999938964844,41.189998626708984,41.52000045776367,2669400
2014-11-18,42.27000045776367,42.5,41.560001373291016,41.61000061035156,3545700
2014-11-19,41.59000015258789,41.880001068115234,41.52000045776367,41.7599983215332,4427200
2014-11-20,41.599998474121094,41.779998779296875,41.380001068115234,41.43000030517578,2142500
2014-11-21,41.56999969482422,41.869998931884766,41.45000076293945,41.720001220703125,3728700
2014-11-24,41.9900016784668,42.060001373291016,41.810001373291016,41.959999084472656,2569500
2014-11-25,42.2599983215332,42.400001525878906,41.939998626708984,42.20000076293945,2882900
2014-11-26,42.119998931884766,42.16999816894531,41.849998474121094,42.130001068115234,1642900
2014-11-28,44.15999984741211,44.439998626708984,43.439998626708984,43.54999923706055,4318300
2014-12-01,42.38999938964844,43.779998779296875,41.86000061035156,43.75,6841600
2014-12-02,42.84000015258789,43.02000045776367,42.5099983215332,42.84000015258789,5461900
2014-12-03,43.029998779296875,43.15999984741211,42.400001525878906,42.630001068115234,5087000
2014-12-04,43.58000183105469,43.59000015258789,42.88999938964844,43.06999969482422,3975200
2014-12-05,44.619998931884766,44.7400016784668,43.810001373291016,43.88999938964844,4424000
2014-12-08,44.06999969482422,44.54999923706055,43.83000183105469,44.189998626708984,4373300
2014-12-09,43.970001220703125,44.0099983215332,42.970001220703125,42.9900016784668,3635700
2014-12-10,43.29999923706055,44.0,43.09000015258789,43.90999984741211,3680000
2014-12-11,43.529998779296875,44.45000076293945,43.40999984741211,43.720001220703125,4639600
2014-12-12,42.95000076293945,43.790000915527344,42.93000030517578,43.75,4809700
2014-12-15,43.189998626708984,43.61000061035156,42.720001220703125,43.349998474121094,5909700
2014-12-16,43.119998931884766,44.02000045776367,42.90999984741211,43.34000015258789,5304200
2014-12-17,44.61000061035156,44.7599983215332,43.529998779296875,43.869998931884766,9447200
2014-12-18,44.5,44.97999954223633,44.16999816894531,44.939998626708984,7754900
2014-12-19,44.790000915527344,44.9900016784668,43.599998474121094,44.52000045776367,9827000
2014-12-22,44.86000061035156,44.91999816894531,44.63999938964844,44.810001373291016,4139600
2014-12-23,45.29999923706055,45.52000045776367,44.63999938964844,44.709999084472656,4519400
2014-12-24,45.38999938964844,46.02000045776367,45.34000015258789,45.400001525878906,1804100
2014-12-26,45.779998779296875,46.060001373291016,45.58000183105469,45.849998474121094,2888500
2014-12-29,45.95000076293945,46.279998779296875,45.709999084472656,45.939998626708984,6098700
2014-12-30,45.47999954223633,46.310001373291016,45.380001068115234,46.290000915527344,2733700
2014-12-31,45.33000183105469,45.959999084472656,45.25,45.7599983215332,2275300
2015-01-02,45.61000061035156,46.11000061035156,45.310001373291016,45.90999984741211,2769700
2015-01-05,45.38999938964844,46.20000076293945,45.29999923706055,46.18000030517578,4301500
2015-01-06,45.83000183105469,46.16999816894531,45.02000045776367,45.630001068115234,6216100
2015-01-07,46.0,46.290000915527344,45.7400016784668,45.88999938964844,7102600
2015-01-08,46.68000030517578,46.970001220703125,46.029998779296875,46.06999969482422,4910000
2015-01-09,46.29999923706055,46.720001220703125,46.029998779296875,46.720001220703125,3696200
2015-01-12,46.290000915527344,47.439998626708984,46.209999084472656,47.29999923706055,3907000
2015-01-13,45.959999084472656,46.849998474121094,45.560001373291016,46.75,4364800
2015-01-14,45.47999954223633,45.880001068115234,45.11000061035156,45.720001220703125,4418400
2015-01-15,45.16999816894531,45.97999954223633,44.93000030517578,45.869998931884766,4535700
2015-01-16,45.459999084472656,45.61000061035156,44.77000045776367,45.4900016784668,4589400
2015-01-20,45.380001068115234,45.93000030517578,45.2400016784668,45.84000015258789,4114400
2015-01-21,45.630001068115234,45.959999084472656,45.439998626708984,45.65999984741211,3728500
2015-01-22,46.25,46.66999816894531,45.5,45.95000076293945,4002000
2015-01-23,46.380001068115234,46.709999084472656,46.33000183105469,46.68000030517578,2605700
2015-01-26,46.7599983215332,46.7599983215332,46.220001220703125,46.380001068115234,2734000
2015-01-27,46.119998931884766,46.7599983215332,45.869998931884766,46.59000015258789,3909600
2015-01-28,45.15999984741211,46.619998931884766,45.08000183105469,46.529998779296875,3898700
2015-01-29,44.880001068115234,45.22999954223633,43.83000183105469,44.29999923706055,6934600
2015-01-30,43.959999084472656,45.02000045776367,43.900001525878906,44.61000061035156,4365100
2015-02-02,43.5099983215332,43.880001068115234,42.7599983215332,43.81999969482422,5111800
2015-02-03,43.689998626708984,43.900001525878906,43.290000915527344,43.40999984741211,5310400
2015-02-04,43.459999084472656,43.900001525878906,43.25,43.459999084472656,4067400
2015-02-05,43.70000076293945,43.84000015258789,43.40999984741211,43.77000045776367,3352700
2015-02-06,43.33000183105469,43.79999923706055,43.220001220703125,43.540000915527344,3153800
2015-02-09,42.650001525878906,43.15999984741211,42.5099983215332,43.0,3784200
2015-02-10,43.54999923706055,43.7400016784668,43.18000030517578,43.47999954223633,4683200
2015-02-11,44.06999969482422,44.2400016784668,43.59000015258789,43.59000015258789,5808300
2015-02-12,44.369998931884766,44.72999954223633,44.29999923706055,44.43000030517578,3631700
2015-02-13,43.47999954223633,43.83000183105469,43.400001525878906,43.66999816894531,4900800
2015-02-17,43.290000915527344,43.5099983215332,43.130001068115234,43.290000915527344,5748000
2015-02-18,43.869998931884766,44.06999969482422,43.58000183105469,43.939998626708984,5339900
2015-02-19,43.70000076293945,44.619998931884766,43.560001373291016,44.61000061035156,5077300
2015-02-20,43.27000045776367,43.40999984741211,42.81999969482422,43.27000045776367,4736300
2015-02-23,43.52000045776367,43.720001220703125,43.310001373291016,43.65999984741211,4096200
2015-02-24,43.59000015258789,43.68000030517578,43.189998626708984,43.65999984741211,4761600
2015-02-25,43.88999938964844,43.97999954223633,43.66999816894531,43.72999954223633,6421000
2015-02-26,43.77000045776367,44.02000045776367,43.630001068115234,43.880001068115234,4255200
2015-02-27,43.9900016784668,44.220001220703125,43.7400016784668,43.7400016784668,6008800
2015-03-02,45.189998626708984,45.61000061035156,44.0,44.029998779296875,10802800
2015-03-03,44.689998626708984,45.16999816894531,44.349998474121094,45.150001525878906,5307400
2015-03-04,44.59000015258789,44.630001068115234,44.29999923706055,44.459999084472656,2143800
2015-03-05,45.470001220703125,45.54999923706055,45.029998779296875,45.029998779296875,3940600
2015-03-06,44.400001525878906,45.2400016784668,44.04999923706055,45.220001220703125,4490900
2015-03-09,44.9900016784668,45.09000015258789,44.439998626708984,44.5099983215332,4101900
2015-03-10,44.06999969482422,44.81999969482422,44.040000915527344,44.72999954223633,3209100
2015-03-11,43.84000015258789,44.13999938964844,43.810001373291016,44.029998779296875,2500900
2015-03-12,45.290000915527344,45.29999923706055,44.439998626708984,44.56999969482422,4433100
2015-03-13,45.33000183105469,45.400001525878906,44.7400016784668,44.88999938964844,3774400
2015-03-16,46.29999923706055,46.43000030517578,45.54999923706055,45.560001373291016,3416800
2015-03-17,45.66999816894531,45.88999938964844,45.529998779296875,45.72999954223633,2506400
2015-03-18,46.720001220703125,46.83000183105469,45.5,45.59000015258789,4005500
2015-03-19,46.68000030517578,46.97999954223633,46.29999923706055,46.47999954223633,4084500
2015-03-20,46.880001068115234,47.2400016784668,46.54999923706055,46.77000045776367,6474200
2015-03-23,46.060001373291016,46.470001220703125,45.59000015258789,45.72999954223633,5384000
2015-03-24,45.38999938964844,45.97999954223633,45.380001068115234,45.779998779296875,4647000
2015-03-25,44.400001525878906,45.40999984741211,44.33000183105469,45.25,6466600
2015-03-26,44.41999816894531,44.689998626708984,43.7400016784668,43.95000076293945,5500300
2015-03-27,47.119998931884766,47.70000076293945,46.25,46.810001373291016,12474200
2015-03-30,47.720001220703125,47.77000045776367,46.75,47.439998626708984,4949100
2015-03-31,47.84000015258789,48.08000183105469,47.33000183105469,47.38999938964844,5467800
2015-04-01,47.47999954223633,48.0,47.0099983215332,47.810001373291016,3140600
2015-04-02,47.970001220703125,48.150001525878906,47.41999816894531,47.58000183105469,3910700
2015-04-06,47.7599983215332,48.06999969482422,47.45000076293945,47.650001525878906,3997700
2015-04-07,48.709999084472656,49.15999984741211,48.29999923706055,48.43000030517578,6965300
2015-04-08,48.61000061035156,49.209999084472656,48.5,49.040000915527344,4736300
2015-04-09,48.5099983215332,48.65999984741211,48.04999923706055,48.54999923706055,2963300
2015-04-10,48.33000183105469,48.59000015258789,48.25,48.5,1775000
2015-04-13,47.83000183105469,48.52000045776367,47.75,48.189998626708984,2484600
2015-04-14,47.4900016784668,47.95000076293945,47.349998474121094,47.81999969482422,2726800
2015-04-15,47.0099983215332,47.58000183105469,46.97999954223633,47.36000061035156,2712700
2015-04-16,47.27000045776367,47.61000061035156,46.79999923706055,46.97999954223633,4085100
2015-04-17,47.0099983215332,47.2400016784668,46.5,47.09000015258789,4217500
2015-04-20,46.4900016784668,46.869998931884766,45.939998626708984,46.27000045776367,4904400
2015-04-21,46.59000015258789,46.90999984741211,46.31999969482422,46.630001068115234,2621900
2015-04-22,46.619998931884766,46.75,46.2599983215332,46.619998931884766,1900800
2015-04-23,46.290000915527344,46.619998931884766,46.209999084472656,46.45000076293945,2190100
2015-04-24,46.380001068115234,46.599998474121094,46.130001068115234,46.540000915527344,2138600
2015-04-27,45.81999969482422,46.95000076293945,45.790000915527344,46.869998931884766,2862700
2015-04-28,45.41999816894531,45.630001068115234,45.0099983215332,45.540000915527344,2565500
2015-04-29,44.400001525878906,45.470001220703125,43.7599983215332,45.439998626708984,7737400
2015-04-30,43.970001220703125,44.75,43.689998626708984,44.720001220703125,4208600
2015-05-01,44.529998779296875,44.58000183105469,43.880001068115234,43.880001068115234,2697500
2015-05-04,44.33000183105469,44.880001068115234,44.290000915527344,44.63999938964844,2498400
2015-05-05,43.400001525878906,44.150001525878906,43.34000015258789,43.959999084472656,2457500
2015-05-06,43.45000076293945,43.70000076293945,43.099998474121094,43.40999984741211,3425400
2015-05-07,44.47999954223633,44.709999084472656,44.040000915527344,44.16999816894531,4358700
2015-05-08,46.15999984741211,46.27000045776367,45.5099983215332,45.56999969482422,4731100
2015-05-11,46.22999954223633,46.90999984741211,46.20000076293945,46.77000045776367,2813900
2015-05-12,45.79999923706055,46.09000015258789,45.59000015258789,46.04999923706055,2015300
2015-05-13,45.77000045776367,46.45000076293945,45.709999084472656,46.279998779296875,3468300
2015-05-14,47.369998931884766,47.38999938964844,46.33000183105469,46.369998931884766,4364500
2015-05-15,47.900001525878906,48.06999969482422,47.630001068115234,47.810001373291016,3599100
2015-05-18,47.90999984741211,48.220001220703125,47.709999084472656,47.810001373291016,2203200
2015-05-19,48.36000061035156,48.560001373291016,47.939998626708984,47.95000076293945,3277700
2015-05-20,47.52000045776367,48.119998931884766,47.5099983215332,47.88999938964844,3368000
2015-05-21,47.400001525878906,47.709999084472656,47.2599983215332,47.40999984741211,2277300
2015-05-22,47.349998474121094,47.650001525878906,47.09000015258789,47.29999923706055,2373700
2015-05-26,46.95000076293945,47.34000015258789,46.84000015258789,47.27000045776367,2772000
2015-05-27,47.59000015258789,47.75,47.27000045776367,47.5,1962900
2015-05-28,47.150001525878906,47.38999938964844,46.93000030517578,47.38999938964844,2114000
2015-05-29,46.33000183105469,47.16999816894531,46.310001373291016,46.970001220703125,3738400
2015-06-01,46.779998779296875,46.88999938964844,46.25,46.4900016784668,2316200
2015-06-02,47.029998779296875,47.2599983215332,46.65999984741211,46.720001220703125,2134100
2015-06-03,47.81999969482422,47.91999816894531,47.38999938964844,47.4900016784668,2743000
2015-06-04,47.38999938964844,47.790000915527344,47.27000045776367,47.369998931884766,3023900
2015-06-05,47.25,47.52000045776367,46.93000030517578,47.189998626708984,2073200
2015-06-08,47.02000045776367,47.400001525878906,46.90999984741211,47.0,1965600
2015-06-09,47.20000076293945,47.2400016784668,46.779998779296875,46.91999816894531,2071300
2015-06-10,47.0,47.630001068115234,46.9900016784668,47.33000183105469,4142500
2015-06-11,47.83000183105469,47.86000061035156,47.02000045776367,47.16999816894531,2812800
2015-06-12,47.41999816894531,47.650001525878906,47.20000076293945,47.25,1890900
2015-06-15,47.22999954223633,47.290000915527344,46.54999923706055,46.90999984741211,2266300
2015-06-16,47.45000076293945,47.630001068115234,46.880001068115234,47.119998931884766,2121700
2015-06-17,47.58000183105469,47.689998626708984,46.9900016784668,47.209999084472656,2216100
2015-06-18,48.619998931884766,48.709999084472656,47.470001220703125,47.59000015258789,4063500
2015-06-19,48.91999816894531,49.119998931884766,48.529998779296875,48.630001068115234,6296800
2015-06-22,49.91999816894531,50.650001525878906,49.52000045776367,50.41999816894531,6143900
2015-06-23,49.47999954223633,50.11000061035156,49.060001373291016,49.90999984741211,5867800
2015-06-24,49.84000015258789,50.939998626708984,49.810001373291016,50.290000915527344,5375200
2015-06-25,50.040000915527344,51.0,49.970001220703125,50.560001373291016,5083400
2015-06-26,50.599998474121094,50.810001373291016,50.41999816894531,50.52000045776367,4451600
2015-06-29,48.95000076293945,50.220001220703125,48.900001525878906,50.060001373291016,3203400
2015-06-30,49.38999938964844,49.7599983215332,49.02000045776367,49.540000915527344,3234200
2015-07-01,49.630001068115234,50.15999984741211,49.40999984741211,49.90999984741211,3995600
2015-07-02,49.86000061035156,50.06999969482422,49.439998626708984,49.880001068115234,2894300
2015-07-06,49.36000061035156,49.970001220703125,49.0099983215332,49.45000076293945,3431900
2015-07-07,50.20000076293945,50.27000045776367,48.56999969482422,49.33000183105469,3988400
2015-07-08,48.93000030517578,49.709999084472656,48.91999816894531,49.599998474121094,3997300
2015-07-09,49.20000076293945,50.02000045776367,49.18000030517578,49.95000076293945,2722600
2015-07-10,50.58000183105469,50.7599983215332,50.150001525878906,50.5099983215332,4469100
2015-07-13,51.83000183105469,52.11000061035156,51.560001373291016,51.59000015258789,4407700
2015-07-14,52.20000076293945,52.400001525878906,52.029998779296875,52.20000076293945,2726300
2015-07-15,51.84000015258789,52.2599983215332,51.70000076293945,52.16999816894531,3569300
2015-07-16,52.209999084472656,52.400001525878906,51.93000030517578,52.33000183105469,3576900
2015-07-17,52.099998474121094,52.33000183105469,52.0099983215332,52.150001525878906,2874100
2015-07-20,52.150001525878906,52.380001068115234,52.029998779296875,52.34000015258789,2960700
2015-07-21,51.959999084472656,52.470001220703125,51.720001220703125,52.38999938964844,2477600
2015-07-22,52.369998931884766,52.400001525878906,51.849998474121094,51.869998931884766,2266400
2015-07-23,51.810001373291016,52.41999816894531,51.70000076293945,52.310001373291016,2278700
2015-07-24,51.119998931884766,51.810001373291016,50.83000183105469,51.68000030517578,2637600
2015-07-27,50.849998474121094,51.11000061035156,50.529998779296875,50.93000030517578,2390000
2015-07-28,51.34000015258789,51.380001068115234,50.68000030517578,50.83000183105469,2499600
2015-07-29,52.099998474121094,52.45000076293945,51.779998779296875,51.83000183105469,3396500
2015-07-30,51.880001068115234,52.0,51.15999984741211,51.560001373291016,2914000
2015-07-31,53.290000915527344,54.04999923706055,53.150001525878906,53.599998474121094,5530200
2015-08-03,52.220001220703125,53.18000030517578,51.880001068115234,53.150001525878906,4078600
2015-08-04,51.869998931884766,52.54999923706055,51.68000030517578,52.439998626708984,3400800
2015-08-05,52.630001068115234,53.08000183105469,52.31999969482422,52.380001068115234,3725000
2015-08-06,52.09000015258789,53.060001373291016,51.84000015258789,52.959999084472656,4136200
2015-08-07,52.130001068115234,52.22999954223633,51.560001373291016,52.150001525878906,3478800
2015-08-10,52.41999816894531,53.0099983215332,52.220001220703125,52.79999923706055,3815000
2015-08-11,52.189998626708984,52.33000183105469,51.66999816894531,51.91999816894531,3559400
2015-08-12,51.15999984741211,51.849998474121094,50.90999984741211,51.779998779296875,3985500
2015-08-13,52.11000061035156,52.439998626708984,51.310001373291016,51.459999084472656,3395000
2015-08-14,52.439998626708984,52.52000045776367,51.9900016784668,52.22999954223633,2223800
2015-08-17,52.88999938964844,53.06999969482422,52.209999084472656,52.2599983215332,2247100
2015-08-18,52.79999923706055,53.06999969482422,52.650001525878906,52.939998626708984,1880300
2015-08-19,52.29999923706055,52.689998626708984,51.93000030517578,52.09000015258789,2269800
2015-08-20,49.93000030517578,51.599998474121094,49.88999938964844,51.54999923706055,5190500
2015-08-21,48.380001068115234,49.70000076293945,48.2599983215332,49.459999084472656,6428200
2015-08-24,46.47999954223633,48.380001068115234,44.720001220703125,46.540000915527344,8379200
2015-08-25,47.34000015258789,48.939998626708984,47.31999969482422,48.41999816894531,7940600
2015-08-26,48.849998474121094,49.0,47.369998931884766,48.779998779296875,5923100
2015-08-27,49.7400016784668,49.81999969482422,48.599998474121094,49.029998779296875,5525700
2015-08-28,49.5,49.65999984741211,49.040000915527344,49.27000045776367,3563900
2015-08-31,49.22999954223633,49.77000045776367,49.029998779296875,49.41999816894531,3524300
2015-09-01,47.779998779296875,48.52000045776367,47.41999816894531,48.11000061035156,5112700
2015-09-02,49.439998626708984,49.439998626708984,48.369998931884766,48.65999984741211,3933500
2015-09-03,49.400001525878906,50.20000076293945,49.2400016784668,49.84000015258789,2958400
2015-09-04,48.93000030517578,49.209999084472656,48.470001220703125,48.810001373291016,3204700
2015-09-08,50.68000030517578,50.68000030517578,49.75,49.93000030517578,3925000
2015-09-09,50.529998779296875,51.45000076293945,50.40999984741211,50.869998931884766,3003700
2015-09-10,50.720001220703125,50.9900016784668,50.2400016784668,50.630001068115234,3081000
2015-09-11,51.380001068115234,51.400001525878906,50.33000183105469,50.400001525878906,2501700
2015-09-14,51.380001068115234,51.83000183105469,50.77000045776367,50.810001373291016,3827000
2015-09-15,51.939998626708984,52.15999984741211,51.099998474121094,51.400001525878906,3758100
2015-09-16,52.869998931884766,52.959999084472656,52.189998626708984,52.56999969482422,3634700
2015-09-17,52.7400016784668,53.540000915527344,52.459999084472656,52.7599983215332,3581100
2015-09-18,52.06999969482422,52.7400016784668,51.95000076293945,52.72999954223633,8391300
2015-09-21,52.68000030517578,53.0099983215332,52.11000061035156,52.650001525878906,6855500
2015-09-22,49.790000915527344,52.04999923706055,49.54999923706055,52.02000045776367,9986100
2015-09-23,51.5,51.56999969482422,49.790000915527344,50.810001373291016,6754100
2015-09-24,50.880001068115234,51.130001068115234,50.540000915527344,50.83000183105469,4989400
2015-09-25,50.70000076293945,51.619998931884766,50.40999984741211,51.40999984741211,3988000
2015-09-28,48.63999938964844,50.650001525878906,48.09000015258789,50.540000915527344,5503100
2015-09-29,48.22999954223633,48.84000015258789,47.790000915527344,48.810001373291016,4452400
2015-09-30,49.70000076293945,49.939998626708984,48.90999984741211,49.810001373291016,5182200
2015-10-01,49.5099983215332,50.439998626708984,48.97999954223633,50.0099983215332,4636900
2015-10-02,49.7599983215332,49.77000045776367,48.40999984741211,49.209999084472656,4515800
2015-10-05,50.380001068115234,50.470001220703125,49.75,50.16999816894531,5150100
2015-10-06,49.15999984741211,50.7400016784668,48.959999084472656,50.529998779296875,5198300
2015-10-07,49.25,49.31999969482422,48.2400016784668,48.310001373291016,5557700
2015-10-08,49.619998931884766,49.77000045776367,48.88999938964844,48.9900016784668,4458400
2015-10-09,49.36000061035156,49.4900016784668,48.650001525878906,48.88999938964844,4881100
2015-10-12,50.36000061035156,50.47999954223633,49.04999923706055,49.08000183105469,3372300
2015-10-13,49.869998931884766,50.619998931884766,49.779998779296875,49.849998474121094,2588200
2015-10-14,48.36000061035156,50.220001220703125,48.27000045776367,50.11000061035156,4489900
2015-10-15,50.61000061035156,50.68000030517578,48.900001525878906,49.130001068115234,4667300
2015-10-16,51.099998474121094,51.15999984741211,50.540000915527344,50.720001220703125,4154000
2015-10-19,51.86000061035156,51.939998626708984,50.75,50.970001220703125,4471400
2015-10-20,51.66999816894531,52.25,51.31999969482422,51.88999938964844,2986300
2015-10-21,51.459999084472656,52.150001525878906,51.20000076293945,51.880001068115234,3056300
2015-10-22,52.380001068115234,52.400001525878906,51.5099983215332,51.70000076293945,2989700
2015-10-23,53.58000183105469,53.83000183105469,52.849998474121094,53.04999923706055,5562900
2015-10-26,53.5099983215332,53.63999938964844,53.119998931884766,53.439998626708984,3206300
2015-10-27,53.84000015258789,53.90999984741211,53.22999954223633,53.279998779296875,2088800
2015-10-28,53.290000915527344,54.099998474121094,52.72999954223633,53.869998931884766,3514200
2015-10-29,54.08000183105469,54.209999084472656,53.13999938964844,53.369998931884766,2303400
2015-10-30,54.08000183105469,54.59000015258789,53.72999954223633,53.79999923706055,2764300
2015-11-02,53.54999923706055,54.560001373291016,53.43000030517578,54.290000915527344,3408900
2015-11-03,52.97999954223633,53.18000030517578,51.83000183105469,53.150001525878906,5460500
2015-11-04,52.79999923706055,53.130001068115234,52.25,52.619998931884766,3595100
2015-11-05,52.900001525878906,53.09000015258789,51.630001068115234,51.65999984741211,3671100
2015-11-06,53.36000061035156,53.36000061035156,52.47999954223633,52.72999954223633,3367100
2015-11-09,52.56999969482422,52.9900016784668,51.779998779296875,52.86000061035156,3077400
2015-11-10,53.130001068115234,53.20000076293945,52.2400016784668,52.310001373291016,2879100
2015-11-11,52.83000183105469,53.459999084472656,52.81999969482422,53.33000183105469,2237200
2015-11-12,52.16999816894531,52.65999984741211,52.060001373291016,52.5099983215332,2594300
2015-11-13,51.560001373291016,52.040000915527344,51.279998779296875,51.900001525878906,2653700
2015-11-16,50.77000045776367,50.97999954223633,49.86000061035156,50.61000061035156,5171700
2015-11-17,50.22999954223633,51.400001525878906,50.06999969482422,51.099998474121094,4583000
2015-11-18,50.290000915527344,50.400001525878906,49.7400016784668,50.20000076293945,4759600
2015-11-19,51.540000915527344,51.68000030517578,50.599998474121094,50.939998626708984,6164500
2015-11-20,51.58000183105469,51.939998626708984,51.40999984741211,51.720001220703125,4423000
2015-11-23,51.38999938964844,51.689998626708984,51.2599983215332,51.36000061035156,2414300
2015-11-24,50.38999938964844,50.540000915527344,49.72999954223633,50.119998931884766,7722500
2015-11-25,50.9900016784668,51.59000015258789,50.84000015258789,51.060001373291016,2843000
2015-11-27,50.84000015258789,51.16999816894531,50.619998931884766,51.11000061035156,1345800
2015-11-30,50.529998779296875,51.040000915527344,50.38999938964844,51.040000915527344,3469500
2015-12-01,51.459999084472656,51.529998779296875,50.79999923706055,51.130001068115234,5021600
2015-12-02,51.18000030517578,51.65999984741211,51.06999969482422,51.38999938964844,3015600
2015-12-03,49.310001373291016,51.47999954223633,49.150001525878906,51.40999984741211,4994900
2015-12-04,50.689998626708984,50.7599983215332,49.7400016784668,49.79999923706055,4126300
2015-12-07,50.66999816894531,51.2599983215332,50.279998779296875,51.0099983215332,3566800
2015-12-08,50.15999984741211,50.38999938964844,49.540000915527344,49.650001525878906,3428400
2015-12-09,50.310001373291016,50.81999969482422,50.029998779296875,50.13999938964844,4775800
2015-12-10,50.959999084472656,51.209999084472656,50.56999969482422,50.72999954223633,3932000
2015-12-11,50.689998626708984,51.2400016784668,50.11000061035156,50.189998626708984,6697600
2015-12-14,50.790000915527344,51.400001525878906,50.310001373291016,50.93000030517578,4268600
2015-12-15,52.15999984741211,52.369998931884766,51.290000915527344,51.61000061035156,4630100
2015-12-16,52.20000076293945,52.29999923706055,50.880001068115234,52.099998474121094,7302500
2015-12-17,50.459999084472656,52.22999954223633,50.33000183105469,52.0,5849400
2015-12-18,52.40999984741211,53.0,51.060001373291016,51.650001525878906,8631300
2015-12-21,53.939998626708984,54.15999984741211,53.33000183105469,53.43000030517578,5530600
2015-12-22,54.27000045776367,54.4900016784668,53.349998474121094,54.400001525878906,4726700
2015-12-23,54.08000183105469,54.619998931884766,53.95000076293945,54.4900016784668,3757400
2015-12-24,54.119998931884766,54.54999923706055,54.040000915527344,54.459999084472656,1684000
2015-12-28,54.189998626708984,54.41999816894531,53.810001373291016,53.869998931884766,2868300
2015-12-29,55.13999938964844,55.36000061035156,54.56999969482422,54.709999084472656,2660200
2015-12-30,55.040000915527344,55.77000045776367,55.0,55.52000045776367,2947000
2015-12-31,54.47999954223633,55.27000045776367,54.459999084472656,54.939998626708984,2269900
2016-01-04,54.20000076293945,54.220001220703125,53.220001220703125,54.15999984741211,4773000
2016-01-05,53.68000030517578,54.18000030517578,53.619998931884766,54.02000045776367,4545300
2016-01-06,53.52000045776367,54.11000061035156,52.86000061035156,52.90999984741211,5092000
2016-01-07,52.38999938964844,53.5099983215332,52.25,52.650001525878906,4908000
2016-01-08,52.04999923706055,53.68000030517578,51.90999984741211,53.650001525878906,4932700
2016-01-11,53.939998626708984,54.5,53.0,53.0,7022700
2016-01-12,54.68000030517578,54.900001525878906,53.95000076293945,54.439998626708984,6031400
2016-01-13,52.380001068115234,54.68000030517578,52.029998779296875,54.380001068115234,7727700
2016-01-14,51.939998626708984,52.18000030517578,50.189998626708984,51.650001525878906,8825300
2016-01-15,49.83000183105469,50.47999954223633,49.470001220703125,49.7599983215332,9111900
2016-01-19,49.06999969482422,51.2599983215332,48.59000015258789,50.83000183105469,10713500
2016-01-20,48.310001373291016,49.029998779296875,46.86000061035156,49.0,10088400
2016-01-21,49.56999969482422,49.86000061035156,48.279998779296875,48.47999954223633,8299600
2016-01-22,49.56999969482422,50.38999938964844,49.38999938964844,50.18000030517578,4912400
2016-01-25,48.79999923706055,49.79999923706055,48.68000030517578,49.54999923706055,4936900
2016-01-26,49.81999969482422,50.06999969482422,48.849998474121094,49.220001220703125,5548700
2016-01-27,48.04999923706055,50.56999969482422,47.75,50.470001220703125,7413400
2016-01-28,46.86000061035156,48.4900016784668,45.810001373291016,48.439998626708984,12679900
2016-01-29,48.130001068115234,48.130001068115234,46.90999984741211,46.939998626708984,8603700
2016-02-01,48.970001220703125,49.130001068115234,47.77000045776367,48.099998474121094,7056300
2016-02-02,45.08000183105469,47.310001373291016,44.5099983215332,47.25,16123000
2016-02-03,45.38999938964844,45.93000030517578,44.939998626708984,45.61000061035156,8651700
2016-02-04,45.5099983215332,45.720001220703125,44.81999969482422,45.5,7697700
2016-02-05,43.040000915527344,45.029998779296875,42.880001068115234,44.849998474121094,9093600
2016-02-08,41.91999816894531,42.4900016784668,40.81999969482422,42.29999923706055,12096500
2016-02-09,42.970001220703125,43.63999938964844,40.52000045776367,40.77000045776367,9800500
2016-02-10,43.40999984741211,44.56999969482422,43.310001373291016,43.439998626708984,7325100
2016-02-11,43.189998626708984,43.689998626708984,42.66999816894531,42.709999084472656,6704100
2016-02-12,44.060001373291016,44.150001525878906,42.84000015258789,43.279998779296875,4835000
2016-02-16,45.02000045776367,45.599998474121094,44.060001373291016,44.619998931884766,5145100
2016-02-17,45.91999816894531,46.150001525878906,45.130001068115234,45.22999954223633,5846200
2016-02-18,45.34000015258789,46.060001373291016,45.15999984741211,45.939998626708984,4359700
2016-02-19,46.38999938964844,46.54999923706055,44.83000183105469,45.36000061035156,4931600
2016-02-22,47.72999954223633,47.779998779296875,46.38999938964844,46.38999938964844,6756000
2016-02-23,48.099998474121094,48.58000183105469,47.630001068115234,47.75,6061300
2016-02-24,48.029998779296875,48.06999969482422,46.599998474121094,46.97999954223633,5282400
2016-02-25,48.5099983215332,48.619998931884766,47.959999084472656,48.040000915527344,4297400
2016-02-26,48.34000015258789,48.86000061035156,47.72999954223633,48.65999984741211,4829900
2016-02-29,47.959999084472656,48.81999969482422,47.939998626708984,48.33000183105469,4115600
2016-03-01,48.959999084472656,48.970001220703125,48.02000045776367,48.59000015258789,4368500
2016-03-02,48.15999984741211,48.869998931884766,47.939998626708984,48.689998626708984,3922100
2016-03-03,48.04999923706055,48.060001373291016,46.83000183105469,47.38999938964844,7237700
2016-03-04,47.970001220703125,48.189998626708984,47.43000030517578,48.029998779296875,5087300
2016-03-07,47.04999923706055,47.79999923706055,46.84000015258789,47.540000915527344,4610000
2016-03-08,46.36000061035156,47.13999938964844,46.31999969482422,46.880001068115234,5538900
2016-03-09,46.470001220703125,46.68000030517578,45.97999954223633,46.5099983215332,3975300
2016-03-10,46.29999923706055,47.400001525878906,45.7400016784668,46.38999938964844,4791400
2016-03-11,47.90999984741211,47.91999816894531,46.650001525878906,46.869998931884766,3653300
2016-03-14,48.119998931884766,48.650001525878906,47.9900016784668,48.08000183105469,3275300
2016-03-15,47.90999984741211,48.380001068115234,47.599998474121094,47.709999084472656,2472600
2016-03-16,48.83000183105469,49.040000915527344,47.540000915527344,47.7400016784668,3834600
2016-03-17,48.970001220703125,49.33000183105469,48.459999084472656,48.84000015258789,4459200
2016-03-18,49.630001068115234,49.90999984741211,48.90999984741211,48.95000076293945,6237300
2016-03-21,49.779998779296875,49.810001373291016,49.31999969482422,49.630001068115234,2934000
2016-03-22,48.75,48.84000015258789,47.939998626708984,47.939998626708984,7003800
2016-03-23,48.060001373291016,49.09000015258789,47.90999984741211,48.88999938964844,5313800
2016-03-24,48.91999816894531,49.02000045776367,47.900001525878906,48.209999084472656,4340800
2016-03-28,49.02000045776367,49.43000030517578,48.790000915527344,48.97999954223633,4199500
2016-03-29,49.63999938964844,49.77000045776367,49.040000915527344,49.11000061035156,4381100
2016-03-30,52.369998931884766,52.38999938964844,50.779998779296875,50.779998779296875,9520100
2016-03-31,52.77000045776367,53.04999923706055,52.150001525878906,52.290000915527344,7717400
2016-04-01,52.75,52.900001525878906,52.0099983215332,52.20000076293945,5386100
2016-04-04,53.029998779296875,53.209999084472656,52.529998779296875,52.79999923706055,3586900
2016-04-05,51.5,52.310001373291016,51.31999969482422,52.189998626708984,5511500
2016-04-06,51.9900016784668,52.06999969482422,51.41999816894531,51.91999816894531,3963900
2016-04-07,51.18000030517578,51.84000015258789,50.959999084472656,51.84000015258789,2975400
2016-04-08,51.13999938964844,51.709999084472656,51.02000045776367,51.709999084472656,2961700
2016-04-11,50.79999923706055,51.66999816894531,50.7599983215332,51.459999084472656,3977100
2016-04-12,51.22999954223633,51.38999938964844,50.81999969482422,51.279998779296875,3538600
2016-04-13,51.68000030517578,51.790000915527344,51.16999816894531,51.52000045776367,4515500
2016-04-14,51.56999969482422,51.97999954223633,51.040000915527344,51.65999984741211,2772600
2016-04-15,51.02000045776367,51.7400016784668,50.91999816894531,51.529998779296875,4737800
2016-04-18,50.84000015258789,51.970001220703125,50.20000076293945,51.86000061035156,5266800
2016-04-19,50.599998474121094,51.2400016784668,50.52000045776367,51.08000183105469,3253100
2016-04-20,50.040000915527344,50.75,49.90999984741211,50.61000061035156,3742000
2016-04-21,49.18000030517578,50.040000915527344,49.060001373291016,49.689998626708984,5332800
2016-04-22,48.5099983215332,49.9900016784668,48.130001068115234,49.099998474121094,4882800
2016-04-25,49.2400016784668,49.70000076293945,48.65999984741211,48.7400016784668,3606200
2016-04-26,49.130001068115234,49.689998626708984,48.83000183105469,49.16999816894531,3125500
2016-04-27,49.4900016784668,49.7599983215332,49.11000061035156,49.209999084472656,3450200
2016-04-28,48.709999084472656,49.47999954223633,48.61000061035156,48.790000915527344,4475600
2016-04-29,49.04999923706055,49.790000915527344,48.25,49.150001525878906,5878700
2016-05-02,49.529998779296875,49.81999969482422,49.31999969482422,49.33000183105469,3542200
2016-05-03,49.4900016784668,49.93000030517578,48.93000030517578,49.04999923706055,3738600
2016-05-04,49.15999984741211,49.38999938964844,48.95000076293945,49.11000061035156,3200300
2016-05-05,48.38999938964844,49.18000030517578,48.31999969482422,49.0099983215332,3216300
2016-05-06,49.220001220703125,49.290000915527344,48.15999984741211,48.41999816894531,3628400
2016-05-09,49.7400016784668,49.939998626708984,49.2400016784668,49.29999923706055,3313200
2016-05-10,50.38999938964844,50.4900016784668,48.369998931884766,49.130001068115234,6062100
2016-05-11,50.279998779296875,51.13999938964844,50.2400016784668,50.279998779296875,4072400
2016-05-12,51.04999923706055,51.290000915527344,50.5099983215332,50.880001068115234,4010200
2016-05-13,49.599998474121094,51.099998474121094,49.59000015258789,50.560001373291016,4532300
2016-05-16,49.9900016784668,50.18000030517578,49.63999938964844,49.689998626708984,4432500
2016-05-17,49.93000030517578,50.29999923706055,49.779998779296875,50.119998931884766,2483100
2016-05-18,50.33000183105469,50.5099983215332,49.81999969482422,49.939998626708984,3565600
2016-05-19,49.54999923706055,50.09000015258789,49.25,49.939998626708984,3408700
2016-05-20,50.029998779296875,50.310001373291016,49.790000915527344,49.900001525878906,3087900
2016-05-23,49.90999984741211,50.310001373291016,49.83000183105469,50.2400016784668,2182700
2016-05-24,50.83000183105469,51.04999923706055,50.15999984741211,50.220001220703125,2411700
2016-05-25,49.630001068115234,50.22999954223633,49.5,50.22999954223633,5194800
2016-05-26,47.59000015258789,48.77000045776367,47.29999923706055,48.68000030517578,10709400
2016-05-27,48.599998474121094,48.959999084472656,48.02000045776367,48.18000030517578,5430600
2016-05-31,47.7400016784668,48.83000183105469,47.52000045776367,48.599998474121094,6066500
2016-06-01,48.04999923706055,48.119998931884766,47.16999816894531,47.279998779296875,4547200
2016-06-02,48.33000183105469,48.34000015258789,47.70000076293945,47.880001068115234,3438100
2016-06-03,47.75,48.0099983215332,47.220001220703125,47.90999984741211,3349400
2016-06-06,47.06999969482422,47.38999938964844,46.83000183105469,47.099998474121094,4198500
2016-06-07,47.5,47.93000030517578,47.43000030517578,47.5099983215332,5054500
2016-06-08,47.68000030517578,47.849998474121094,47.22999954223633,47.40999984741211,3046400
2016-06-09,48.029998779296875,48.34000015258789,47.58000183105469,47.689998626708984,3516700
2016-06-10,47.150001525878906,47.34000015258789,46.91999816894531,47.130001068115234,3790300
2016-06-13,46.63999938964844,47.2400016784668,46.380001068115234,46.5,3660100
2016-06-14,46.52000045776367,46.619998931884766,46.029998779296875,46.06999969482422,4327400
2016-06-15,47.2599983215332,47.79999923706055,47.08000183105469,47.189998626708984,4193800
2016-06-16,47.470001220703125,47.52000045776367,46.369998931884766,46.77000045776367,3061300
2016-06-17,47.810001373291016,47.86000061035156,47.40999984741211,47.470001220703125,5882300
2016-06-20,48.5,49.650001525878906,48.369998931884766,49.52000045776367,5553500
2016-06-21,48.650001525878906,49.0,48.59000015258789,48.75,3073600
2016-06-22,48.86000061035156,49.38999938964844,48.75,48.86000061035156,3174400
2016-06-23,49.36000061035156,50.0,49.25,50.0,4211000
2016-06-24,45.650001525878906,47.189998626708984,44.959999084472656,45.459999084472656,10970200
2016-06-27,43.63999938964844,44.099998474121094,43.34000015258789,43.65999984741211,10886700
2016-06-28,43.72999954223633,46.15999984741211,42.939998626708984,45.150001525878906,14384200
2016-06-29,44.470001220703125,45.119998931884766,43.36000061035156,43.810001373291016,7537000
2016-06-30,44.20000076293945,44.349998474121094,43.77000045776367,44.119998931884766,6542300
2016-07-01,44.86000061035156,45.310001373291016,44.650001525878906,44.720001220703125,5651700
2016-07-05,43.75,44.40999984741211,43.560001373291016,44.40999984741211,6251900
2016-07-06,43.18000030517578,43.77000045776367,43.060001373291016,43.5,6195600
2016-07-07,43.81999969482422,44.369998931884766,43.54999923706055,43.63999938964844,4953500
2016-07-08,44.52000045776367,44.970001220703125,44.43000030517578,44.5,4181700
2016-07-11,45.630001068115234,45.689998626708984,44.95000076293945,44.959999084472656,5547500
2016-07-12,46.709999084472656,47.08000183105469,46.099998474121094,46.130001068115234,4911900
2016-07-13,46.650001525878906,47.380001068115234,46.54999923706055,47.04999923706055,3609100
2016-07-14,46.31999969482422,47.40999984741211,46.310001373291016,47.08000183105469,4010400
2016-07-15,45.31999969482422,45.79999923706055,44.75,45.779998779296875,6204300
2016-07-18,45.619998931884766,45.970001220703125,45.41999816894531,45.43000030517578,3072100
2016-07-19,45.130001068115234,45.880001068115234,45.02000045776367,45.66999816894531,3866800
2016-07-20,46.02000045776367,46.16999816894531,45.619998931884766,45.97999954223633,4223900
2016-07-21,45.31999969482422,46.09000015258789,45.16999816894531,45.93000030517578,2972700
2016-07-22,45.939998626708984,46.0099983215332,45.40999984741211,45.529998779296875,3842100
2016-07-25,46.310001373291016,46.5,45.900001525878906,45.90999984741211,2964800
2016-07-26,46.16999816894531,46.7400016784668,46.099998474121094,46.459999084472656,2750000
2016-07-27,46.31999969482422,46.47999954223633,46.060001373291016,46.33000183105469,3431500
2016-07-28,46.5,46.650001525878906,45.9900016784668,46.220001220703125,2588700
2016-07-29,46.720001220703125,46.95000076293945,46.47999954223633,46.70000076293945,3887100
2016-08-01,46.709999084472656,46.90999984741211,46.52000045776367,46.58000183105469,4294000
2016-08-02,45.2599983215332,46.650001525878906,45.08000183105469,46.18000030517578,7242700
2016-08-03,45.630001068115234,46.09000015258789,45.08000183105469,45.099998474121094,2826400
2016-08-04,46.15999984741211,46.40999984741211,45.65999984741211,45.65999984741211,2772300
2016-08-05,47.04999923706055,47.119998931884766,46.310001373291016,46.34000015258789,2566300
2016-08-08,46.47999954223633,47.11000061035156,46.40999984741211,46.81999969482422,2823000
2016-08-09,45.04999923706055,46.34000015258789,45.02000045776367,45.7599983215332,7587400
2016-08-10,45.439998626708984,45.45000076293945,45.0099983215332,45.20000076293945,4842700
2016-08-11,45.91999816894531,46.31999969482422,45.619998931884766,45.709999084472656,4630700
2016-08-12,46.040000915527344,46.18000030517578,45.810001373291016,45.91999816894531,3423900
2016-08-15,46.150001525878906,46.369998931884766,45.79999923706055,45.900001525878906,3446500
2016-08-16,46.58000183105469,46.650001525878906,46.08000183105469,46.13999938964844,3012400
2016-08-17,46.9900016784668,47.0099983215332,46.22999954223633,46.5099983215332,3467900
2016-08-18,46.77000045776367,46.900001525878906,46.34000015258789,46.86000061035156,3709100
2016-08-19,46.630001068115234,46.70000076293945,46.08000183105469,46.45000076293945,3132500
2016-08-22,46.90999984741211,46.95000076293945,46.310001373291016,46.540000915527344,3481900
2016-08-23,47.790000915527344,47.97999954223633,47.15999984741211,47.20000076293945,5136500
2016-08-24,47.290000915527344,47.68000030517578,47.2400016784668,47.470001220703125,5564600
2016-08-25,47.189998626708984,47.310001373291016,46.86000061035156,46.93000030517578,2753800
2016-08-26,47.099998474121094,47.66999816894531,46.900001525878906,47.29999923706055,5077000
2016-08-29,47.18000030517578,47.43000030517578,47.0,47.08000183105469,2366100
2016-08-30,47.40999984741211,47.459999084472656,47.04999923706055,47.18000030517578,2694300
2016-08-31,47.79999923706055,47.91999816894531,47.189998626708984,47.220001220703125,5859200
2016-09-01,48.70000076293945,48.70000076293945,48.0099983215332,48.04999923706055,4118500
2016-09-02,46.38999938964844,47.150001525878906,46.08000183105469,46.689998626708984,12104300
2016-09-06,45.869998931884766,46.27000045776367,45.70000076293945,45.880001068115234,5301400
2016-09-07,45.29999923706055,45.849998474121094,45.220001220703125,45.599998474121094,5083000
2016-09-08,44.86000061035156,45.45000076293945,44.75,45.189998626708984,6043100
2016-09-09,44.369998931884766,44.849998474121094,44.31999969482422,44.75,4629800
2016-09-12,45.220001220703125,45.369998931884766,44.11000061035156,44.150001525878906,3510000
2016-09-13,45.630001068115234,45.880001068115234,45.02000045776367,45.619998931884766,9740700
2016-09-14,46.22999954223633,46.38999938964844,45.290000915527344,45.66999816894531,6272700
2016-09-15,46.470001220703125,46.630001068115234,46.099998474121094,46.220001220703125,6364700
2016-09-16,46.25,46.63999938964844,45.9900016784668,46.47999954223633,7241200
2016-09-19,45.900001525878906,46.630001068115234,45.63999938964844,46.380001068115234,4709300
2016-09-20,46.189998626708984,46.540000915527344,45.93000030517578,46.099998474121094,4927700
2016-09-21,45.81999969482422,46.349998474121094,45.459999084472656,46.29999923706055,4510900
2016-09-22,46.84000015258789,46.869998931884766,46.189998626708984,46.189998626708984,4370300
2016-09-23,47.2599983215332,47.540000915527344,46.369998931884766,46.529998779296875,8279900
2016-09-26,46.470001220703125,48.25,45.79999923706055,47.959999084472656,10295600
2016-09-27,48.349998474121094,48.54999923706055,47.25,47.279998779296875,7849800
2016-09-28,48.779998779296875,48.84000015258789,48.06999969482422,48.59000015258789,6648300
2016-09-29,48.2599983215332,48.75,48.099998474121094,48.5,4540800
2016-09-30,48.81999969482422,49.22999954223633,48.459999084472656,48.54999923706055,4481500
2016-10-03,49.130001068115234,49.4900016784668,48.7400016784668,48.7400016784668,4338500
2016-10-04,49.189998626708984,49.63999938964844,49.02000045776367,49.310001373291016,4205800
2016-10-05,48.77000045776367,49.04999923706055,48.61000061035156,48.880001068115234,4068200
2016-10-06,48.83000183105469,49.150001525878906,48.689998626708984,48.70000076293945,3813000
2016-10-07,47.75,48.599998474121094,47.7400016784668,48.2599983215332,5033300
2016-10-10,47.5099983215332,47.900001525878906,47.47999954223633,47.540000915527344,3202700
2016-10-11,46.849998474121094,47.72999954223633,46.650001525878906,47.5099983215332,3515700
2016-10-12,46.70000076293945,47.0099983215332,46.22999954223633,46.45000076293945,4540100
2016-10-13,46.790000915527344,46.90999984741211,46.22999954223633,46.400001525878906,3698800
2016-10-14,46.150001525878906,46.9900016784668,46.11000061035156,46.84000015258789,4007500
2016-10-17,46.11000061035156,46.5099983215332,45.91999816894531,46.22999954223633,2997300
2016-10-18,46.52000045776367,46.9900016784668,46.5099983215332,46.63999938964844,2587800
2016-10-19,46.619998931884766,46.630001068115234,46.04999923706055,46.279998779296875,2535600
2016-10-20,47.20000076293945,47.2599983215332,46.43000030517578,46.5,4194100
2016-10-21,46.709999084472656,46.880001068115234,46.43000030517578,46.81999969482422,2850800
2016-10-24,47.0,47.130001068115234,46.59000015258789,46.63999938964844,3293100
2016-10-25,46.91999816894531,47.060001373291016,46.709999084472656,46.779998779296875,2823500
2016-10-26,47.150001525878906,47.16999816894531,46.529998779296875,46.54999923706055,3221000
2016-10-27,46.529998779296875,47.11000061035156,46.11000061035156,47.060001373291016,4670400
2016-10-28,48.45000076293945,48.86000061035156,47.060001373291016,47.47999954223633,5915000
2016-10-31,49.099998474121094,49.2599983215332,48.33000183105469,48.650001525878906,4371300
2016-11-01,48.41999816894531,49.290000915527344,47.93000030517578,49.09000015258789,3648100
2016-11-02,48.27000045776367,48.81999969482422,48.15999984741211,48.470001220703125,2304700
2016-11-03,48.31999969482422,48.880001068115234,48.13999938964844,48.68000030517578,2797300
2016-11-04,48.040000915527344,48.65999984741211,48.0,48.150001525878906,1644900
2016-11-07,48.9900016784668,49.029998779296875,48.36000061035156,48.56999969482422,2428600
2016-11-08,49.81999969482422,49.97999954223633,48.72999954223633,48.810001373291016,2519500
2016-11-09,49.36000061035156,49.560001373291016,48.439998626708984,48.939998626708984,4594300
2016-11-10,49.91999816894531,50.22999954223633,49.130001068115234,49.36000061035156,4968100
2016-11-11,49.81999969482422,50.15999984741211,49.5,49.720001220703125,3722000
2016-11-14,50.779998779296875,50.970001220703125,49.5,49.59000015258789,5583700
2016-11-15,50.970001220703125,51.0,50.400001525878906,51.0,2512600
2016-11-16,50.939998626708984,50.970001220703125,50.040000915527344,50.47999954223633,3681700
2016-11-17,51.5,51.650001525878906,50.86000061035156,50.939998626708984,3088700
2016-11-18,51.5,51.63999938964844,51.029998779296875,51.13999938964844,2278700
2016-11-21,51.2599983215332,51.630001068115234,51.119998931884766,51.459999084472656,3345200
2016-11-22,51.77000045776367,51.86000061035156,50.900001525878906,51.02000045776367,3732900
2016-11-23,52.29999923706055,52.43000030517578,51.72999954223633,52.02000045776367,3323500
2016-11-25,52.54999923706055,52.59000015258789,51.900001525878906,52.25,1498900
2016-11-28,52.060001373291016,52.27000045776367,51.59000015258789,52.09000015258789,2338300
2016-11-29,53.220001220703125,53.27000045776367,52.20000076293945,52.349998474121094,4152900
2016-11-30,51.40999984741211,52.41999816894531,51.290000915527344,52.38999938964844,5548500
2016-12-01,49.880001068115234,51.11000061035156,49.72999954223633,50.849998474121094,5822300
2016-12-02,50.400001525878906,50.630001068115234,49.84000015258789,50.02000045776367,5594700
2016-12-05,51.630001068115234,52.38999938964844,51.189998626708984,51.31999969482422,3800500
2016-12-06,52.58000183105469,52.689998626708984,51.83000183105469,51.959999084472656,3510800
2016-12-07,53.15999984741211,53.290000915527344,52.099998474121094,52.150001525878906,3853800
2016-12-08,52.91999816894531,53.369998931884766,52.779998779296875,53.0099983215332,4104000
2016-12-09,53.34000015258789,53.400001525878906,52.779998779296875,52.790000915527344,3135300
2016-12-12,52.130001068115234,52.540000915527344,51.68000030517578,52.47999954223633,3895700
2016-12-13,52.150001525878906,52.68000030517578,52.04999923706055,52.38999938964844,5387700
2016-12-14,52.40999984741211,53.0,52.29999923706055,52.54999923706055,3522300
2016-12-15,52.959999084472656,53.66999816894531,51.95000076293945,52.7599983215332,6992900
2016-12-16,51.5,52.529998779296875,51.400001525878906,52.45000076293945,6323700
2016-12-19,51.31999969482422,51.61000061035156,50.77000045776367,50.900001525878906,5040600
2016-12-20,52.4900016784668,53.119998931884766,51.380001068115234,51.7599983215332,6363600
2016-12-21,53.09000015258789,53.25,52.06999969482422,52.27000045776367,4565600
2016-12-22,52.40999984741211,53.15999984741211,52.08000183105469,52.9900016784668,2693200
2016-12-23,53.029998779296875,53.119998931884766,52.349998474121094,52.630001068115234,2351600
2016-12-27,52.63999938964844,53.40999984741211,52.63999938964844,53.0,1290300
2016-12-28,52.189998626708984,52.630001068115234,52.09000015258789,52.54999923706055,1965600
2016-12-29,51.9900016784668,52.459999084472656,51.970001220703125,52.34000015258789,1639900
2016-12-30,52.060001373291016,52.369998931884766,51.70000076293945,52.25,2323800
2017-01-03,52.13999938964844,52.52000045776367,51.7400016784668,52.22999954223633,3450800
2017-01-04,52.81999969482422,52.91999816894531,52.2400016784668,52.45000076293945,3169800
2017-01-05,53.709999084472656,53.9900016784668,52.81999969482422,53.04999923706055,4022300
2017-01-06,53.650001525878906,54.060001373291016,53.13999938964844,53.59000015258789,3669600
2017-01-09,53.689998626708984,53.95000076293945,53.349998474121094,53.369998931884766,2413800
2017-01-10,54.25,54.869998931884766,53.779998779296875,53.900001525878906,4197100
2017-01-11,54.560001373291016,54.689998626708984,54.06999969482422,54.290000915527344,3234700
2017-01-12,53.63999938964844,54.29999923706055,53.25,54.220001220703125,3121400
2017-01-13,53.459999084472656,53.75,53.189998626708984,53.470001220703125,1940200
2017-01-17,53.09000015258789,53.47999954223633,52.75,53.47999954223633,2738200
2017-01-18,53.599998474121094,53.72999954223633,52.650001525878906,52.790000915527344,3185900
2017-01-19,53.45000076293945,54.13999938964844,53.41999816894531,53.599998474121094,2163200
2017-01-20,53.29999923706055,53.95000076293945,53.029998779296875,53.529998779296875,2666200
2017-01-23,53.77000045776367,53.81999969482422,53.029998779296875,53.33000183105469,2381100
2017-01-24,54.529998779296875,54.709999084472656,53.65999984741211,53.720001220703125,2532800
2017-01-25,55.83000183105469,55.88999938964844,54.650001525878906,54.70000076293945,5113200
2017-01-26,56.93000030517578,57.790000915527344,56.45000076293945,56.810001373291016,5702300
2017-01-27,56.290000915527344,56.97999954223633,56.11000061035156,56.939998626708984,2927800
2017-01-30,55.63999938964844,56.13999938964844,55.52000045776367,56.0,3279000
2017-01-31,55.380001068115234,55.63999938964844,54.75,55.63999938964844,2966100
2017-02-01,55.470001220703125,55.70000076293945,55.029998779296875,55.27000045776367,1951800
2017-02-02,55.310001373291016,55.459999084472656,55.08000183105469,55.45000076293945,1514100
2017-02-03,55.279998779296875,55.720001220703125,55.209999084472656,55.41999816894531,1573600
2017-02-06,55.5,55.58000183105469,55.02000045776367,55.08000183105469,1466900
2017-02-07,55.45000076293945,55.63999938964844,55.189998626708984,55.560001373291016,1550000
2017-02-08,55.59000015258789,55.779998779296875,55.349998474121094,55.70000076293945,1724000
2017-02-09,56.310001373291016,56.47999954223633,55.45000076293945,55.470001220703125,3283000
2017-02-10,56.25,56.33000183105469,55.880001068115234,56.02000045776367,2610300
2017-02-13,56.459999084472656,56.93000030517578,56.43000030517578,56.630001068115234,2687800
2017-02-14,56.369998931884766,56.63999938964844,56.279998779296875,56.529998779296875,2755500
2017-02-15,56.47999954223633,56.529998779296875,55.61000061035156,56.029998779296875,3190200
2017-02-16,56.029998779296875,56.459999084472656,55.70000076293945,56.34000015258789,2674000
2017-02-17,55.400001525878906,55.79999923706055,55.209999084472656,55.7599983215332,3954100
2017-02-21,55.88999938964844,56.06999969482422,55.22999954223633,55.529998779296875,2780300
2017-02-22,55.5,55.720001220703125,54.75,55.369998931884766,3625200
2017-02-23,55.91999816894531,56.880001068115234,55.849998474121094,56.619998931884766,4377100
2017-02-24,56.029998779296875,56.119998931884766,55.59000015258789,55.88999938964844,3586700
2017-02-27,56.04999923706055,56.130001068115234,55.709999084472656,56.11000061035156,3477400
2017-02-28,55.95000076293945,56.40999984741211,55.93000030517578,56.220001220703125,2542500
2017-03-01,56.5,56.720001220703125,56.18000030517578,56.5099983215332,2682800
2017-03-02,56.56999969482422,56.66999816894531,56.09000015258789,56.540000915527344,1851900
2017-03-03,55.720001220703125,56.310001373291016,55.52000045776367,56.2599983215332,3253000
2017-03-06,55.7400016784668,55.869998931884766,55.06999969482422,55.599998474121094,2754500
2017-03-07,55.529998779296875,55.7599983215332,55.33000183105469,55.650001525878906,2172000
2017-03-08,55.529998779296875,55.880001068115234,55.4900016784668,55.779998779296875,2345100
2017-03-09,56.20000076293945,56.25,55.689998626708984,55.779998779296875,2493000
2017-03-10,57.209999084472656,57.459999084472656,56.61000061035156,56.63999938964844,3720500
2017-03-13,57.11000061035156,57.41999816894531,57.060001373291016,57.36000061035156,2362700
2017-03-14,56.9900016784668,57.29999923706055,56.72999954223633,57.060001373291016,2321600
2017-03-15,57.369998931884766,57.540000915527344,56.900001525878906,57.04999923706055,2389200
2017-03-16,57.540000915527344,57.59000015258789,57.18000030517578,57.27000045776367,2170700
2017-03-17,57.63999938964844,57.959999084472656,57.58000183105469,57.75,3796600
2017-03-20,57.7599983215332,57.849998474121094,57.54999923706055,57.7599983215332,1937700
2017-03-21,57.790000915527344,58.7599983215332,57.689998626708984,58.369998931884766,4017300
2017-03-22,58.290000915527344,58.439998626708984,57.09000015258789,57.58000183105469,5536700
2017-03-23,58.52000045776367,58.95000076293945,58.43000030517578,58.470001220703125,3638900
2017-03-24,58.599998474121094,59.119998931884766,58.38999938964844,58.81999969482422,4531800
2017-03-27,58.869998931884766,58.939998626708984,58.060001373291016,58.470001220703125,4376000
2017-03-28,59.2599983215332,60.2400016784668,59.0,59.880001068115234,7319800
2017-03-29,58.959999084472656,59.369998931884766,58.54999923706055,59.09000015258789,4112200
2017-03-30,59.290000915527344,59.400001525878906,59.04999923706055,59.369998931884766,4780700
2017-03-31,58.90999984741211,59.27000045776367,58.869998931884766,59.16999816894531,3435200
2017-04-03,58.720001220703125,59.04999923706055,58.41999816894531,59.0,4372500
2017-04-04,58.63999938964844,59.060001373291016,58.40999984741211,58.86000061035156,4480300
2017-04-05,58.79999923706055,59.189998626708984,58.34000015258789,58.70000076293945,3356300
2017-04-06,59.060001373291016,59.36000061035156,58.290000915527344,58.630001068115234,3553100
2017-04-07,58.61000061035156,59.189998626708984,58.54999923706055,58.959999084472656,4726400
2017-04-10,58.439998626708984,58.9900016784668,58.290000915527344,58.79999923706055,2888400
2017-04-11,57.779998779296875,58.84000015258789,57.529998779296875,58.75,4076200
2017-04-12,57.72999954223633,58.27000045776367,57.470001220703125,58.22999954223633,3901500
2017-04-13,57.470001220703125,58.34000015258789,57.43000030517578,57.77000045776367,3200300
2017-04-17,58.459999084472656,58.5,57.38999938964844,57.709999084472656,2981800
2017-04-18,58.369998931884766,58.65999984741211,57.970001220703125,58.58000183105469,4371500
2017-04-19,58.68000030517578,59.04999923706055,58.439998626708984,58.83000183105469,3141100
2017-04-20,59.209999084472656,59.47999954223633,58.91999816894531,59.060001373291016,2943200
2017-04-21,58.959999084472656,59.43000030517578,58.810001373291016,59.13999938964844,2193100
2017-04-24,59.619998931884766,60.04999923706055,59.439998626708984,59.90999984741211,3183900
2017-04-25,60.029998779296875,60.27000045776367,59.93000030517578,60.0,2540600
2017-04-26,60.54999923706055,60.689998626708984,60.130001068115234,60.189998626708984,3668400
2017-04-27,60.97999954223633,61.27000045776367,60.869998931884766,60.900001525878906,3274800
2017-04-28,61.77000045776367,62.5,61.439998626708984,61.61000061035156,4847100
2017-05-01,62.54999923706055,63.150001525878906,61.59000015258789,61.779998779296875,3479800
2017-05-02,62.70000076293945,62.86000061035156,62.27000045776367,62.54999923706055,2880200
2017-05-03,62.63999938964844,62.79999923706055,62.400001525878906,62.70000076293945,2258700
2017-05-04,62.970001220703125,63.40999984741211,62.88999938964844,63.119998931884766,3110100
2017-05-05,63.02000045776367,63.380001068115234,62.84000015258789,63.290000915527344,2236100
2017-05-08,62.72999954223633,63.150001525878906,62.630001068115234,62.970001220703125,2194200
2017-05-09,63.220001220703125,63.2400016784668,62.84000015258789,62.970001220703125,2677600
2017-05-10,62.13999938964844,63.029998779296875,62.040000915527344,62.91999816894531,4573700
2017-05-11,61.9900016784668,62.15999984741211,61.63999938964844,61.91999816894531,2365500
2017-05-12,61.189998626708984,61.880001068115234,61.04999923706055,61.880001068115234,2813100
2017-05-15,60.90999984741211,61.11000061035156,60.7400016784668,61.029998779296875,2735600
2017-05-16,61.20000076293945,61.58000183105469,60.9900016784668,61.189998626708984,3172300
2017-05-17,59.75,61.150001525878906,59.68000030517578,61.0,3349500
2017-05-18,61.040000915527344,61.4900016784668,60.27000045776367,60.61000061035156,3207100
2017-05-19,61.5,61.81999969482422,61.06999969482422,61.58000183105469,2883400
2017-05-22,62.04999923706055,62.2400016784668,61.720001220703125,61.849998474121094,2067900
2017-05-23,61.91999816894531,62.13999938964844,61.630001068115234,62.09000015258789,2135100
2017-05-24,62.02000045776367,62.08000183105469,61.65999984741211,61.939998626708984,2471300
2017-05-25,62.77000045776367,63.060001373291016,62.4900016784668,62.52000045776367,2383500
2017-05-26,63.36000061035156,63.45000076293945,62.83000183105469,62.869998931884766,1881800
2017-05-30,63.7400016784668,64.05000305175781,63.25,63.27000045776367,2219400
2017-05-31,64.06999969482422,64.33000183105469,63.63999938964844,63.939998626708984,3414100
2017-06-01,65.4000015258789,65.5,64.19000244140625,64.30999755859375,3579000
2017-06-02,65.47000122070312,66.4800033569336,65.4000015258789,65.9000015258789,5235100
2017-06-05,65.05999755859375,65.27999877929688,64.80999755859375,65.19000244140625,3056700
2017-06-06,64.33000183105469,64.97000122070312,64.30999755859375,64.9000015258789,3087900
2017-06-07,64.30000305175781,64.87000274658203,64.18000030517578,64.87000274658203,5103700
2017-06-08,64.33000183105469,64.62000274658203,64.05999755859375,64.3499984741211,3234000
2017-06-09,63.34000015258789,64.23999786376953,62.779998779296875,64.19999694824219,3199900
2017-06-12,63.59000015258789,63.59000015258789,62.66999816894531,63.34000015258789,3069000
2017-06-13,64.05999755859375,64.51000213623047,63.869998931884766,64.0,2469200
2017-06-14,64.76000213623047,65.29000091552734,64.45999908447266,64.80999755859375,3613700
2017-06-15,65.5,65.5199966430664,64.06999969482422,64.29000091552734,2699500
2017-06-16,65.63999938964844,65.66999816894531,65.0999984741211,65.44999694824219,3838000
2017-06-19,66.31999969482422,66.37000274658203,65.68000030517578,65.94999694824219,2846300
2017-06-20,65.69999694824219,66.44000244140625,65.58999633789062,66.31999969482422,2394500
2017-06-21,66.43000030517578,66.62000274658203,65.9000015258789,65.9800033569336,3518100
2017-06-22,65.69000244140625,67.30000305175781,65.66000366210938,66.12000274658203,6039100
2017-06-23,66.44999694824219,66.55999755859375,65.80000305175781,65.8499984741211,4000200
2017-06-26,66.0,67.05999755859375,65.97000122070312,66.5199966430664,3372800
2017-06-27,65.05000305175781,66.06999969482422,65.0199966430664,65.9000015258789,3014700
2017-06-28,66.0999984741211,66.30999755859375,65.77999877929688,65.77999877929688,2577600
2017-06-29,65.1500015258789,66.0999984741211,65.0,66.02999877929688,2776300
2017-06-30,65.56999969482422,65.98999786376953,65.44999694824219,65.70999908447266,2599300
2017-07-03,65.25,66.33999633789062,65.23999786376953,65.6500015258789,1773400
2017-07-05,66.54000091552734,66.70999908447266,65.52999877929688,65.58999633789062,2514100
2017-07-06,65.4800033569336,66.02999877929688,65.22000122070312,65.68000030517578,2946600
2017-07-07,65.83000183105469,66.4800033569336,65.62999725341797,65.7699966430664,3252200
2017-07-10,65.83999633789062,66.01000213623047,65.7300033569336,65.80999755859375,2104200
2017-07-11,65.75,65.81999969482422,65.06999969482422,65.5,2815700
2017-07-12,65.97000122070312,66.30000305175781,65.91999816894531,66.0999984741211,1820600
2017-07-13,66.16999816894531,66.4000015258789,65.9000015258789,65.9800033569336,2435300
2017-07-14,65.75,66.1500015258789,65.56999969482422,66.0999984741211,1950300
2017-07-17,67.0199966430664,67.19000244140625,65.73999786376953,66.05999755859375,2841100
2017-07-18,66.75,67.25,66.5,66.83000183105469,3058800
2017-07-19,66.7699966430664,67.0999984741211,66.5999984741211,66.88999938964844,2216300
2017-07-20,67.58000183105469,67.80000305175781,66.94999694824219,66.9800033569336,2441600
2017-07-21,67.0,67.55999755859375,66.94000244140625,67.20999908447266,2755800
2017-07-24,66.98999786376953,67.3499984741211,66.91000366210938,67.12999725341797,2208800
2017-07-25,67.1500015258789,67.80000305175781,67.08000183105469,67.62000274658203,2274400
2017-07-26,66.69999694824219,67.2699966430664,66.47000122070312,67.26000213623047,2779000
2017-07-27,66.33999633789062,67.4000015258789,65.91000366210938,67.3499984741211,3817700
2017-07-28,66.4000015258789,66.63999938964844,66.05000305175781,66.2699966430664,2034400
2017-07-31,66.77999877929688,67.52999877929688,66.62999725341797,66.94999694824219,3633800
2017-08-01,67.4800033569336,68.29000091552734,67.2699966430664,68.16999816894531,4113800
2017-08-02,67.5,68.0,67.05999755859375,67.91000366210938,3637000
2017-08-03,67.41999816894531,68.0199966430664,67.11000061035156,67.11000061035156,3225400
2017-08-04,67.80999755859375,68.2699966430664,67.41999816894531,67.5,2701700
2017-08-07,68.0,68.12000274658203,67.69000244140625,68.02999877929688,2126300
2017-08-08,68.02999877929688,68.87000274658203,67.93000030517578,68.05000305175781,3545400
2017-08-09,68.16000366210938,68.54000091552734,67.69999694824219,67.8499984741211,4229900
2017-08-10,67.37999725341797,68.05999755859375,67.33999633789062,68.0,3741100
2017-08-11,67.4800033569336,67.69999694824219,67.0999984741211,67.58999633789062,3320400
2017-08-14,68.02999877929688,68.4800033569336,67.95999908447266,68.25,2870100
2017-08-15,68.70999908447266,69.23999786376953,68.51000213623047,68.55999755859375,2871900
2017-08-16,68.87000274658203,69.16000366210938,68.5199966430664,68.9000015258789,2279600
2017-08-17,67.51000213623047,68.81999969482422,67.44000244140625,68.80999755859375,2748200
2017-08-18,67.45999908447266,67.91000366210938,67.19999694824219,67.58999633789062,2797200
2017-08-21,68.5,68.58000183105469,67.5199966430664,67.66999816894531,2442600
2017-08-22,68.29000091552734,68.69000244140625,67.94999694824219,68.37999725341797,2501000
2017-08-23,67.72000122070312,68.05000305175781,67.66999816894531,67.73999786376953,1888000
2017-08-24,68.18000030517578,68.43000030517578,67.91000366210938,68.13999938964844,1682600
2017-08-25,68.16999816894531,68.58000183105469,68.0199966430664,68.25,1730400
2017-08-28,68.55000305175781,68.61000061035156,68.16999816894531,68.16999816894531,1713900
2017-08-29,68.11000061035156,68.20999908447266,67.5,67.79000091552734,1978600
2017-08-30,68.54000091552734,68.66999816894531,68.16999816894531,68.16999816894531,1411700
2017-08-31,69.4800033569336,69.55000305175781,68.80999755859375,68.88999938964844,3060000
2017-09-01,69.12999725341797,69.88999938964844,69.02999877929688,69.81999969482422,1683200
2017-09-05,66.97000122070312,68.87999725341797,65.94999694824219,68.7699966430664,7020200
2017-09-06,66.95999908447266,67.37000274658203,66.25,66.41000366210938,3573700
2017-09-07,65.66000366210938,67.19000244140625,65.5999984741211,66.97000122070312,4908300
2017-09-08,65.56999969482422,66.05000305175781,65.06999969482422,65.75,6086200
2017-09-11,67.6500015258789,68.02999877929688,66.80000305175781,66.93000030517578,6671200
2017-09-12,68.18000030517578,68.18000030517578,67.62999725341797,67.81999969482422,2634900
2017-09-13,68.41999816894531,68.44999694824219,67.83999633789062,67.91000366210938,2302800
2017-09-14,68.73999786376953,69.08000183105469,67.8499984741211,67.9000015258789,3187200
2017-09-15,65.94000244140625,67.33999633789062,65.08000183105469,67.2699966430664,10390500
2017-09-18,65.19000244140625,66.08999633789062,64.93000030517578,65.5,4926200
2017-09-19,65.22000122070312,65.55999755859375,64.63999938964844,65.19999694824219,3909000
2017-09-20,64.4800033569336,65.30999755859375,63.939998626708984,65.23999786376953,3798100
2017-09-21,64.44999694824219,64.94000244140625,64.19999694824219,64.66999816894531,3983600
2017-09-22,64.33000183105469,64.63999938964844,63.86000061035156,64.5,3513500
2017-09-25,63.5,64.37999725341797,63.08000183105469,63.810001373291016,5020400
2017-09-26,65.31999969482422,66.25,64.77999877929688,64.95999908447266,6144300
2017-09-27,63.68000030517578,65.68000030517578,63.54999923706055,65.30000305175781,3948200
2017-09-28,64.37000274658203,64.4000015258789,63.0099983215332,63.119998931884766,4009000
2017-09-29,64.56999969482422,64.77999877929688,63.77000045776367,64.33999633789062,3477500
2017-10-02,64.43000030517578,64.55000305175781,63.90999984741211,64.05999755859375,3339200
2017-10-03,64.0999984741211,64.5999984741211,63.900001525878906,64.20999908447266,4081600
2017-10-04,65.19000244140625,65.41999816894531,64.44999694824219,64.5,4011000
2017-10-05,65.91000366210938,66.16999816894531,64.91999816894531,64.95999908447266,4504400
2017-10-06,65.62999725341797,66.16000366210938,65.19000244140625,65.91999816894531,3411200
2017-10-09,66.44999694824219,66.4800033569336,65.37999725341797,65.61000061035156,3157100
2017-10-10,67.08000183105469,67.37999725341797,66.55999755859375,66.63999938964844,3571500
2017-10-11,67.19999694824219,67.41999816894531,66.91999816894531,67.12999725341797,2879800
2017-10-12,66.86000061035156,67.44000244140625,66.77999877929688,66.97000122070312,2727900
2017-10-13,67.94000244140625,68.0199966430664,67.0,67.37999725341797,2997800
2017-10-16,68.23999786376953,68.31999969482422,67.30000305175781,67.63999938964844,2552000
2017-10-17,68.12999725341797,68.5,67.81999969482422,67.83000183105469,1877900
2017-10-18,67.45999908447266,68.16000366210938,67.05000305175781,68.16000366210938,2605700
2017-10-19,65.79000091552734,67.37999725341797,65.63999938964844,67.33000183105469,4742800
2017-10-20,65.87999725341797,66.66999816894531,65.70999908447266,66.29000091552734,2640200
2017-10-23,66.0999984741211,66.2300033569336,65.55999755859375,65.80000305175781,2142200
2017-10-24,66.41999816894531,66.41999816894531,65.93000030517578,66.25,2258000
2017-10-25,65.83999633789062,66.66999816894531,65.72000122070312,66.41000366210938,2530600
2017-10-26,66.5999984741211,66.87999725341797,66.23999786376953,66.23999786376953,2149500
2017-10-27,67.20999908447266,67.72000122070312,66.0199966430664,66.5,2741500
2017-10-30,66.0199966430664,67.33000183105469,65.98999786376953,67.20999908447266,2255500
2017-10-31,66.38999938964844,66.80000305175781,66.05999755859375,66.16000366210938,2589200
2017-11-01,64.56999969482422,66.66000366210938,64.1500015258789,66.58000183105469,5136600
2017-11-02,65.19999694824219,65.68000030517578,64.18000030517578,64.56999969482422,5120100
2017-11-03,65.43000030517578,65.63999938964844,65.20999908447266,65.33000183105469,1719000
2017-11-06,65.66999816894531,66.4000015258789,65.37000274658203,65.37000274658203,3233200
2017-11-07,66.37999725341797,67.80999755859375,66.0,66.87000274658203,3575300
2017-11-08,65.93000030517578,66.05999755859375,65.16000366210938,65.88999938964844,2530400
2017-11-09,66.18000030517578,66.45999908447266,65.58999633789062,65.66999816894531,2708700
2017-11-10,64.66000366210938,66.05000305175781,63.599998474121094,65.79000091552734,4345200
2017-11-13,65.9800033569336,66.0199966430664,64.44999694824219,64.45999908447266,2554300
2017-11-14,66.0199966430664,66.33000183105469,65.22000122070312,65.93000030517578,2399000
2017-11-15,65.77999877929688,66.18000030517578,65.41999816894531,65.88999938964844,2246700
2017-11-16,65.81999969482422,66.27999877929688,65.68000030517578,66.0199966430664,2126400
2017-11-17,66.22000122070312,66.30999755859375,65.61000061035156,65.79000091552734,1839200
2017-11-20,66.12999725341797,66.4800033569336,65.9000015258789,66.29000091552734,1625600
2017-11-21,67.0,67.30999755859375,66.4000015258789,66.75,2307600
2017-11-22,66.79000091552734,66.98999786376953,66.45999908447266,66.69999694824219,1658500
2017-11-24,66.70999908447266,66.83000183105469,66.3499984741211,66.66999816894531,1069600
2017-11-27,66.16000366210938,67.16999816894531,66.08000183105469,66.76000213623047,3278300
2017-11-28,66.51000213623047,67.05000305175781,66.04000091552734,66.37000274658203,2521300
2017-11-29,65.69999694824219,66.62999725341797,65.47000122070312,66.51000213623047,3872900
2017-11-30,65.63999938964844,65.98999786376953,64.30000305175781,65.41999816894531,5269900
2017-12-01,66.0,66.08999633789062,64.88999938964844,65.31999969482422,3611800
2017-12-04,67.25,67.87999725341797,66.94999694824219,67.08000183105469,4100500
2017-12-05,65.94000244140625,67.11000061035156,65.7699966430664,67.02999877929688,2798900
2017-12-06,66.05999755859375,66.58000183105469,65.66000366210938,65.9000015258789,3002900
2017-12-07,66.18000030517578,66.43000030517578,65.87000274658203,66.02999877929688,2314900
2017-12-08,66.91000366210938,67.12000274658203,66.31999969482422,66.31999969482422,1753500
2017-12-11,67.02999877929688,67.08999633789062,66.66999816894531,66.76000213623047,2216000
2017-12-12,66.55000305175781,66.87999725341797,66.1500015258789,66.4800033569336,2706600
2017-12-13,65.41000366210938,66.76000213623047,65.36000061035156,66.3499984741211,3275100
2017-12-14,65.18000030517578,65.7699966430664,65.08999633789062,65.41999816894531,2924200
2017-12-15,65.94999694824219,66.19000244140625,64.66999816894531,64.91999816894531,5507200
2017-12-18,66.5999984741211,67.1500015258789,66.19000244140625,66.5999984741211,4916900
2017-12-19,68.12999725341797,68.73999786376953,67.08000183105469,67.3499984741211,6814500
2017-12-20,67.69999694824219,69.16999816894531,67.66000366210938,68.5,3206200
2017-12-21,66.33999633789062,67.58999633789062,66.04000091552734,67.44999694824219,3719200
2017-12-22,66.3499984741211,66.9000015258789,66.11000061035156,66.33000183105469,1816900
2017-12-26,65.69000244140625,66.56999969482422,65.62999725341797,66.37999725341797,1438800
2017-12-27,66.76000213623047,66.7699966430664,66.0199966430664,66.16000366210938,2225500
2017-12-28,66.4800033569336,67.0,66.26000213623047,66.93000030517578,1996900
2017-12-29,66.37000274658203,66.9000015258789,66.3499984741211,66.9000015258789,1877000
2018-01-02,66.75,67.26000213623047,66.5999984741211,67.22000122070312,2783800
2018-01-03,66.9000015258789,67.12999725341797,66.05999755859375,66.73999786376953,2807500
2018-01-04,66.8499984741211,67.11000061035156,66.45999908447266,66.9000015258789,3050300
2018-01-05,66.30000305175781,67.12000274658203,66.19999694824219,67.0,3793500
2018-01-08,66.05000305175781,66.30000305175781,65.94999694824219,66.22000122070312,2027100
2018-01-09,67.62999725341797,68.0199966430664,66.87999725341797,67.12999725341797,3469900
2018-01-10,67.94999694824219,68.87999725341797,67.87000274658203,68.19000244140625,3300600
2018-01-11,68.80000305175781,69.13999938964844,68.1500015258789,68.83000183105469,2632400
2018-01-12,69.69000244140625,69.72000122070312,68.80999755859375,68.9800033569336,3244000
2018-01-16,68.5199966430664,69.7300033569336,68.20999908447266,69.4000015258789,3663900
2018-01-17,69.44999694824219,69.5999984741211,68.44000244140625,68.55999755859375,3299300
2018-01-18,69.0199966430664,69.63999938964844,68.8499984741211,69.55999755859375,2491000
2018-01-19,68.55999755859375,69.5199966430664,68.33000183105469,69.33000183105469,4096700
2018-01-22,68.86000061035156,68.9000015258789,68.05000305175781,68.58999633789062,3752600
2018-01-23,68.51000213623047,69.58000183105469,68.43000030517578,68.7300033569336,4189900
2018-01-24,71.16999816894531,71.48999786376953,68.9000015258789,69.37999725341797,6755800
2018-01-25,70.76000213623047,71.33000183105469,70.37999725341797,71.16999816894531,2863800
2018-01-26,71.6500015258789,71.66999816894531,70.70999908447266,71.01000213623047,2811800
2018-01-29,71.94000244140625,72.0999984741211,71.22000122070312,71.44000244140625,3510200
2018-01-30,71.79000091552734,72.69999694824219,71.62999725341797,71.6500015258789,3496000
2018-01-31,71.61000061035156,72.16999816894531,71.44000244140625,71.80999755859375,3634600
2018-02-01,71.11000061035156,72.29000091552734,70.93000030517578,71.93000030517578,2658000
2018-02-02,69.94999694824219,71.48999786376953,69.75,71.0,2577700
2018-02-05,68.04000091552734,70.47000122070312,67.91999816894531,69.72000122070312,3518200
2018-02-06,69.2699966430664,69.44999694824219,66.7699966430664,67.43000030517578,4476000
2018-02-07,69.12000274658203,69.94999694824219,68.37999725341797,68.61000061035156,3122300
2018-02-08,66.76000213623047,69.5999984741211,66.75,69.58999633789062,3683600
2018-02-09,67.06999969482422,67.62000274658203,64.80000305175781,67.30000305175781,5188900
2018-02-12,68.7699966430664,68.94999694824219,67.55999755859375,67.56999969482422,3146000
2018-02-13,68.75,69.06999969482422,68.2300033569336,68.61000061035156,2051600
2018-02-14,69.91999816894531,70.06999969482422,68.08999633789062,68.2699966430664,2740200
2018-02-15,69.5999984741211,70.08999633789062,69.19000244140625,69.9000015258789,2499500
2018-02-16,69.5,69.88999938964844,68.55000305175781,69.16000366210938,2286200
2018-02-20,69.44999694824219,69.9800033569336,69.04000091552734,69.33000183105469,1869300
2018-02-21,69.58000183105469,70.55999755859375,69.51000213623047,70.06999969482422,2914000
2018-02-22,68.19999694824219,69.33999633789062,68.08999633789062,69.23999786376953,2492600
2018-02-23,68.76000213623047,68.77999877929688,68.2300033569336,68.43000030517578,2042000
2018-02-26,68.63999938964844,68.9800033569336,68.5,68.75,1643600
2018-02-27,67.48999786376953,68.80000305175781,67.4800033569336,68.73999786376953,3027700
2018-02-28,66.91000366210938,68.08999633789062,66.9000015258789,67.8499984741211,3182000
2018-03-01,65.9800033569336,67.30000305175781,65.66999816894531,66.61000061035156,2797500
2018-03-02,64.97000122070312,65.79000091552734,64.5199966430664,65.70999908447266,3749400
2018-03-05,65.19000244140625,65.8499984741211,64.81999969482422,65.12999725341797,3380800
2018-03-06,66.1500015258789,66.1500015258789,65.0999984741211,65.5999984741211,2971900
2018-03-07,66.01000213623047,66.08000183105469,65.12999725341797,65.83999633789062,2245900
2018-03-08,66.7300033569336,66.97000122070312,66.37999725341797,66.44999694824219,2369400
2018-03-09,67.47000122070312,67.51000213623047,66.72000122070312,67.0,2700100
2018-03-12,67.36000061035156,67.75,67.12000274658203,67.58000183105469,1926700
2018-03-13,67.56999969482422,68.30000305175781,67.44000244140625,67.70999908447266,2227700
2018-03-14,66.95999908447266,67.7300033569336,66.77999877929688,67.66999816894531,2151700
2018-03-15,66.7300033569336,67.33000183105469,66.68000030517578,67.22000122070312,2910900
2018-03-16,66.91000366210938,67.06999969482422,66.33000183105469,66.81999969482422,3955300
2018-03-19,67.62999725341797,68.0,66.9800033569336,67.16999816894531,3477100
2018-03-20,67.8499984741211,68.94999694824219,67.70999908447266,68.01000213623047,4205000
2018-03-21,67.05999755859375,68.1500015258789,66.81999969482422,67.87999725341797,4586300
2018-03-22,66.19999694824219,69.11000061035156,65.97000122070312,68.72000122070312,6151000
2018-03-23,64.41000366210938,67.5,64.41000366210938,67.3499984741211,5608500
2018-03-26,65.80000305175781,65.83000183105469,64.5,65.05000305175781,4491000
2018-03-27,65.7300033569336,66.88999938964844,65.26000213623047,66.08000183105469,4917100
2018-03-28,64.63999938964844,66.1500015258789,64.25,65.7699966430664,5391100
2018-03-29,65.58000183105469,65.94999694824219,64.43000030517578,64.81999969482422,3710100
2018-04-02,64.62000274658203,65.91999816894531,63.650001525878906,65.68000030517578,4017100
2018-04-03,64.48999786376953,65.05000305175781,64.0,64.94999694824219,3023600
2018-04-04,64.9800033569336,65.05999755859375,63.779998779296875,64.06999969482422,3329700
2018-04-05,65.51000213623047,65.75,64.70999908447266,65.19999694824219,2331800
2018-04-06,64.51000213623047,65.7699966430664,63.9900016784668,65.62000274658203,3312400
2018-04-09,64.86000061035156,65.62999725341797,64.77999877929688,65.3499984741211,2250300
2018-04-10,63.099998474121094,65.7300033569336,61.88999938964844,65.52999877929688,8879900
2018-04-11,63.63999938964844,64.5999984741211,63.15999984741211,63.2400016784668,5543300
2018-04-12,63.75,64.44000244140625,63.11000061035156,64.04000091552734,3390600
2018-04-13,62.939998626708984,64.4000015258789,62.7400016784668,64.2300033569336,4409000
2018-04-16,64.08000183105469,64.30000305175781,63.54999923706055,63.720001220703125,2963400
2018-04-17,64.16999816894531,65.02999877929688,64.0,64.68000030517578,3574000
2018-04-18,65.2699966430664,65.33999633789062,64.55000305175781,64.5999984741211,3125500
2018-04-19,65.05999755859375,65.5,64.9000015258789,65.23999786376953,4343200
2018-04-20,65.87999725341797,65.91000366210938,64.94000244140625,64.94000244140625,3844900
2018-04-23,66.2699966430664,66.55999755859375,65.80999755859375,65.87999725341797,3621100
2018-04-24,65.54000091552734,66.75,65.1500015258789,66.51000213623047,3303300
2018-04-25,66.06999969482422,66.08000183105469,65.23999786376953,65.55000305175781,3147400
2018-04-26,64.30999755859375,66.55999755859375,64.0999984741211,66.4000015258789,5282400
2018-04-27,64.36000061035156,65.08000183105469,63.95000076293945,64.37000274658203,3226400
2018-04-30,63.060001373291016,65.01000213623047,63.040000915527344,65.01000213623047,3950600
2018-05-01,64.11000061035156,64.13999938964844,62.90999984741211,63.2400016784668,4537200
2018-05-02,62.849998474121094,64.43000030517578,62.68000030517578,64.23999786376953,3822600
2018-05-03,63.29999923706055,63.34000015258789,62.27000045776367,62.97999954223633,4182700
2018-05-04,63.56999969482422,63.810001373291016,62.599998474121094,63.0,2228500
2018-05-07,62.93000030517578,63.63999938964844,62.58000183105469,63.63999938964844,3319400
2018-05-08,63.150001525878906,63.9900016784668,62.95000076293945,63.22999954223633,3589400
2018-05-09,63.95000076293945,63.970001220703125,63.220001220703125,63.5,3239400
2018-05-10,64.05999755859375,64.58000183105469,63.959999084472656,63.9900016784668,2256600
2018-05-11,64.0199966430664,64.44999694824219,63.52000045776367,64.0199966430664,2542400
2018-05-14,64.81999969482422,65.18000030517578,63.779998779296875,64.0,2552700
2018-05-15,65.18000030517578,65.33999633789062,64.6500015258789,64.95999908447266,3745000
2018-05-16,65.45999908447266,66.0,65.11000061035156,65.27999877929688,2920000
2018-05-17,64.81999969482422,65.58000183105469,64.56999969482422,65.54000091552734,2679700
2018-05-18,64.83999633789062,65.01000213623047,64.19000244140625,64.91000366210938,2627200
2018-05-21,64.7699966430664,65.51000213623047,64.58000183105469,64.9800033569336,2252600
2018-05-22,65.05000305175781,65.37000274658203,64.70999908447266,64.87999725341797,2800000
2018-05-23,64.68000030517578,65.33000183105469,64.02999877929688,64.87000274658203,3523400
2018-05-24,64.1500015258789,64.54000091552734,63.709999084472656,64.3499984741211,3276200
2018-05-25,64.25,64.62999725341797,64.06999969482422,64.08000183105469,3637600
2018-05-29,62.54999923706055,63.7400016784668,62.220001220703125,63.689998626708984,4545400
2018-05-30,62.880001068115234,63.099998474121094,62.349998474121094,62.65999984741211,3175400
2018-05-31,62.279998779296875,63.20000076293945,62.13999938964844,63.040000915527344,8064200
2018-06-01,63.16999816894531,63.220001220703125,62.61000061035156,62.68000030517578,3127300
2018-06-04,63.34000015258789,63.58000183105469,63.040000915527344,63.38999938964844,2827900
2018-06-05,60.59000015258789,61.72999954223633,60.4900016784668,60.68000030517578,11535300
2018-06-06,61.45000076293945,61.5,60.29999923706055,60.369998931884766,4817200
2018-06-07,61.33000183105469,61.939998626708984,61.0,61.369998931884766,4265800
2018-06-08,60.939998626708984,61.15999984741211,60.470001220703125,61.029998779296875,2878600
2018-06-11,61.13999938964844,61.540000915527344,61.0,61.0,2225300
2018-06-12,62.16999816894531,62.459999084472656,61.2400016784668,61.290000915527344,4348400
2018-06-13,63.83000183105469,63.88999938964844,62.38999938964844,62.470001220703125,6936700
2018-06-14,64.19999694824219,65.41999816894531,63.810001373291016,64.44999694824219,5777100
2018-06-15,65.18000030517578,65.26000213623047,63.43000030517578,64.0,5509700
2018-06-18,64.44999694824219,64.55000305175781,63.97999954223633,64.27999877929688,3603600
2018-06-19,63.470001220703125,64.1500015258789,63.06999969482422,63.959999084472656,3106800
2018-06-20,63.0,64.0,62.630001068115234,63.91999816894531,3974700
2018-06-21,62.400001525878906,63.4900016784668,62.18000030517578,62.91999816894531,2829400
2018-06-22,63.529998779296875,63.75,62.599998474121094,62.65999984741211,5053800
2018-06-25,58.540000915527344,60.5099983215332,56.95000076293945,60.189998626708984,16790000
2018-06-26,59.7599983215332,60.0,58.0,58.540000915527344,6526300
2018-06-27,58.06999969482422,60.29999923706055,58.04999923706055,60.29999923706055,5691400
2018-06-28,57.15999984741211,58.189998626708984,56.790000915527344,58.099998474121094,5905800
2018-06-29,57.310001373291016,58.13999938964844,57.06999969482422,57.15999984741211,4986100
2018-07-02,57.150001525878906,57.439998626708984,56.54999923706055,56.83000183105469,5315100
2018-07-03,56.7599983215332,57.18000030517578,56.45000076293945,57.13999938964844,4037400
2018-07-05,56.88999938964844,57.150001525878906,56.529998779296875,57.06999969482422,4248800
2018-07-06,57.54999923706055,58.0,56.72999954223633,56.93000030517578,4357600
2018-07-09,57.939998626708984,58.0099983215332,57.25,57.5,4122700
2018-07-10,58.81999969482422,58.86000061035156,57.349998474121094,57.529998779296875,6025500
2018-07-11,57.9900016784668,58.459999084472656,57.4900016784668,58.0,5568900
2018-07-12,58.400001525878906,58.54999923706055,58.0099983215332,58.310001373291016,3451500
2018-07-13,58.04999923706055,58.619998931884766,57.90999984741211,58.02000045776367,3241000
2018-07-16,58.400001525878906,58.56999969482422,57.630001068115234,58.22999954223633,2864300
2018-07-17,58.59000015258789,58.86000061035156,58.18000030517578,58.31999969482422,2398900
2018-07-18,59.529998779296875,59.779998779296875,59.0,59.130001068115234,4563200
2018-07-19,58.86000061035156,59.33000183105469,58.7400016784668,59.20000076293945,3811300
2018-07-20,58.13999938964844,58.790000915527344,58.09000015258789,58.720001220703125,3348900
2018-07-23,58.150001525878906,58.400001525878906,57.90999984741211,58.20000076293945,2433500
2018-07-24,57.75,58.4900016784668,57.38999938964844,58.47999954223633,4035200
2018-07-25,57.77000045776367,57.810001373291016,56.810001373291016,57.43000030517578,3075600
2018-07-26,57.66999816894531,57.97999954223633,57.36000061035156,57.41999816894531,3106400
2018-07-27,58.220001220703125,58.380001068115234,57.68000030517578,57.869998931884766,3256700
2018-07-30,58.72999954223633,59.0,58.029998779296875,58.18000030517578,3241500
2018-07-31,59.2400016784668,59.5,58.650001525878906,58.84000015258789,3243200
2018-08-01,58.619998931884766,59.27000045776367,58.400001525878906,59.15999984741211,2499400
2018-08-02,58.849998474121094,59.130001068115234,57.220001220703125,57.95000076293945,4946000
2018-08-03,59.04999923706055,59.459999084472656,58.810001373291016,58.939998626708984,2644900
2018-08-06,58.40999984741211,58.56999969482422,58.02000045776367,58.5099983215332,2456400
2018-08-07,58.689998626708984,58.72999954223633,58.220001220703125,58.630001068115234,2708300
2018-08-08,58.599998474121094,59.2599983215332,58.5,59.130001068115234,2232100
2018-08-09,59.34000015258789,59.59000015258789,58.849998474121094,59.09000015258789,3606600
2018-08-10,59.599998474121094,60.31999969482422,59.5,59.7400016784668,4521900
2018-08-13,58.9900016784668,59.56999969482422,58.70000076293945,59.380001068115234,3623000
2018-08-14,59.31999969482422,59.459999084472656,58.599998474121094,58.91999816894531,3590400
2018-08-15,59.20000076293945,59.209999084472656,58.290000915527344,58.4900016784668,3590900
2018-08-16,59.83000183105469,60.029998779296875,59.15999984741211,59.27000045776367,3494500
2018-08-17,60.58000183105469,60.63999938964844,59.2400016784668,59.369998931884766,3421700
2018-08-20,60.75,60.86000061035156,60.34000015258789,60.369998931884766,2674000
2018-08-21,61.45000076293945,61.650001525878906,60.810001373291016,61.0,3207800
2018-08-22,61.869998931884766,62.130001068115234,61.130001068115234,61.29999923706055,4190900
2018-08-23,61.0,61.119998931884766,60.68000030517578,60.77000045776367,3340900
2018-08-24,61.22999954223633,61.65999984741211,61.040000915527344,61.04999923706055,2324800
2018-08-27,61.70000076293945,62.02000045776367,61.33000183105469,61.56999969482422,2647100
2018-08-28,61.7400016784668,61.779998779296875,61.220001220703125,61.7599983215332,2923000
2018-08-29,62.310001373291016,62.529998779296875,61.810001373291016,61.869998931884766,3879100
2018-08-30,61.58000183105469,62.040000915527344,61.36000061035156,61.970001220703125,2068000
2018-08-31,61.4900016784668,61.84000015258789,61.279998779296875,61.54999923706055,2477800
2018-09-04,61.20000076293945,61.33000183105469,60.88999938964844,61.209999084472656,2379100
2018-09-05,60.95000076293945,61.27000045776367,60.7599983215332,60.970001220703125,2980300
2018-09-06,61.7400016784668,61.959999084472656,61.04999923706055,61.4900016784668,4005000
2018-09-07,62.060001373291016,62.20000076293945,61.20000076293945,61.27000045776367,2365300
2018-09-10,61.9900016784668,62.720001220703125,61.97999954223633,62.33000183105469,3134500
2018-09-11,61.86000061035156,62.150001525878906,61.720001220703125,61.779998779296875,2268400
2018-09-12,62.529998779296875,62.58000183105469,61.45000076293945,61.900001525878906,2517800
2018-09-13,62.70000076293945,62.81999969482422,61.58000183105469,61.63999938964844,2817500
2018-09-14,63.95000076293945,64.13999938964844,62.66999816894531,62.790000915527344,4399700
2018-09-17,64.81999969482422,65.37000274658203,64.08999633789062,64.26000213623047,5740000
2018-09-18,65.66999816894531,65.9800033569336,64.54000091552734,64.70999908447266,6360200
2018-09-19,66.20999908447266,66.37000274658203,65.44999694824219,65.55999755859375,4030200
2018-09-20,66.94000244140625,67.29000091552734,66.23999786376953,66.7300033569336,3687400
2018-09-21,67.16999816894531,67.58999633789062,66.81999969482422,67.0,5272700
2018-09-24,66.80999755859375,67.0,65.91000366210938,66.9000015258789,3609300
2018-09-25,66.5999984741211,67.04000091552734,66.52999877929688,66.83999633789062,3043900
2018-09-26,66.9800033569336,67.69000244140625,66.86000061035156,67.1500015258789,4701500
2018-09-27,63.7400016784668,64.04000091552734,61.13999938964844,61.88999938964844,14342300
2018-09-28,63.77000045776367,64.37999725341797,63.290000915527344,63.7599983215332,6356300
2018-10-01,63.54999923706055,64.7699966430664,63.349998474121094,63.720001220703125,4563500
2018-10-02,63.119998931884766,63.90999984741211,63.119998931884766,63.54999923706055,3726100
2018-10-03,62.619998931884766,63.38999938964844,62.540000915527344,63.099998474121094,3515400
2018-10-04,61.689998626708984,62.709999084472656,61.369998931884766,62.59000015258789,4576500
2018-10-05,60.58000183105469,61.79999923706055,60.18000030517578,61.68000030517578,4292600
2018-10-08,61.09000015258789,61.119998931884766,59.939998626708984,60.33000183105469,3125500
2018-10-09,60.52000045776367,61.22999954223633,60.189998626708984,60.36000061035156,3078000
2018-10-10,59.060001373291016,60.630001068115234,59.0099983215332,60.52000045776367,4235100
2018-10-11,57.849998474121094,59.13999938964844,57.5099983215332,59.119998931884766,5871600
2018-10-12,58.2400016784668,58.959999084472656,57.54999923706055,58.90999984741211,3059200
2018-10-15,57.720001220703125,58.65999984741211,57.709999084472656,58.22999954223633,3188600
2018-10-16,59.09000015258789,59.27000045776367,58.20000076293945,58.459999084472656,3061400
2018-10-17,59.0,59.369998931884766,58.4900016784668,58.77000045776367,3000100
2018-10-18,57.540000915527344,59.06999969482422,57.31999969482422,58.869998931884766,2714100
2018-10-19,57.22999954223633,57.91999816894531,57.04999923706055,57.45000076293945,3208100
2018-10-22,56.47999954223633,57.65999984741211,56.45000076293945,57.4900016784668,2913700
2018-10-23,57.22999954223633,57.439998626708984,55.52000045776367,55.939998626708984,4782700
2018-10-24,54.75,56.810001373291016,54.650001525878906,56.560001373291016,5367100
2018-10-25,55.849998474121094,56.16999816894531,54.58000183105469,55.380001068115234,4876700
2018-10-26,54.27000045776367,55.5099983215332,54.04999923706055,55.380001068115234,5669700
2018-10-29,54.06999969482422,55.439998626708984,53.470001220703125,55.20000076293945,4332900
2018-10-30,54.13999938964844,54.459999084472656,53.56999969482422,54.09000015258789,5164500
2018-10-31,56.040000915527344,56.41999816894531,55.119998931884766,55.18000030517578,5108400
2018-11-01,57.75,57.959999084472656,56.2599983215332,56.38999938964844,4028200
2018-11-02,57.06999969482422,58.2599983215332,56.529998779296875,58.150001525878906,3138900
2018-11-05,56.86000061035156,57.119998931884766,56.5099983215332,56.75,2907000
2018-11-06,57.25,57.43000030517578,56.119998931884766,56.29999923706055,3252400
2018-11-07,58.66999816894531,58.7400016784668,57.150001525878906,57.59000015258789,4124300
2018-11-08,58.119998931884766,59.9900016784668,57.90999984741211,58.310001373291016,4268200
2018-11-09,58.540000915527344,58.84000015258789,57.900001525878906,57.93000030517578,2587000
2018-11-12,57.77000045776367,58.220001220703125,57.58000183105469,57.9900016784668,2340600
2018-11-13,58.900001525878906,59.650001525878906,58.5,58.560001373291016,3567600
2018-11-14,59.2400016784668,59.939998626708984,58.599998474121094,59.40999984741211,3835900
2018-11-15,59.849998474121094,60.09000015258789,58.40999984741211,58.65999984741211,3497000
2018-11-16,59.959999084472656,60.27000045776367,59.529998779296875,59.529998779296875,2779800
2018-11-19,59.04999923706055,60.2599983215332,58.84000015258789,59.959999084472656,3106700
2018-11-20,59.880001068115234,60.20000076293945,58.08000183105469,58.38999938964844,5681500
2018-11-21,60.040000915527344,60.31999969482422,59.38999938964844,59.54999923706055,3616000
2018-11-23,60.75,61.099998474121094,59.779998779296875,59.779998779296875,2044400
2018-11-26,61.400001525878906,61.4900016784668,60.630001068115234,61.20000076293945,3274000
2018-11-27,60.54999923706055,61.029998779296875,60.2599983215332,60.7599983215332,3890600
2018-11-28,61.939998626708984,62.52000045776367,60.36000061035156,60.43000030517578,3608400
2018-11-29,60.72999954223633,61.720001220703125,60.34000015258789,61.59000015258789,6206700
2018-11-30,60.290000915527344,60.58000183105469,59.099998474121094,60.459999084472656,5744700
2018-12-03,61.08000183105469,61.310001373291016,60.470001220703125,60.599998474121094,3997600
2018-12-04,58.29999923706055,60.029998779296875,58.08000183105469,59.86000061035156,5198400
2018-12-06,58.900001525878906,58.95000076293945,57.09000015258789,57.45000076293945,4443600
2018-12-07,56.72999954223633,58.97999954223633,56.58000183105469,58.310001373291016,3104400
2018-12-10,56.349998474121094,56.86000061035156,55.45000076293945,56.66999816894531,4973400
2018-12-11,56.06999969482422,57.43000030517578,55.779998779296875,57.29999923706055,2909300
2018-12-12,56.52000045776367,57.52000045776367,56.470001220703125,57.47999954223633,2505900
2018-12-13,56.59000015258789,56.959999084472656,56.09000015258789,56.84000015258789,2813500
2018-12-14,56.33000183105469,56.79999923706055,55.779998779296875,55.880001068115234,4024800
2018-12-17,56.34000015258789,57.0099983215332,56.040000915527344,56.79999923706055,5204200
2018-12-18,56.209999084472656,57.310001373291016,56.189998626708984,56.95000076293945,5103100
2018-12-19,55.0099983215332,57.20000076293945,54.86000061035156,56.43000030517578,5866000
2018-12-20,49.790000915527344,52.68000030517578,48.7400016784668,52.150001525878906,11301100
2018-12-21,47.86000061035156,50.63999938964844,47.58000183105469,50.40999984741211,8078800
2018-12-24,46.209999084472656,47.65999984741211,46.16999816894531,47.459999084472656,3631600
2018-12-26,47.5,47.5099983215332,45.63999938964844,46.310001373291016,7955200
2018-12-27,48.130001068115234,48.150001525878906,46.38999938964844,47.61000061035156,5078900
2018-12-28,48.68000030517578,49.36000061035156,48.130001068115234,48.459999084472656,4797200
2018-12-31,49.29999923706055,49.369998931884766,48.5,48.900001525878906,3970700
2019-01-02,49.849998474121094,50.099998474121094,48.619998931884766,48.939998626708984,3926800
2019-01-03,47.369998931884766,49.40999984741211,47.33000183105469,49.27000045776367,6128200
2019-01-04,50.04999923706055,50.41999816894531,48.33000183105469,48.439998626708984,4568300
2019-01-07,50.63999938964844,51.2400016784668,50.33000183105469,51.0099983215332,4694900
2019-01-08,51.900001525878906,52.52000045776367,51.47999954223633,52.400001525878906,5776400
2019-01-09,51.9900016784668,52.77000045776367,51.7400016784668,52.400001525878906,4083400
2019-01-10,52.290000915527344,52.439998626708984,51.27000045776367,51.84000015258789,3918500
2019-01-11,52.400001525878906,52.7400016784668,52.06999969482422,52.220001220703125,3060100
2019-01-14,52.20000076293945,52.88999938964844,51.900001525878906,52.20000076293945,3181600
2019-01-15,52.91999816894531,52.91999816894531,52.189998626708984,52.459999084472656,3969500
2019-01-16,52.72999954223633,53.130001068115234,52.349998474121094,52.77000045776367,4697800
2019-01-17,53.540000915527344,53.65999984741211,52.560001373291016,52.599998474121094,3157800
2019-01-18,54.880001068115234,55.02000045776367,53.86000061035156,53.88999938964844,5684400
2019-01-22,54.52000045776367,54.88999938964844,54.09000015258789,54.459999084472656,5848400
2019-01-23,54.27000045776367,54.869998931884766,53.720001220703125,54.5,4373200
2019-01-24,55.02000045776367,55.040000915527344,54.310001373291016,54.470001220703125,4879900
2019-01-25,55.5099983215332,55.66999816894531,55.08000183105469,55.52000045776367,3172800
2019-01-28,56.400001525878906,56.45000076293945,55.150001525878906,55.36000061035156,4511100
2019-01-29,56.2599983215332,56.52000045776367,55.95000076293945,56.4900016784668,3152200
2019-01-30,57.43000030517578,57.88999938964844,56.380001068115234,57.52000045776367,5488900
2019-01-31,57.58000183105469,58.04999923706055,57.22999954223633,57.9900016784668,3763100
2019-02-01,57.709999084472656,58.09000015258789,57.13999938964844,57.54999923706055,3032900
2019-02-04,58.18000030517578,58.209999084472656,57.5,57.560001373291016,2468800
2019-02-05,58.560001373291016,58.779998779296875,58.290000915527344,58.459999084472656,2983700
2019-02-06,58.310001373291016,58.56999969482422,58.060001373291016,58.54999923706055,3296100
2019-02-07,56.959999084472656,58.0099983215332,56.43000030517578,57.540000915527344,3965600
2019-02-08,56.630001068115234,56.75,55.83000183105469,56.439998626708984,3609500
2019-02-11,56.81999969482422,57.06999969482422,56.599998474121094,56.65999984741211,2310200
2019-02-12,56.56999969482422,56.970001220703125,56.13999938964844,56.959999084472656,2758000
2019-02-13,57.04999923706055,57.369998931884766,56.900001525878906,57.060001373291016,2595500
2019-02-14,57.099998474121094,57.220001220703125,56.369998931884766,56.849998474121094,2443800
2019-02-15,57.25,57.470001220703125,56.93000030517578,57.38999938964844,3240300
2019-02-19,58.29999923706055,58.56999969482422,57.22999954223633,57.31999969482422,3807400
2019-02-20,58.849998474121094,58.959999084472656,58.150001525878906,58.380001068115234,3507500
2019-02-21,58.27000045776367,59.2400016784668,58.150001525878906,58.56999969482422,3726400
2019-02-22,58.81999969482422,58.880001068115234,58.2599983215332,58.54999923706055,2234600
2019-02-25,58.56999969482422,58.88999938964844,58.25,58.56999969482422,3336100
2019-02-26,58.25,58.900001525878906,58.220001220703125,58.5099983215332,2394700
2019-02-27,57.68000030517578,58.36000061035156,57.38999938964844,58.029998779296875,2986600
2019-02-28,57.7599983215332,57.95000076293945,57.2599983215332,57.56999969482422,4367200
2019-03-01,57.84000015258789,58.68000030517578,57.540000915527344,58.34000015258789,2902600
2019-03-04,56.560001373291016,57.70000076293945,56.459999084472656,57.65999984741211,3569000
2019-03-05,57.11000061035156,57.540000915527344,56.630001068115234,56.810001373291016,3889300
2019-03-06,56.150001525878906,57.119998931884766,56.119998931884766,56.88999938964844,3366100
2019-03-07,55.380001068115234,55.63999938964844,54.970001220703125,55.58000183105469,3422800
2019-03-08,54.970001220703125,55.06999969482422,54.529998779296875,55.0,3447800
2019-03-11,55.43000030517578,55.7400016784668,55.11000061035156,55.27000045776367,3472500
2019-03-12,55.2599983215332,55.75,54.900001525878906,55.630001068115234,4375100
2019-03-13,56.09000015258789,56.81999969482422,55.959999084472656,56.209999084472656,4136300
2019-03-14,56.43000030517578,56.45000076293945,55.779998779296875,56.130001068115234,3789900
2019-03-15,56.61000061035156,57.31999969482422,56.529998779296875,56.529998779296875,4395100
2019-03-18,57.349998474121094,57.540000915527344,56.63999938964844,56.650001525878906,4165600
2019-03-19,57.119998931884766,57.689998626708984,56.91999816894531,57.43000030517578,3416100
2019-03-20,56.529998779296875,57.130001068115234,56.150001525878906,56.93000030517578,4361300
2019-03-21,57.2599983215332,57.33000183105469,56.22999954223633,56.22999954223633,2931800
2019-03-22,56.41999816894531,57.16999816894531,56.25,56.779998779296875,3514500
2019-03-25,56.650001525878906,56.91999816894531,55.9900016784668,56.279998779296875,4244300
2019-03-26,51.709999084472656,54.0,51.08000183105469,52.45000076293945,18505000
2019-03-27,50.65999984741211,52.04999923706055,50.459999084472656,51.810001373291016,7383000
2019-03-28,50.34000015258789,50.84000015258789,49.90999984741211,50.27000045776367,5569200
2019-03-29,50.720001220703125,50.86000061035156,50.060001373291016,50.209999084472656,4929500
2019-04-01,52.189998626708984,52.20000076293945,51.0,51.0,5004900
2019-04-02,52.369998931884766,52.650001525878906,51.970001220703125,52.04999923706055,4509200
2019-04-03,53.189998626708984,53.66999816894531,52.849998474121094,52.90999984741211,4954100
2019-04-04,53.099998474121094,53.29999923706055,52.779998779296875,53.2400016784668,2296700
2019-04-05,53.06999969482422,53.36000061035156,52.810001373291016,53.11000061035156,3821200
2019-04-08,52.5099983215332,53.04999923706055,52.31999969482422,52.9900016784668,3192100
2019-04-09,51.900001525878906,52.689998626708984,51.77000045776367,52.5,4108500
2019-04-10,52.27000045776367,52.40999984741211,51.790000915527344,52.189998626708984,2639800
2019-04-11,52.470001220703125,52.790000915527344,52.18000030517578,52.40999984741211,4584200
2019-04-12,53.56999969482422,53.58000183105469,52.880001068115234,52.959999084472656,3395700
2019-04-15,53.7400016784668,53.810001373291016,53.25,53.38999938964844,3002000
2019-04-16,54.79999923706055,54.849998474121094,53.790000915527344,53.900001525878906,3464600
2019-04-17,54.540000915527344,55.34000015258789,54.29999923706055,55.119998931884766,4991900
2019-04-18,53.630001068115234,54.709999084472656,53.380001068115234,54.650001525878906,4114300
2019-04-22,53.06999969482422,53.61000061035156,53.040000915527344,53.290000915527344,2463100
2019-04-23,53.75,53.93000030517578,53.310001373291016,53.380001068115234,2541200
2019-04-24,53.72999954223633,53.81999969482422,53.099998474121094,53.25,2863300
2019-04-25,53.83000183105469,54.09000015258789,53.369998931884766,53.529998779296875,2482200
2019-04-26,54.41999816894531,54.650001525878906,53.959999084472656,54.08000183105469,1794200
2019-04-29,54.43000030517578,54.88999938964844,54.20000076293945,54.41999816894531,4796700
2019-04-30,54.86000061035156,54.93000030517578,53.970001220703125,54.25,4313700
2019-05-01,55.81999969482422,56.040000915527344,54.86000061035156,55.599998474121094,6672100
2019-05-02,54.33000183105469,55.369998931884766,54.099998474121094,55.310001373291016,7569800
2019-05-03,55.18000030517578,55.29999923706055,54.209999084472656,54.22999954223633,3826900
2019-05-06,54.849998474121094,54.869998931884766,54.060001373291016,54.189998626708984,2969500
2019-05-07,53.68000030517578,54.209999084472656,53.209999084472656,53.880001068115234,5068100
2019-05-08,54.02000045776367,54.439998626708984,53.4900016784668,53.79999923706055,3207100
2019-05-09,53.939998626708984,54.119998931884766,52.95000076293945,53.33000183105469,2749400
2019-05-10,54.34000015258789,54.38999938964844,52.900001525878906,53.470001220703125,2507300
2019-05-13,52.779998779296875,53.2599983215332,52.33000183105469,53.0,4467400
2019-05-14,53.81999969482422,54.25,52.630001068115234,52.7400016784668,4244100
2019-05-15,53.790000915527344,53.95000076293945,53.11000061035156,53.36000061035156,3906800
2019-05-16,53.93000030517578,54.18000030517578,53.52000045776367,53.650001525878906,2794400
2019-05-17,53.68000030517578,53.88999938964844,53.2400016784668,53.38999938964844,3006700
2019-05-20,52.380001068115234,52.90999984741211,52.16999816894531,52.869998931884766,2876500
2019-05-21,52.65999984741211,53.15999984741211,52.63999938964844,52.790000915527344,3220400
2019-05-22,52.630001068115234,52.75,52.220001220703125,52.650001525878906,2211000
2019-05-23,51.619998931884766,51.75,51.15999984741211,51.66999816894531,2930700
2019-05-24,51.61000061035156,52.11000061035156,51.58000183105469,51.84000015258789,1678700
2019-05-28,51.25,52.08000183105469,51.25,51.810001373291016,3153000
2019-05-29,51.599998474121094,51.75,50.720001220703125,51.04999923706055,3485200
2019-05-30,51.54999923706055,51.90999984741211,51.2599983215332,51.66999816894531,1950900
2019-05-31,51.189998626708984,51.27000045776367,50.81999969482422,50.90999984741211,2669500
2019-06-03,51.119998931884766,51.4900016784668,50.689998626708984,50.9900016784668,3544300
2019-06-04,52.279998779296875,52.33000183105469,50.869998931884766,51.630001068115234,4178100
2019-06-05,50.88999938964844,52.5,50.5,52.470001220703125,5599100
2019-06-06,51.15999984741211,51.29999923706055,50.290000915527344,50.470001220703125,4086000
2019-06-07,52.22999954223633,52.52000045776367,51.09000015258789,51.189998626708984,3503800
2019-06-10,53.18000030517578,53.38999938964844,52.0,52.06999969482422,3067300
2019-06-11,53.16999816894531,53.86000061035156,52.88999938964844,53.72999954223633,2775000
2019-06-12,53.38999938964844,53.709999084472656,53.029998779296875,53.369998931884766,2137700
2019-06-13,52.849998474121094,53.34000015258789,52.599998474121094,52.93000030517578,3030400
2019-06-14,53.119998931884766,53.279998779296875,52.66999816894531,52.869998931884766,1965200
2019-06-17,52.279998779296875,53.34000015258789,52.2599983215332,53.189998626708984,2467000
2019-06-18,52.380001068115234,52.9900016784668,51.970001220703125,52.36000061035156,3331600
2019-06-19,52.84000015258789,53.290000915527344,52.54999923706055,52.81999969482422,3662000
2019-06-20,48.79999923706055,49.08000183105469,46.11000061035156,47.20000076293945,18522500
2019-06-21,46.630001068115234,47.279998779296875,46.20000076293945,46.63999938964844,12021200
2019-06-24,46.0,46.2599983215332,45.31999969482422,45.4900016784668,8929500
2019-06-25,45.45000076293945,45.720001220703125,45.0,45.470001220703125,9504600
2019-06-26,45.380001068115234,45.93000030517578,45.25,45.619998931884766,7337000
2019-06-27,45.91999816894531,46.20000076293945,44.7599983215332,45.209999084472656,6662700
2019-06-28,46.54999923706055,46.61000061035156,45.79999923706055,46.0,5950300
2019-07-01,46.290000915527344,47.09000015258789,46.16999816894531,46.7599983215332,4821000
2019-07-02,46.529998779296875,46.560001373291016,46.08000183105469,46.34000015258789,4150300
2019-07-03,46.18000030517578,46.68000030517578,46.029998779296875,46.68000030517578,2599300
2019-07-05,46.90999984741211,46.970001220703125,46.400001525878906,46.66999816894531,3597100
2019-07-08,46.41999816894531,46.91999816894531,46.310001373291016,46.650001525878906,4066200
2019-07-09,45.91999816894531,46.189998626708984,45.810001373291016,46.0,5222000
2019-07-10,45.5099983215332,46.11000061035156,45.2599983215332,46.11000061035156,4056800
2019-07-11,45.83000183105469,45.900001525878906,45.2599983215332,45.650001525878906,2799600
2019-07-12,46.2599983215332,46.369998931884766,45.790000915527344,45.869998931884766,2871900
2019-07-15,46.95000076293945,47.08000183105469,46.220001220703125,46.25,3876400
2019-07-16,46.45000076293945,46.959999084472656,46.22999954223633,46.709999084472656,4392400
2019-07-17,45.63999938964844,46.5099983215332,45.599998474121094,46.45000076293945,4730300
2019-07-18,45.4900016784668,45.88999938964844,45.43000030517578,45.650001525878906,2489200
2019-07-19,45.09000015258789,45.9900016784668,45.06999969482422,45.720001220703125,2845200
2019-07-22,45.099998474121094,45.369998931884766,44.790000915527344,45.13999938964844,2792100
2019-07-23,46.20000076293945,46.310001373291016,45.689998626708984,45.70000076293945,4392200
2019-07-24,47.119998931884766,47.13999938964844,46.119998931884766,46.20000076293945,5333600
2019-07-25,46.619998931884766,47.29999923706055,46.41999816894531,46.970001220703125,4309600
2019-07-26,47.27000045776367,47.54999923706055,46.88999938964844,47.02000045776367,3324300
2019-07-29,47.349998474121094,47.38999938964844,47.0,47.02000045776367,2531100
2019-07-30,47.380001068115234,47.400001525878906,47.02000045776367,47.119998931884766,2467100
2019-07-31,47.22999954223633,47.61000061035156,46.880001068115234,47.36000061035156,6388100
2019-08-01,46.65999984741211,47.459999084472656,46.279998779296875,47.09000015258789,5407600
2019-08-02,45.959999084472656,46.47999954223633,45.540000915527344,46.43000030517578,2669500
2019-08-05,45.209999084472656,45.310001373291016,44.619998931884766,45.0,5741700
2019-08-06,45.060001373291016,45.439998626708984,44.58000183105469,45.31999969482422,4097000
2019-08-07,45.41999816894531,45.68000030517578,44.75,44.939998626708984,3493200
2019-08-08,46.45000076293945,46.709999084472656,45.40999984741211,45.619998931884766,4345600
2019-08-09,46.0,46.33000183105469,45.43000030517578,46.33000183105469,3453600
2019-08-12,45.54999923706055,45.93000030517578,45.33000183105469,45.93000030517578,3187900
2019-08-13,45.939998626708984,46.119998931884766,45.0099983215332,45.310001373291016,3185700
2019-08-14,44.709999084472656,45.29999923706055,44.369998931884766,45.20000076293945,4936000
2019-08-15,44.29999923706055,44.86000061035156,43.970001220703125,44.790000915527344,3488300
2019-08-16,44.93000030517578,45.150001525878906,44.45000076293945,44.619998931884766,2083100
2019-08-19,45.7400016784668,46.04999923706055,45.650001525878906,45.849998474121094,2487500
2019-08-20,45.349998474121094,45.54999923706055,45.09000015258789,45.369998931884766,2817900
2019-08-21,45.95000076293945,45.97999954223633,45.54999923706055,45.869998931884766,3383700
2019-08-22,45.09000015258789,45.790000915527344,44.849998474121094,45.68000030517578,3170100
2019-08-23,43.279998779296875,45.27000045776367,43.189998626708984,45.220001220703125,3779300
2019-08-26,43.47999954223633,43.880001068115234,43.27000045776367,43.619998931884766,3275300
2019-08-27,43.029998779296875,43.970001220703125,43.02000045776367,43.72999954223633,4200100
2019-08-28,43.400001525878906,43.52000045776367,42.41999816894531,42.65999984741211,2405800
2019-08-29,44.0,44.439998626708984,43.81999969482422,43.86000061035156,2522700
2019-08-30,44.08000183105469,44.31999969482422,43.970001220703125,44.119998931884766,3176000
2019-09-03,43.66999816894531,43.86000061035156,42.91999816894531,43.81999969482422,3308900
2019-09-04,43.88999938964844,44.459999084472656,43.52000045776367,43.939998626708984,3186500
2019-09-05,45.11000061035156,45.310001373291016,44.25,44.25,2524200
2019-09-06,45.720001220703125,45.88999938964844,45.0099983215332,45.11000061035156,3456300
2019-09-09,47.61000061035156,47.65999984741211,45.56999969482422,45.56999969482422,6328100
2019-09-10,49.65999984741211,49.689998626708984,48.119998931884766,48.279998779296875,7331700
2019-09-11,49.709999084472656,49.93000030517578,48.61000061035156,49.369998931884766,6314200
2019-09-12,49.619998931884766,49.970001220703125,48.810001373291016,49.599998474121094,4216300
2019-09-13,50.54999923706055,50.869998931884766,50.15999984741211,50.25,4124500
2019-09-16,48.91999816894531,49.7599983215332,48.540000915527344,49.0,5847100
2019-09-17,49.369998931884766,49.43000030517578,48.060001373291016,48.29999923706055,3742100
2019-09-18,48.84000015258789,49.029998779296875,48.380001068115234,48.86000061035156,3218700
2019-09-19,48.380001068115234,48.95000076293945,48.29999923706055,48.88999938964844,3092500
2019-09-20,48.220001220703125,48.63999938964844,47.77000045776367,48.56999969482422,4478000
2019-09-23,47.70000076293945,47.900001525878906,46.88999938964844,47.880001068115234,3404800
2019-09-24,47.619998931884766,48.790000915527344,47.380001068115234,48.06999969482422,3611600
2019-09-25,48.060001373291016,48.060001373291016,46.900001525878906,46.970001220703125,3881800
2019-09-26,43.95000076293945,45.72999954223633,43.599998474121094,45.5,12694600
2019-09-27,43.58000183105469,44.209999084472656,43.09000015258789,43.099998474121094,7540600
2019-09-30,43.709999084472656,44.119998931884766,43.52000045776367,43.810001373291016,4732500
2019-10-01,42.4900016784668,44.16999816894531,42.150001525878906,43.79999923706055,6694400
2019-10-02,41.439998626708984,42.15999984741211,41.43000030517578,42.150001525878906,6393600
2019-10-03,41.0,41.38999938964844,40.599998474121094,41.2599983215332,7156700
2019-10-04,41.13999938964844,41.33000183105469,40.83000183105469,41.04999923706055,5147900
2019-10-07,40.90999984741211,41.349998474121094,40.529998779296875,40.810001373291016,5719700
2019-10-08,40.130001068115234,40.470001220703125,39.91999816894531,40.400001525878906,4290600
2019-10-09,40.529998779296875,40.790000915527344,40.33000183105469,40.529998779296875,3492400
2019-10-10,40.95000076293945,41.45000076293945,40.75,40.81999969482422,4233000
2019-10-11,41.54999923706055,42.31999969482422,41.529998779296875,41.93000030517578,5951400
2019-10-14,42.040000915527344,42.2400016784668,41.34000015258789,41.470001220703125,4069100
2019-10-15,42.4900016784668,42.869998931884766,41.93000030517578,42.06999969482422,2944800
2019-10-16,42.38999938964844,42.88999938964844,42.18000030517578,42.650001525878906,2776900
2019-10-17,42.439998626708984,42.75,42.150001525878906,42.400001525878906,3168500
2019-10-18,42.790000915527344,42.970001220703125,42.310001373291016,42.349998474121094,5269400
2019-10-21,43.119998931884766,43.52000045776367,42.970001220703125,43.06999969482422,4574000
2019-10-22,42.54999923706055,43.2400016784668,42.529998779296875,43.13999938964844,3898100
2019-10-23,44.0,44.08000183105469,42.63999938964844,43.029998779296875,7283100
2019-10-24,43.900001525878906,44.09000015258789,43.189998626708984,44.04999923706055,4187300
2019-10-25,44.56999969482422,44.81999969482422,43.880001068115234,43.900001525878906,2730400
2019-10-28,44.18000030517578,44.86000061035156,44.130001068115234,44.59000015258789,2764400
2019-10-29,44.15999984741211,44.70000076293945,44.150001525878906,44.63999938964844,3297400
2019-10-30,43.209999084472656,44.4900016784668,42.959999084472656,44.4900016784668,4253700
2019-10-31,42.88999938964844,43.2400016784668,42.459999084472656,43.130001068115234,5084700
2019-11-01,42.95000076293945,43.31999969482422,42.869998931884766,43.22999954223633,4303000
2019-11-04,44.209999084472656,44.369998931884766,43.25,43.25,4211500
2019-11-05,44.86000061035156,45.31999969482422,44.310001373291016,44.36000061035156,3851900
2019-11-06,44.369998931884766,44.90999984741211,44.220001220703125,44.869998931884766,3075500
2019-11-07,45.04999923706055,45.34000015258789,44.66999816894531,44.88999938964844,3818000
2019-11-08,45.04999923706055,45.04999923706055,44.2599983215332,44.599998474121094,2709900
2019-11-11,44.68000030517578,45.0099983215332,44.41999816894531,44.63999938964844,2295000
2019-11-12,44.47999954223633,45.040000915527344,44.25,44.959999084472656,2249400
2019-11-13,44.060001373291016,44.380001068115234,43.869998931884766,44.2599983215332,2564900
2019-11-14,44.439998626708984,44.5,43.95000076293945,44.15999984741211,1933800
2019-11-15,44.849998474121094,45.08000183105469,44.560001373291016,44.849998474121094,2187500
2019-11-18,44.70000076293945,44.93000030517578,44.459999084472656,44.79999923706055,2196500
2019-11-19,44.4900016784668,45.04999923706055,44.47999954223633,44.959999084472656,2503500
2019-11-20,43.66999816894531,44.150001525878906,43.5099983215332,44.040000915527344,3082200
2019-11-21,43.02000045776367,43.279998779296875,42.470001220703125,42.900001525878906,3770400
2019-11-22,43.68000030517578,43.93000030517578,43.2400016784668,43.529998779296875,3971000
2019-11-25,44.5,44.619998931884766,43.84000015258789,43.880001068115234,3054600
2019-11-26,44.68000030517578,44.75,44.13999938964844,44.709999084472656,3217700
2019-11-27,45.220001220703125,45.29999923706055,44.790000915527344,44.9900016784668,4832600
2019-11-29,45.08000183105469,45.36000061035156,45.0099983215332,45.220001220703125,1913100
2019-12-02,44.4900016784668,45.18000030517578,44.439998626708984,45.15999984741211,3377400
2019-12-03,43.540000915527344,43.849998474121094,43.27000045776367,43.849998474121094,3091800
2019-12-04,43.880001068115234,44.34000015258789,43.54999923706055,43.54999923706055,2644600
2019-12-05,44.20000076293945,44.5,43.869998931884766,44.400001525878906,3152100
2019-12-06,44.77000045776367,45.119998931884766,44.720001220703125,44.869998931884766,3682400
2019-12-09,45.40999984741211,45.52000045776367,44.95000076293945,45.06999969482422,3205500
2019-12-10,45.31999969482422,45.40999984741211,44.880001068115234,45.060001373291016,3698300
2019-12-11,45.790000915527344,45.90999984741211,45.380001068115234,45.459999084472656,2839000
2019-12-12,46.900001525878906,46.959999084472656,45.7599983215332,45.880001068115234,5272500
2019-12-13,47.45000076293945,48.0,47.11000061035156,47.15999984741211,6957400
2019-12-16,46.9900016784668,48.060001373291016,46.86000061035156,48.060001373291016,4590100
2019-12-17,47.20000076293945,47.310001373291016,46.540000915527344,46.7599983215332,3246200
2019-12-18,46.58000183105469,47.15999984741211,46.56999969482422,46.95000076293945,6584400
2019-12-19,46.650001525878906,47.029998779296875,46.56999969482422,46.689998626708984,4477400
2019-12-20,50.209999084472656,51.209999084472656,48.2599983215332,48.900001525878906,15867400
2019-12-23,51.2599983215332,51.27000045776367,50.150001525878906,50.31999969482422,5965400
2019-12-24,50.939998626708984,51.619998931884766,50.7400016784668,51.400001525878906,2142300
2019-12-26,51.33000183105469,51.45000076293945,50.7599983215332,51.0,3217100
2019-12-27,51.33000183105469,51.7400016784668,51.189998626708984,51.619998931884766,2093400
2019-12-30,51.02000045776367,51.689998626708984,50.939998626708984,51.63999938964844,2568500
2019-12-31,50.83000183105469,51.130001068115234,50.75,51.029998779296875,3131000
2020-01-02,51.310001373291016,51.66999816894531,50.72999954223633,51.349998474121094,4201000
2020-01-03,49.88999938964844,50.400001525878906,49.56999969482422,50.04999923706055,4892300
2020-01-06,48.380001068115234,49.400001525878906,48.27000045776367,49.349998474121094,6696400
2020-01-07,48.529998779296875,48.66999816894531,48.130001068115234,48.13999938964844,5725400
2020-01-08,48.7599983215332,49.029998779296875,48.43000030517578,48.5,5021400
2020-01-09,49.20000076293945,49.290000915527344,48.93000030517578,49.13999938964844,2588900
2020-01-10,48.849998474121094,49.58000183105469,48.79999923706055,49.2599983215332,4362500
2020-01-13,49.36000061035156,49.650001525878906,48.81999969482422,49.099998474121094,4041700
2020-01-14,50.209999084472656,50.279998779296875,49.36000061035156,49.43000030517578,4406100
2020-01-15,50.439998626708984,50.939998626708984,50.099998474121094,50.5099983215332,3656000
2020-01-16,51.349998474121094,51.36000061035156,50.459999084472656,50.59000015258789,4772700
2020-01-17,51.900001525878906,51.939998626708984,51.310001373291016,51.45000076293945,6560200
2020-01-21,50.689998626708984,51.380001068115234,50.29999923706055,51.380001068115234,12100700
2020-01-22,49.880001068115234,51.040000915527344,49.7400016784668,50.68000030517578,5109200
2020-01-23,49.45000076293945,49.61000061035156,48.130001068115234,49.029998779296875,6305100
2020-01-24,47.52000045776367,49.29999923706055,47.119998931884766,49.13999938964844,6470400
2020-01-27,45.27000045776367,46.13999938964844,44.72999954223633,45.400001525878906,8099200
2020-01-28,46.5,46.86000061035156,45.380001068115234,45.79999923706055,7155700
2020-01-29,46.5,46.970001220703125,46.27000045776367,46.36000061035156,3407500
2020-01-30,44.75,45.790000915527344,43.7599983215332,43.7599983215332,14856100
2020-01-31,43.529998779296875,45.15999984741211,43.209999084472656,44.9900016784668,11796400
2020-02-03,42.75,44.11000061035156,42.099998474121094,43.75,8341500
2020-02-04,43.560001373291016,44.40999984741211,43.380001068115234,44.220001220703125,6164400
2020-02-05,44.13999938964844,45.040000915527344,43.91999816894531,44.36000061035156,6679600
2020-02-06,43.779998779296875,44.81999969482422,43.7400016784668,44.630001068115234,4534600
2020-02-07,42.20000076293945,43.029998779296875,41.97999954223633,42.97999954223633,11253000
2020-02-10,41.779998779296875,42.400001525878906,41.66999816894531,42.08000183105469,4829300
2020-02-11,42.95000076293945,43.290000915527344,42.040000915527344,42.11000061035156,5807600
2020-02-12,44.060001373291016,44.439998626708984,43.08000183105469,43.22999954223633,6867900
2020-02-13,43.20000076293945,43.599998474121094,42.7599983215332,43.2599983215332,6670600
2020-02-14,42.599998474121094,43.119998931884766,42.5,43.06999969482422,3998000
2020-02-18,42.91999816894531,42.970001220703125,42.529998779296875,42.599998474121094,6245300
2020-02-19,43.34000015258789,43.439998626708984,42.529998779296875,42.560001373291016,4625400
2020-02-20,42.5,42.86000061035156,42.189998626708984,42.619998931884766,5343800
2020-02-21,41.689998626708984,42.189998626708984,41.650001525878906,42.11000061035156,8009800
2020-02-24,37.7599983215332,39.75,37.7599983215332,39.380001068115234,15441400
2020-02-25,35.84000015258789,38.11000061035156,35.66999816894531,38.0,16153700
2020-02-26,33.13999938964844,36.189998626708984,32.380001068115234,36.16999816894531,23492300
2020-02-27,31.850000381469727,33.70000076293945,30.190000534057617,32.650001525878906,31486400
2020-02-28,33.459999084472656,33.5,31.059999465942383,31.229999542236328,24855700
2020-03-02,33.060001373291016,33.060001373291016,31.25,32.709999084472656,19716200
2020-03-03,31.829999923706055,33.34000015258789,31.15999984741211,33.02000045776367,19720600
2020-03-04,32.459999084472656,32.459999084472656,30.899999618530273,32.25,19503500
2020-03-05,27.8700008392334,30.90999984741211,27.649999618530273,30.90999984741211,33085000
2020-03-06,27.149999618530273,29.299999237060547,26.100000381469727,26.90999984741211,29767800
2020-03-09,21.739999771118164,24.75,21.510000228881836,24.440000534057617,33764200
2020-03-10,24.020000457763672,24.18000030517578,20.200000762939453,23.510000228881836,45551300
2020-03-11,21.75,23.700000762939453,20.40999984741211,22.889999389648438,38235000
2020-03-12,14.970000267028809,22.5,14.699999809265137,17.90999984741211,47752900
2020-03-13,17.579999923706055,18.459999084472656,15.010000228881836,18.34000015258789,55565800
2020-03-16,14.569999694824219,17.899999618530273,14.5,15.050000190734863,50744900
2020-03-17,12.710000038146973,14.890000343322754,12.079999923706055,14.770000457763672,41578700
2020-03-18,9.300000190734863,11.550000190734863,7.900000095367432,11.15999984741211,69931000
2020-03-19,10.0,10.399999618530273,8.600000381469727,9.130000114440918,52662000
2020-03-20,12.0,13.8100004196167,10.600000381469727,11.09000015258789,80096400
2020-03-23,12.0,12.449999809265137,10.609999656677246,11.270000457763672,52551800
2020-03-24,13.680000305175781,16.68000030517578,13.100000381469727,14.0600004196167,65012400
2020-03-25,15.550000190734863,17.06999969482422,13.119999885559082,15.050000190734863,78051700
2020-03-26,17.81999969482422,19.139999389648438,15.050000190734863,15.5,97446600
2020-03-27,14.40999984741211,16.15999984741211,14.050000190734863,16.0,64592400
2020-03-30,12.800000190734863,13.470000267028809,11.710000038146973,13.4399995803833,46165600
2020-03-31,13.170000076293945,14.550000190734863,10.949999809265137,10.949999809265137,112205700
2020-04-01,8.800000190734863,12.609999656677246,8.609999656677246,12.600000381469727,182979300
2020-04-02,7.96999979019165,8.529999732971191,7.800000190734863,8.010000228881836,262061100
2020-04-03,8.489999771118164,8.739999771118164,8.020000457763672,8.289999961853027,124436200
2020-04-06,10.210000038146973,10.960000038146973,9.140000343322754,9.279999732971191,195697600
2020-04-07,11.300000190734863,12.949999809265137,11.050000190734863,12.350000381469727,185454300
2020-04-08,11.989999771118164,12.1899995803833,11.359999656677246,11.859999656677246,108041200
2020-04-09,12.420000076293945,13.729999542236328,11.920000076293945,12.90999984741211,144691900
2020-04-13,11.5,11.819999694824219,10.949999809265137,11.770000457763672,77438800
2020-04-14,12.510000228881836,13.1899995803833,12.170000076293945,12.460000038146973,79840100
2020-04-15,12.380000114440918,12.430000305175781,11.569999694824219,11.880000114440918,55875300
2020-04-16,11.850000381469727,12.289999961853027,11.369999885559082,12.140000343322754,59788600
2020-04-17,12.5600004196167,12.770000457763672,12.260000228881836,12.710000038146973,60675100
2020-04-20,12.220000267028809,12.5600004196167,11.859999656677246,12.079999923706055,41265200
2020-04-21,11.84000015258789,12.300000190734863,11.619999885559082,11.789999961853027,40644500
2020-04-22,11.640000343322754,12.180000305175781,11.380000114440918,12.079999923706055,38548100
2020-04-23,12.170000076293945,12.390000343322754,11.649999618530273,11.6899995803833,46795200
2020-04-24,11.90999984741211,12.350000381469727,11.619999885559082,12.25,39084700
2020-04-27,12.979999542236328,13.25,12.0,12.0600004196167,54811200
2020-04-28,14.460000038146973,14.670000076293945,13.369999885559082,13.960000038146973,90378200
2020-04-29,16.690000534057617,16.829999923706055,15.630000114440918,15.760000228881836,111882500
2020-04-30,15.899999618530273,16.690000534057617,15.180000305175781,16.260000228881836,87744900
2020-05-01,13.930000305175781,15.300000190734863,13.729999542236328,14.899999618530273,63622500
2020-05-04,14.34000015258789,14.579999923706055,12.75,13.119999885559082,74722700
2020-05-05,13.09000015258789,14.890000343322754,12.930000305175781,14.25,89357400
2020-05-06,12.819999694824219,13.59000015258789,12.579999923706055,13.510000228881836,50586800
2020-05-07,13.529999732971191,13.739999771118164,12.979999542236328,12.979999542236328,39715800
2020-05-08,14.210000038146973,14.390000343322754,13.649999618530273,14.069999694824219,41461800
2020-05-11,13.850000381469727,14.289999961853027,13.640000343322754,14.069999694824219,36936900
2020-05-12,13.1899995803833,14.220000267028809,13.15999984741211,14.109999656677246,35482300
2020-05-13,12.260000228881836,13.010000228881836,11.890000343322754,13.0,57274000
2020-05-14,12.270000457763672,12.619999885559082,11.0,11.670000076293945,56189700
2020-05-15,12.779999732971191,13.100000381469727,11.949999809265137,12.130000114440918,36812800
2020-05-18,14.720000267028809,15.069999694824219,13.920000076293945,14.100000381469727,79741300
2020-05-19,14.109999656677246,14.829999923706055,13.630000114440918,14.609999656677246,51347100
2020-05-20,14.149999618530273,14.6899995803833,13.829999923706055,14.619999885559082,40132600
2020-05-21,14.600000381469727,15.130000114440918,13.899999618530273,13.899999618530273,50573100
2020-05-22,14.460000038146973,15.180000305175781,14.149999618530273,14.920000076293945,29208000
2020-05-26,16.280000686645508,16.520000457763672,15.819999694824219,15.9399995803833,59226200
2020-05-27,17.239999771118164,18.15999984741211,16.1200008392334,18.15999984741211,88455700
2020-05-28,15.930000305175781,17.399999618530273,15.739999771118164,17.34000015258789,60785600
2020-05-29,15.739999771118164,15.920000076293945,15.0,15.229999542236328,50273900
2020-06-01,16.799999237060547,17.079999923706055,15.869999885559082,15.979999542236328,42436400
2020-06-02,16.8700008392334,17.479999542236328,16.559999465942383,17.329999923706055,41632100
2020-06-03,17.25,17.649999618530273,16.56999969482422,16.709999084472656,53113200
2020-06-04,18.479999542236328,19.059999465942383,16.65999984741211,17.360000610351562,86050100
2020-06-05,21.510000228881836,22.940000534057617,21.059999465942383,22.299999237060547,113521100
2020-06-08,24.90999984741211,25.280000686645508,23.40999984741211,24.56999969482422,107262900
2020-06-09,23.040000915527344,23.899999618530273,21.93000030517578,23.8799991607666,72547400
2020-06-10,20.59000015258789,22.469999313354492,19.5,22.200000762939453,82883100
2020-06-11,17.440000534057617,18.989999771118164,16.75,17.290000915527344,79106600
2020-06-12,19.979999542236328,20.200000762939453,18.530000686645508,19.809999465942383,65140100
2020-06-15,19.440000534057617,19.81999969482422,17.950000762939453,18.139999389648438,59224500
2020-06-16,20.420000076293945,21.850000381469727,19.610000610351562,21.81999969482422,58679100
2020-06-17,19.09000015258789,19.799999237060547,18.670000076293945,19.31999969482422,44645700
2020-06-18,18.81999969482422,19.549999237060547,17.799999237060547,17.959999084472656,60188000
2020-06-19,17.829999923706055,19.350000381469727,17.489999771118164,19.299999237060547,54899100
2020-06-22,17.229999542236328,17.649999618530273,16.540000915527344,17.360000610351562,44450700
2020-06-23,18.0,18.040000915527344,17.1200008392334,17.5,33867700
2020-06-24,16.0,17.280000686645508,15.65999984741211,17.030000686645508,47046000
2020-06-25,16.0,16.239999771118164,15.109999656677246,15.220000267028809,37376700
2020-06-26,15.779999732971191,16.350000381469727,15.15999984741211,16.209999084472656,36856000
2020-06-29,16.780000686645508,16.799999237060547,14.920000076293945,15.520000457763672,36047600
2020-06-30,16.420000076293945,16.709999084472656,15.850000381469727,16.549999237060547,25267600
2020-07-01,16.360000610351562,17.829999923706055,16.190000534057617,16.940000534057617,37215100
2020-07-02,15.880000114440918,17.170000076293945,15.800000190734863,17.049999237060547,30023300
2020-07-06,15.609999656677246,16.219999313354492,15.109999656677246,16.040000915527344,34196900
2020-07-07,14.569999694824219,15.399999618530273,14.5600004196167,15.15999984741211,31134800
2020-07-08,15.319999694824219,15.479999542236328,14.270000457763672,14.529999732971191,29958600
2020-07-09,14.579999923706055,16.0,14.5,15.850000381469727,40152000
2020-07-10,16.15999984741211,16.270000457763672,14.300000190734863,14.470000267028809,61894100
2020-07-13,15.279999732971191,16.700000762939453,15.25,16.479999542236328,41340500
2020-07-14,15.039999961853027,15.180000305175781,14.600000381469727,14.970000267028809,31410700
2020-07-15,17.479999542236328,17.559999465942383,15.930000305175781,16.1299991607666,72487600
2020-07-16,15.779999732971191,16.6200008392334,15.779999732971191,16.440000534057617,42311000
2020-07-17,15.470000267028809,15.989999771118164,15.229999542236328,15.640000343322754,28043600
2020-07-20,15.0,15.949999809265137,14.90999984741211,15.5600004196167,25175200
2020-07-21,15.1899995803833,15.479999542236328,15.010000228881836,15.270000457763672,24686900
2020-07-22,15.140000343322754,15.34000015258789,14.970000267028809,15.100000381469727,17650100
2020-07-23,14.800000190734863,15.380000114440918,14.510000228881836,15.010000228881836,32436100
2020-07-24,14.800000190734863,15.350000381469727,14.460000038146973,14.59000015258789,26712200
2020-07-27,13.75,14.630000114440918,13.619999885559082,14.609999656677246,37462900
2020-07-28,14.329999923706055,14.59000015258789,13.75,13.8100004196167,31311300
2020-07-29,14.649999618530273,14.699999809265137,14.09000015258789,14.470000267028809,19415000
2020-07-30,14.34000015258789,14.520000457763672,14.010000228881836,14.229999542236328,15895300
2020-07-31,13.880000114440918,14.350000381469727,13.720000267028809,14.220000267028809,20629700
2020-08-03,13.069999694824219,13.539999961853027,12.829999923706055,13.479999542236328,34967500
2020-08-04,13.739999771118164,13.989999771118164,13.069999694824219,13.100000381469727,24159800
2020-08-05,14.020000457763672,14.270000457763672,13.670000076293945,14.199999809265137,24040900
2020-08-06,13.779999732971191,14.020000457763672,13.300000190734863,13.449999809265137,85130200
2020-08-07,14.220000267028809,14.319999694824219,13.329999923706055,13.619999885559082,36316300
2020-08-10,15.4399995803833,15.470000267028809,14.34000015258789,14.369999885559082,41905600
2020-08-11,15.819999694824219,16.520000457763672,15.619999885559082,16.489999771118164,54167600
2020-08-12,15.1899995803833,16.229999542236328,14.819999694824219,16.200000762939453,35876200
2020-08-13,15.220000267028809,15.75,14.90999984741211,15.0,21416100
2020-08-14,15.470000267028809,15.720000267028809,14.859999656677246,15.020000457763672,20937100
2020-08-17,14.680000305175781,15.4399995803833,14.680000305175781,15.399999618530273,33330600
2020-08-18,14.40999984741211,14.90999984741211,14.260000228881836,14.680000305175781,24744600
2020-08-19,14.600000381469727,15.170000076293945,14.25,14.420000076293945,26620300
2020-08-20,14.539999961853027,14.720000267028809,14.170000076293945,14.350000381469727,19955400
2020-08-21,14.649999618530273,14.930000305175781,14.4399995803833,14.470000267028809,18797400
2020-08-24,16.139999389648438,16.209999084472656,14.649999618530273,15.020000457763672,56417200
2020-08-25,15.890000343322754,16.389999389648438,15.329999923706055,16.290000915527344,38551500
2020-08-26,15.279999732971191,15.779999732971191,15.1899995803833,15.699999809265137,24425200
2020-08-27,16.1200008392334,16.68000030517578,15.649999618530273,15.670000076293945,48079400
2020-08-28,17.209999084472656,17.34000015258789,16.229999542236328,16.579999923706055,51079100
2020-08-31,16.479999542236328,17.34000015258789,16.469999313354492,17.329999923706055,43771700
2020-09-01,16.510000228881836,16.700000762939453,16.020000457763672,16.09000015258789,26417100
2020-09-02,16.709999084472656,16.770000457763672,16.209999084472656,16.600000381469727,20720900
2020-09-03,17.579999923706055,18.739999771118164,17.100000381469727,17.6200008392334,94120100
2020-09-04,18.530000686645508,18.649999618530273,17.399999618530273,18.399999618530273,66539700
2020-09-08,18.290000915527344,18.920000076293945,17.860000610351562,17.860000610351562,46728100
2020-09-09,17.65999984741211,18.219999313354492,17.260000228881836,18.1299991607666,36217900
2020-09-10,17.8799991607666,18.75,17.799999237060547,17.799999237060547,36598300
2020-09-11,17.690000534057617,18.239999771118164,17.440000534057617,18.239999771118164,23899500
2020-09-14,17.850000381469727,18.1200008392334,17.540000915527344,17.940000534057617,25838400
2020-09-15,15.930000305175781,17.229999542236328,15.850000381469727,17.200000762939453,80598100
2020-09-16,16.459999084472656,16.670000076293945,15.9399995803833,16.100000381469727,38270300
2020-09-17,16.239999771118164,16.510000228881836,15.699999809265137,15.800000190734863,30506200
2020-09-18,15.3100004196167,16.079999923706055,15.069999694824219,15.960000038146973,51607600
2020-09-21,14.289999961853027,14.890000343322754,14.0,14.75,42775100
2020-09-22,14.40999984741211,14.819999694824219,14.180000305175781,14.399999618530273,30011100
2020-09-23,14.130000114440918,15.050000190734863,14.109999656677246,14.550000190734863,31255200
2020-09-24,13.739999771118164,14.170000076293945,13.399999618530273,14.069999694824219,32679800
2020-09-25,15.069999694824219,15.09000015258789,14.170000076293945,14.550000190734863,54137400
2020-09-28,15.3100004196167,15.550000190734863,14.779999732971191,15.539999961853027,36759400
2020-09-29,15.069999694824219,15.430000305175781,14.819999694824219,15.25,23215000
2020-09-30,15.180000305175781,15.960000038146973,15.109999656677246,15.420000076293945,44374800
2020-10-01,15.029999732971191,15.430000305175781,14.699999809265137,15.430000305175781,28158400
2020-10-02,15.15999984741211,15.220000267028809,14.229999542236328,14.260000228881836,30936100
2020-10-05,14.960000038146973,15.229999542236328,14.800000190734863,15.109999656677246,22169300
2020-10-06,15.1899995803833,15.970000267028809,15.119999885559082,15.260000228881836,43724300
2020-10-07,15.989999771118164,16.049999237060547,15.289999961853027,15.479999542236328,30265000
2020-10-08,15.609999656677246,16.170000076293945,15.369999885559082,16.15999984741211,40986000
2020-10-09,15.6899995803833,16.06999969482422,15.539999961853027,15.720000267028809,33815700
2020-10-12,15.210000038146973,15.510000228881836,15.199999809265137,15.449999809265137,25968000
2020-10-13,14.029999732971191,14.829999923706055,13.979999542236328,14.710000038146973,49344200
2020-10-14,13.970000267028809,14.430000305175781,13.90999984741211,14.329999923706055,34393700
2020-10-15,14.020000457763672,14.039999961853027,13.619999885559082,13.720000267028809,29283600
2020-10-16,14.079999923706055,14.329999923706055,13.710000038146973,14.050000190734863,39528600
2020-10-19,14.149999618530273,14.5,13.989999771118164,14.210000038146973,28037800
2020-10-20,14.609999656677246,14.710000038146973,14.229999542236328,14.420000076293945,27572800
2020-10-21,14.479999542236328,14.630000114440918,14.3100004196167,14.600000381469727,17538900
2020-10-22,15.1899995803833,15.239999771118164,14.470000267028809,14.529999732971191,32572800
2020-10-23,15.359999656677246,15.5,15.029999732971191,15.1899995803833,25638400
2020-10-26,14.029999732971191,14.829999923706055,13.819999694824219,14.75,49748400
2020-10-27,13.760000228881836,14.170000076293945,13.729999542236328,14.039999961853027,24449800
2020-10-28,12.300000190734863,13.270000457763672,12.289999961853027,13.239999771118164,58953200
2020-10-29,12.979999542236328,13.09000015258789,12.109999656677246,12.34000015258789,31579500
2020-10-30,13.710000038146973,14.479999542236328,12.619999885559082,12.779999732971191,76419100
2020-11-02,13.550000190734863,13.649999618530273,12.930000305175781,13.489999771118164,31928100
2020-11-03,13.710000038146973,13.979999542236328,13.470000267028809,13.59000015258789,26494900
2020-11-04,13.34000015258789,13.869999885559082,13.260000228881836,13.6899995803833,27613000
2020-11-05,14.180000305175781,14.229999542236328,13.449999809265137,13.529999732971191,27600300
2020-11-06,13.819999694824219,14.140000343322754,13.65999984741211,13.90999984741211,19585600
2020-11-09,19.25,19.860000610351562,17.709999084472656,18.489999771118164,185304300
2020-11-10,16.729999542236328,18.670000076293945,16.399999618530273,18.540000915527344,119449500
2020-11-11,16.209999084472656,16.989999771118164,16.079999923706055,16.950000762939453,57841400
2020-11-12,14.930000305175781,15.850000381469727,14.880000114440918,15.640000343322754,87592200
2020-11-13,16.010000228881836,16.200000762939453,14.979999542236328,15.1899995803833,159666300
2020-11-16,17.56999969482422,18.0,16.90999984741211,17.34000015258789,112274700
2020-11-17,18.049999237060547,18.579999923706055,16.940000534057617,17.200000762939453,63499700
2020-11-18,17.59000015258789,18.299999237060547,17.440000534057617,17.540000915527344,72257800
2020-11-19,18.190000534057617,18.25,17.459999084472656,17.670000076293945,44098300
2020-11-20,17.3700008392334,18.280000686645508,17.329999923706055,18.15999984741211,52433300
2020-11-23,18.18000030517578,18.360000610351562,17.6299991607666,17.8700008392334,50751300
2020-11-24,20.229999542236328,20.43000030517578,19.059999465942383,19.389999389648438,80233200
2020-11-25,20.649999618530273,20.899999618530273,19.920000076293945,20.479999542236328,60387900
2020-11-27,21.579999923706055,22.25,20.860000610351562,21.0,46919100
2020-11-30,19.979999542236328,21.770000457763672,19.829999923706055,21.770000457763672,86740700
2020-12-01,20.149999618530273,21.010000228881836,20.049999237060547,20.989999771118164,47884200
2020-12-02,21.15999984741211,21.270000457763672,19.229999542236328,19.809999465942383,52282400
2020-12-03,22.8799991607666,23.5,21.3700008392334,21.479999542236328,92899300
2020-12-04,23.450000762939453,23.709999084472656,22.600000381469727,23.540000915527344,65203900
2020-12-07,23.200000762939453,23.450000762939453,22.700000762939453,23.389999389648438,47155000
2020-12-08,23.56999969482422,23.920000076293945,22.950000762939453,23.010000228881836,42765200
2020-12-09,22.690000534057617,24.3799991607666,21.969999313354492,23.969999313354492,66956200
2020-12-10,22.31999969482422,23.06999969482422,22.15999984741211,22.25,50011800
2020-12-11,21.31999969482422,22.81999969482422,21.280000686645508,22.639999389648438,52517400
2020-12-14,20.93000030517578,22.75,20.93000030517578,22.31999969482422,55423500
2020-12-15,21.530000686645508,21.709999084472656,19.950000762939453,21.219999313354492,56761600
2020-12-16,21.760000228881836,22.209999084472656,21.309999465942383,21.530000686645508,35103700
2020-12-17,21.6299991607666,21.899999618530273,21.309999465942383,21.889999389648438,25810800
2020-12-18,21.459999084472656,21.979999542236328,21.0,21.610000610351562,68420700
2020-12-21,21.059999465942383,21.299999237060547,20.030000686645508,20.219999313354492,51476700
2020-12-22,19.809999465942383,21.260000228881836,19.75,21.06999969482422,39933700
2020-12-23,20.940000534057617,21.079999923706055,20.030000686645508,20.1200008392334,31385200
2020-12-24,20.84000015258789,21.079999923706055,20.43000030517578,20.979999542236328,14819300
2020-12-28,21.709999084472656,22.049999237060547,21.020000457763672,21.309999465942383,33112800
2020-12-29,21.43000030517578,22.270000457763672,21.360000610351562,22.219999313354492,26851200
2020-12-30,21.790000915527344,22.09000015258789,21.3799991607666,21.520000457763672,23606400
2020-12-31,21.65999984741211,21.790000915527344,20.899999618530273,21.6200008392334,25679300
2021-01-04,20.3799991607666,21.709999084472656,20.040000915527344,21.700000762939453,40642500
2021-01-05,20.600000381469727,20.850000381469727,20.149999618530273,20.18000030517578,32464400
2021-01-06,20.399999618530273,20.920000076293945,20.15999984741211,20.540000915527344,35295900
2021-01-07,20.739999771118164,21.280000686645508,20.469999313354492,20.479999542236328,28989000
2021-01-08,20.469999313354492,21.020000457763672,20.18000030517578,20.8700008392334,30370000
2021-01-11,20.139999389648438,20.440000534057617,19.6299991607666,20.170000076293945,31213700
2021-01-12,20.1299991607666,20.139999389648438,19.610000610351562,20.049999237060547,33169500
2021-01-13,20.100000381469727,20.200000762939453,19.68000030517578,19.860000610351562,24791400
2021-01-14,20.920000076293945,21.549999237060547,20.450000762939453,20.459999084472656,46177600
2021-01-15,20.790000915527344,21.399999618530273,20.56999969482422,20.780000686645508,33762400
2021-01-19,20.8700008392334,21.260000228881836,20.610000610351562,21.0,21273500
2021-01-20,20.780000686645508,21.209999084472656,20.59000015258789,21.010000228881836,21272500
2021-01-21,20.739999771118164,20.8799991607666,20.31999969482422,20.700000762939453,20209300
2021-01-22,20.219999313354492,20.43000030517578,20.040000915527344,20.309999465942383,24748800
2021-01-25,19.219999313354492,19.809999465942383,18.729999542236328,19.799999237060547,55839500
2021-01-26,18.719999313354492,19.510000228881836,18.6200008392334,19.399999618530273,44110700
2021-01-27,18.979999542236328,19.420000076293945,17.959999084472656,18.40999984741211,50578900
2021-01-28,19.739999771118164,20.670000076293945,19.65999984741211,20.100000381469727,59670200
2021-01-29,18.670000076293945,19.809999465942383,18.3799991607666,19.700000762939453,50346100
2021-02-01,18.799999237060547,19.1299991607666,18.40999984741211,18.959999084472656,27139000
2021-02-02,19.450000762939453,19.600000381469727,18.979999542236328,19.219999313354492,27697100
2021-02-03,20.440000534057617,20.489999771118164,19.440000534057617,19.6299991607666,33548800
2021-02-04,21.049999237060547,21.329999923706055,20.65999984741211,21.0,32541100
2021-02-05,21.309999465942383,21.75,21.1299991607666,21.389999389648438,29887300
2021-02-08,21.610000610351562,21.809999465942383,21.25,21.600000381469727,22166600
2021-02-09,21.049999237060547,21.420000076293945,20.68000030517578,21.420000076293945,26144100
2021-02-10,20.93000030517578,21.649999618530273,20.8700008392334,21.149999618530273,27930900
2021-02-11,20.719999313354492,21.1299991607666,20.459999084472656,20.899999618530273,22698400
2021-02-12,20.600000381469727,20.829999923706055,20.049999237060547,20.100000381469727,25063700
2021-02-16,22.469999313354492,22.559999465942383,20.959999084472656,21.15999984741211,55038100
2021-02-17,23.200000762939453,24.059999465942383,21.8799991607666,22.280000686645508,59742500
2021-02-18,22.889999389648438,23.149999618530273,22.3799991607666,22.969999313354492,26606400
2021-02-19,24.59000015258789,24.719999313354492,23.479999542236328,23.6200008392334,52483300
2021-02-22,25.969999313354492,27.329999923706055,24.649999618530273,25.139999389648438,87361900
2021-02-23,26.459999084472656,26.729999542236328,23.459999084472656,25.079999923706055,115819500
2021-02-24,27.010000228881836,28.18000030517578,26.729999542236328,27.09000015258789,92985300
2021-02-25,25.469999313354492,28.239999771118164,25.06999969482422,27.90999984741211,71020500
2021-02-26,26.75,26.860000610351562,25.270000457763672,25.889999389648438,58092900
2021-03-01,26.309999465942383,27.920000076293945,26.020000457763672,27.549999237060547,59643100
2021-03-02,27.59000015258789,27.850000381469727,26.540000915527344,26.90999984741211,49295000
2021-03-03,28.670000076293945,29.59000015258789,28.18000030517578,28.450000762939453,71576000
2021-03-04,27.399999618530273,29.43000030517578,26.229999542236328,29.09000015258789,74016500
2021-03-05,26.09000015258789,27.15999984741211,23.260000228881836,27.110000610351562,83747400
2021-03-08,26.690000534057617,27.270000457763672,25.799999237060547,27.040000915527344,48007700
2021-03-09,27.579999923706055,27.850000381469727,25.799999237060547,26.989999771118164,42549100
2021-03-10,26.700000762939453,28.420000076293945,26.670000076293945,27.399999618530273,41997600
2021-03-11,27.469999313354492,27.770000457763672,26.479999542236328,27.020000457763672,33297300
2021-03-12,28.459999084472656,28.5,27.290000915527344,27.3799991607666,32490600
2021-03-15,29.790000915527344,30.1200008392334,28.899999618530273,28.979999542236328,53480800
2021-03-16,28.25,29.979999542236328,27.850000381469727,29.950000762939453,51042700
2021-03-17,28.93000030517578,28.950000762939453,27.81999969482422,28.149999618530273,30463300
2021-03-18,28.270000457763672,29.739999771118164,28.020000457763672,29.489999771118164,46998200
2021-03-19,28.959999084472656,29.09000015258789,27.1299991607666,28.479999542236328,41506400
2021-03-22,27.479999542236328,28.469999313354492,27.350000381469727,28.309999465942383,33792000
2021-03-23,25.329999923706055,27.34000015258789,25.18000030517578,27.0,51242200
2021-03-24,24.850000381469727,27.3700008392334,24.149999618530273,26.25,72339100
2021-03-25,25.850000381469727,26.040000915527344,23.719999313354492,23.90999984741211,47085000
2021-03-26,26.059999465942383,26.510000228881836,25.209999084472656,26.25,28542000
2021-03-29,25.6299991607666,26.139999389648438,25.25,26.049999237060547,19988900
2021-03-30,26.649999618530273,26.829999923706055,25.65999984741211,25.700000762939453,23735600
2021-03-31,26.540000915527344,26.799999237060547,25.90999984741211,26.579999923706055,21560400
2021-04-01,26.860000610351562,27.100000381469727,26.530000686645508,26.989999771118164,19640300
2021-04-05,28.110000610351562,28.729999542236328,27.690000534057617,27.799999237060547,40105700
2021-04-06,28.600000381469727,29.09000015258789,27.850000381469727,28.170000076293945,35528100
2021-04-07,29.0,30.6299991607666,28.8700008392334,29.420000076293945,70953700
2021-04-08,28.559999465942383,29.1299991607666,27.81999969482422,29.1299991607666,37870800
2021-04-09,29.299999237060547,29.579999923706055,28.489999771118164,28.799999237060547,36287700
2021-04-12,27.75,29.079999923706055,27.479999542236328,28.899999618530273,39161600
2021-04-13,27.81999969482422,27.940000534057617,26.729999542236328,27.110000610351562,27690600
2021-04-14,27.940000534057617,28.75,27.850000381469727,28.010000228881836,23267500
2021-04-15,27.31999969482422,28.200000762939453,27.1200008392334,28.18000030517578,24024400
2021-04-16,27.030000686645508,27.790000915527344,26.81999969482422,27.530000686645508,22092400
2021-04-19,26.889999389648438,27.270000457763672,26.389999389648438,27.100000381469727,22214500
2021-04-20,25.719999313354492,26.510000228881836,25.1200008392334,26.479999542236328,31217000
2021-04-21,27.329999923706055,27.350000381469727,25.25,25.649999618530273,31354100
2021-04-22,26.90999984741211,27.899999618530273,26.770000457763672,26.969999313354492,29698400
2021-04-23,27.270000457763672,27.40999984741211,26.56999969482422,27.0,19297600
2021-04-26,27.549999237060547,28.5,27.309999465942383,27.81999969482422,20033500
2021-04-27,27.809999465942383,27.8799991607666,27.139999389648438,27.59000015258789,18145200
2021-04-28,27.799999237060547,28.270000457763672,27.56999969482422,27.700000762939453,17273000
2021-04-29,27.209999084472656,29.139999389648438,27.1299991607666,28.790000915527344,40714900
2021-04-30,27.959999084472656,28.010000228881836,26.8700008392334,27.0,21653500
2021-05-03,27.93000030517578,28.360000610351562,27.530000686645508,28.020000457763672,21866600
2021-05-04,26.68000030517578,27.559999465942383,26.200000762939453,27.479999542236328,33649300
2021-05-05,26.520000457763672,27.309999465942383,26.3700008392334,26.81999969482422,25678100
2021-05-06,25.950000762939453,26.829999923706055,25.520000457763672,26.479999542236328,25871400
2021-05-07,26.760000228881836,26.860000610351562,25.8799991607666,25.989999771118164,20185500
2021-05-10,26.270000457763672,26.829999923706055,26.229999542236328,26.829999923706055,18093900
2021-05-11,25.8799991607666,26.1200008392334,25.09000015258789,25.329999923706055,28145500
2021-05-12,24.780000686645508,25.84000015258789,24.68000030517578,25.5,24001500
2021-05-13,25.1200008392334,25.600000381469727,24.290000915527344,24.959999084472656,28167000
2021-05-14,27.200000762939453,27.260000228881836,25.510000228881836,25.530000686645508,35569900
2021-05-17,27.520000457763672,27.600000381469727,26.790000915527344,27.299999237060547,29753400
2021-05-18,28.0,28.6200008392334,27.420000076293945,27.649999618530273,33424800
2021-05-19,27.68000030517578,27.799999237060547,26.739999771118164,27.010000228881836,26292100
2021-05-20,27.530000686645508,27.68000030517578,26.959999084472656,27.649999618530273,24022300
2021-05-21,27.170000076293945,28.040000915527344,27.15999984741211,27.889999389648438,20551500
2021-05-24,27.899999618530273,28.149999618530273,26.899999618530273,27.3799991607666,26473300
2021-05-25,28.579999923706055,29.3700008392334,28.229999542236328,28.25,38680700
2021-05-26,29.3700008392334,29.420000076293945,28.6299991607666,28.84000015258789,24530200
2021-05-27,30.0,30.0,29.219999313354492,29.56999969482422,30294500
2021-05-28,29.559999465942383,30.06999969482422,29.40999984741211,29.959999084472656,25635800
2021-06-01,30.149999618530273,30.75,29.90999984741211,30.190000534057617,36826700
2021-06-02,31.309999465942383,31.5,29.93000030517578,30.309999465942383,36078200
2021-06-03,30.670000076293945,31.299999237060547,30.350000381469727,31.139999389648438,24269800
2021-06-04,30.540000915527344,31.110000610351562,30.25,30.920000076293945,19384100
2021-06-07,30.889999389648438,31.459999084472656,30.649999618530273,30.75,24165700
2021-06-08,31.079999923706055,31.520000457763672,30.610000610351562,31.110000610351562,25061900
2021-06-09,30.450000762939453,31.350000381469727,30.43000030517578,31.299999237060547,18447300
2021-06-10,29.829999923706055,30.770000457763672,29.40999984741211,30.639999389648438,30486500
2021-06-11,29.93000030517578,30.040000915527344,29.290000915527344,29.5,20215000
2021-06-14,28.75,29.979999542236328,28.6299991607666,29.8700008392334,24538300
2021-06-15,28.610000610351562,29.389999389648438,28.40999984741211,28.81999969482422,19070900
2021-06-16,29.280000686645508,29.489999771118164,28.690000534057617,28.979999542236328,25453900
2021-06-17,28.420000076293945,29.719999313354492,28.40999984741211,29.200000762939453,26049300
2021-06-18,28.18000030517578,28.520000457763672,27.729999542236328,28.1200008392334,26749900
2021-06-21,28.670000076293945,28.700000762939453,27.90999984741211,28.299999237060547,21897600
2021-06-22,28.059999465942383,28.690000534057617,27.799999237060547,28.649999618530273,18403400
2021-06-23,28.149999618530273,28.489999771118164,28.020000457763672,28.110000610351562,17916700
2021-06-24,27.459999084472656,28.540000915527344,27.389999389648438,28.1299991607666,31193600
2021-06-25,28.1299991607666,28.229999542236328,27.520000457763672,27.530000686645508,31580700
2021-06-28,26.149999618530273,27.530000686645508,26.0,27.420000076293945,63786300
2021-06-29,25.780000686645508,26.489999771118164,25.760000228881836,26.15999984741211,33185800
2021-06-30,26.360000610351562,26.479999542236328,25.690000534057617,25.790000915527344,22820200
2021-07-01,26.360000610351562,26.850000381469727,26.1200008392334,26.59000015258789,19363500
2021-07-02,26.059999465942383,26.299999237060547,25.700000762939453,26.260000228881836,20454000
2021-07-06,25.020000457763672,26.280000686645508,24.93000030517578,26.079999923706055,30647200
2021-07-07,24.079999923706055,25.290000915527344,23.8700008392334,24.860000610351562,36383500
2021-07-08,23.719999313354492,24.15999984741211,22.84000015258789,23.139999389648438,37066500
2021-07-09,24.260000228881836,24.34000015258789,23.6200008392334,24.06999969482422,23124400
2021-07-12,23.860000610351562,24.010000228881836,23.559999465942383,23.969999313354492,23022800
2021-07-13,22.850000381469727,23.559999465942383,22.81999969482422,23.559999465942383,27175500
2021-07-14,22.579999923706055,23.360000610351562,22.479999542236328,23.010000228881836,26614200
2021-07-15,21.950000762939453,22.459999084472656,21.3700008392334,22.299999237060547,43232200
2021-07-16,20.920000076293945,22.360000610351562,20.799999237060547,22.260000228881836,41516000
2021-07-19,19.719999313354492,20.299999237060547,19.190000534057617,19.719999313354492,85011700
2021-07-20,21.190000534057617,21.3799991607666,19.6200008392334,19.920000076293945,68222400
2021-07-21,23.190000534057617,23.360000610351562,21.670000076293945,21.739999771118164,76771400
2021-07-22,22.709999084472656,22.8799991607666,22.190000534057617,22.760000228881836,40877000
2021-07-23,21.959999084472656,22.799999237060547,21.889999389648438,22.709999084472656,32632400
2021-07-26,23.15999984741211,23.200000762939453,21.709999084472656,21.75,37050500
2021-07-27,22.799999237060547,23.329999923706055,22.489999771118164,22.950000762939453,26484800
2021-07-28,22.81999969482422,23.389999389648438,22.200000762939453,23.190000534057617,27108200
2021-07-29,22.709999084472656,23.34000015258789,22.700000762939453,23.079999923706055,26426800
2021-07-30,21.649999618530273,22.68000030517578,21.489999771118164,22.219999313354492,36760800
2021-08-02,21.459999084472656,22.559999465942383,21.360000610351562,21.829999923706055,34093900
2021-08-03,21.43000030517578,21.600000381469727,20.520000457763672,21.56999969482422,33254000
2021-08-04,21.040000915527344,21.690000534057617,20.81999969482422,21.06999969482422,33239400
2021-08-05,22.549999237060547,22.649999618530273,21.139999389648438,21.15999984741211,32938000
2021-08-06,23.079999923706055,23.100000381469727,22.40999984741211,22.850000381469727,30680700
2021-08-09,22.709999084472656,22.8700008392334,21.989999771118164,22.8700008392334,29949200
2021-08-10,23.649999618530273,23.850000381469727,22.719999313354492,22.81999969482422,34886200
2021-08-11,23.989999771118164,24.010000228881836,23.06999969482422,23.59000015258789,29487300
2021-08-12,23.360000610351562,23.8799991607666,22.959999084472656,23.780000686645508,29141100
2021-08-13,22.860000610351562,23.3799991607666,22.739999771118164,23.299999237060547,21235800
2021-08-16,22.790000915527344,22.93000030517578,21.940000534057617,22.43000030517578,25770200
2021-08-17,22.040000915527344,22.5,21.65999984741211,22.239999771118164,26331800
2021-08-18,22.479999542236328,22.979999542236328,21.68000030517578,22.020000457763672,31060700
2021-08-19,21.65999984741211,22.270000457763672,21.34000015258789,22.0,27943900
2021-08-20,21.959999084472656,22.020000457763672,21.329999923706055,21.510000228881836,22632800
2021-08-23,22.829999923706055,22.989999771118164,22.239999771118164,22.260000228881836,23992000
2021-08-24,23.84000015258789,24.06999969482422,23.200000762939453,23.239999771118164,32814300
2021-08-25,24.110000610351562,24.31999969482422,23.40999984741211,23.979999542236328,30576000
2021-08-26,23.469999313354492,24.31999969482422,23.239999771118164,23.829999923706055,28762800
2021-08-27,24.350000381469727,24.56999969482422,23.540000915527344,23.56999969482422,36693800
2021-08-30,23.6299991607666,24.639999389648438,23.600000381469727,24.6299991607666,27629300
2021-08-31,24.139999389648438,24.190000534057617,23.5,23.530000686645508,28512600
2021-09-01,23.510000228881836,24.420000076293945,23.309999465942383,24.219999313354492,31875000
2021-09-02,24.020000457763672,24.469999313354492,23.1200008392334,23.579999923706055,36546600
2021-09-03,22.959999084472656,24.149999618530273,22.639999389648438,23.920000076293945,44194500
2021-09-07,23.559999465942383,23.600000381469727,22.559999465942383,22.700000762939453,33580100
2021-09-08,22.780000686645508,23.809999465942383,22.760000228881836,23.56999969482422,24700600
2021-09-09,23.280000686645508,23.719999313354492,22.6200008392334,22.770000457763672,27193100
2021-09-10,22.75,23.5,22.719999313354492,23.399999618530273,25471400
2021-09-13,23.309999465942383,23.479999542236328,22.239999771118164,23.030000686645508,36359500
2021-09-14,22.860000610351562,23.5,22.700000762939453,23.200000762939453,24577500
2021-09-15,23.170000076293945,23.18000030517578,22.360000610351562,22.75,21566100
2021-09-16,23.09000015258789,23.43000030517578,22.920000076293945,23.110000610351562,19305700
2021-09-17,23.549999237060547,23.84000015258789,23.139999389648438,23.209999084472656,33586000
2021-09-20,23.239999771118164,23.399999618530273,22.6200008392334,23.18000030517578,32162300
2021-09-21,22.959999084472656,23.690000534057617,22.860000610351562,23.43000030517578,25614500
2021-09-22,23.610000610351562,23.93000030517578,23.170000076293945,23.170000076293945,32222300
2021-09-23,24.690000534057617,25.059999465942383,23.899999618530273,24.010000228881836,48872400
2021-09-24,25.440000534057617,25.950000762939453,24.600000381469727,24.799999237060547,48644500
2021-09-27,26.3799991607666,27.389999389648438,25.920000076293945,25.959999084472656,58020600
2021-09-28,26.170000076293945,26.989999771118164,26.110000610351562,26.440000534057617,34642300
2021-09-29,25.520000457763672,26.489999771118164,25.479999542236328,26.459999084472656,27404000
2021-09-30,25.010000228881836,25.510000228881836,24.729999542236328,25.440000534057617,28685100
2021-10-01,26.09000015258789,26.56999969482422,25.670000076293945,26.06999969482422,36843200
2021-10-04,25.34000015258789,26.420000076293945,25.239999771118164,26.200000762939453,33448100
2021-10-05,25.420000076293945,26.010000228881836,25.270000457763672,25.530000686645508,26161500
2021-10-06,24.899999618530273,25.139999389648438,24.360000610351562,25.020000457763672,36943300
2021-10-07,24.489999771118164,25.280000686645508,24.399999618530273,25.219999313354492,26234900
2021-10-08,23.829999923706055,24.700000762939453,23.760000228881836,24.540000915527344,32061800
2021-10-11,23.8799991607666,24.440000534057617,23.420000076293945,23.709999084472656,26631100
2021-10-12,24.329999923706055,24.3700008392334,23.809999465942383,23.940000534057617,25818400
2021-10-13,23.649999618530273,24.399999618530273,23.610000610351562,24.399999618530273,28606200
2021-10-14,23.729999542236328,24.0,23.579999923706055,23.940000534057617,19413900
2021-10-15,23.670000076293945,24.420000076293945,23.6299991607666,24.059999465942383,22362900
2021-10-18,23.1299991607666,23.600000381469727,22.81999969482422,23.450000762939453,37062300
2021-10-19,22.34000015258789,23.059999465942383,22.270000457763672,23.059999465942383,50814000
2021-10-20,22.440000534057617,22.770000457763672,22.139999389648438,22.360000610351562,27014600
2021-10-21,22.329999923706055,22.899999618530273,22.219999313354492,22.510000228881836,26812500
2021-10-22,22.290000915527344,22.34000015258789,21.850000381469727,22.200000762939453,29155700
2021-10-25,22.049999237060547,22.170000076293945,21.719999313354492,21.790000915527344,26140400
2021-10-26,21.81999969482422,22.469999313354492,21.65999984741211,22.170000076293945,25617900
2021-10-27,21.639999389648438,22.0,21.610000610351562,21.899999618530273,20827900
2021-10-28,21.969999313354492,22.079999923706055,21.309999465942383,21.639999389648438,23048700
2021-10-29,22.15999984741211,22.469999313354492,21.770000457763672,21.8799991607666,26720300
2021-11-01,23.06999969482422,23.100000381469727,22.010000228881836,22.299999237060547,27315500
2021-11-02,22.90999984741211,23.06999969482422,22.549999237060547,22.979999542236328,21579400
2021-11-03,23.170000076293945,23.329999923706055,22.56999969482422,22.709999084472656,23001300
2021-11-04,22.8799991607666,23.489999771118164,22.729999542236328,23.329999923706055,20186900
2021-11-05,24.790000915527344,25.290000915527344,24.100000381469727,24.399999618530273,67588300
2021-11-08,24.59000015258789,25.06999969482422,24.450000762939453,24.889999389648438,33083000
2021-11-09,24.170000076293945,24.540000915527344,23.709999084472656,24.5,22673500
2021-11-10,23.489999771118164,24.34000015258789,23.309999465942383,23.729999542236328,21338300
2021-11-11,23.020000457763672,23.6299991607666,22.969999313354492,23.34000015258789,19703700
2021-11-12,22.360000610351562,22.950000762939453,22.059999465942383,22.950000762939453,37320300
2021-11-15,22.299999237060547,22.719999313354492,22.139999389648438,22.510000228881836,22519600
2021-11-16,21.59000015258789,22.139999389648438,21.329999923706055,22.139999389648438,40285700
2021-11-17,21.329999923706055,21.850000381469727,20.979999542236328,21.670000076293945,30081600
2021-11-18,20.950000762939453,21.579999923706055,20.56999969482422,21.450000762939453,26850800
2021-11-19,20.489999771118164,20.899999618530273,19.860000610351562,20.360000610351562,49148700
2021-11-22,20.329999923706055,20.90999984741211,20.149999618530273,20.5,29802700
2021-11-23,20.149999618530273,20.829999923706055,20.010000228881836,20.540000915527344,26273500
2021-11-24,20.15999984741211,20.649999618530273,19.760000228881836,19.959999084472656,30483200
2021-11-26,17.950000762939453,18.280000686645508,17.200000762939453,18.06999969482422,84158400
2021-11-29,18.15999984741211,19.239999771118164,17.690000534057617,18.809999465942383,58061500
2021-11-30,17.6200008392334,17.899999618530273,17.110000610351562,17.790000915527344,60131100
2021-12-01,16.3799991607666,18.489999771118164,16.31999969482422,18.1200008392334,82486400
2021-12-02,17.889999389648438,17.989999771118164,16.350000381469727,16.729999542236328,76746800
2021-12-03,17.200000762939453,17.799999237060547,16.84000015258789,17.780000686645508,59329100
2021-12-06,18.59000015258789,19.190000534057617,17.399999618530273,17.559999465942383,78131600
2021-12-07,18.5,19.280000686645508,18.31999969482422,18.979999542236328,62779400
2021-12-08,19.520000457763672,20.040000915527344,18.540000915527344,18.700000762939453,69762100
2021-12-09,19.190000534057617,19.600000381469727,18.889999389648438,19.020000457763672,38179500
2021-12-10,19.280000686645508,19.360000610351562,18.68000030517578,19.18000030517578,33181500
2021-12-13,18.34000015258789,18.850000381469727,17.90999984741211,18.68000030517578,39686300
2021-12-14,18.149999618530273,18.84000015258789,18.010000228881836,18.020000457763672,38288200
2021-12-15,17.889999389648438,18.079999923706055,17.239999771118164,17.989999771118164,45971600
2021-12-16,17.56999969482422,18.25,17.450000762939453,18.0,45611100
2021-12-17,18.280000686645508,18.469999313354492,17.40999984741211,17.700000762939453,48588400
2021-12-20,18.899999618530273,19.290000915527344,17.610000610351562,17.670000076293945,59262500
2021-12-21,20.540000915527344,20.729999542236328,19.260000228881836,19.329999923706055,69186200
2021-12-22,21.25,21.5,20.030000686645508,20.549999237060547,62921900
2021-12-23,21.200000762939453,21.780000686645508,20.8799991607666,21.540000915527344,39191000
2021-12-27,20.950000762939453,21.1299991607666,20.030000686645508,20.34000015258789,37286800
2021-12-28,20.899999618530273,21.799999237060547,20.510000228881836,20.639999389648438,39749600
2021-12-29,20.790000915527344,20.899999618530273,20.280000686645508,20.65999984741211,30313700
2021-12-30,20.530000686645508,21.510000228881836,20.270000457763672,20.760000228881836,49120200
2021-12-31,20.1200008392334,20.770000457763672,20.020000457763672,20.510000228881836,29363700
2022-01-03,21.40999984741211,21.739999771118164,20.43000030517578,20.559999465942383,38836800
2022-01-04,21.729999542236328,22.3799991607666,21.510000228881836,22.059999465942383,44776400
2022-01-05,21.170000076293945,22.170000076293945,21.059999465942383,21.790000915527344,31833200
2022-01-06,21.06999969482422,21.989999771118164,21.020000457763672,21.6200008392334,31459900
2022-01-07,21.899999618530273,22.290000915527344,21.1200008392334,21.350000381469727,37140600
2022-01-10,21.399999618530273,22.1299991607666,20.959999084472656,22.0,32828800
2022-01-11,21.979999542236328,22.219999313354492,21.110000610351562,21.3799991607666,29608000
2022-01-12,22.309999465942383,22.459999084472656,21.799999237060547,22.18000030517578,33645000
2022-01-13,22.899999618530273,23.299999237060547,22.3700008392334,22.420000076293945,43271400
2022-01-14,22.950000762939453,22.950000762939453,22.270000457763672,22.600000381469727,28270800
2022-01-18,21.979999542236328,22.760000228881836,21.90999984741211,22.520000457763672,29779000
2022-01-19,21.219999313354492,21.959999084472656,21.18000030517578,21.93000030517578,27894500
2022-01-20,20.799999237060547,21.979999542236328,20.729999542236328,21.309999465942383,25457800
2022-01-21,19.989999771118164,20.690000534057617,19.780000686645508,20.68000030517578,41314300
2022-01-24,19.739999771118164,19.760000228881836,18.25,19.079999923706055,52166800
2022-01-25,20.200000762939453,20.399999618530273,19.09000015258789,19.25,36484500
2022-01-26,20.290000915527344,21.100000381469727,20.040000915527344,20.540000915527344,40706400
2022-01-27,19.110000610351562,20.709999084472656,18.940000534057617,20.459999084472656,42718200
2022-01-28,18.969999313354492,19.280000686645508,18.280000686645508,19.200000762939453,50152500
2022-01-31,19.809999465942383,19.8700008392334,18.149999618530273,18.780000686645508,50989300
2022-02-01,20.93000030517578,21.06999969482422,19.860000610351562,19.950000762939453,38953800
2022-02-02,20.850000381469727,21.239999771118164,20.43000030517578,20.719999313354492,30717600
2022-02-03,20.34000015258789,20.959999084472656,20.329999923706055,20.530000686645508,27585900
2022-02-04,19.959999084472656,20.239999771118164,19.559999465942383,20.020000457763672,33287000
2022-02-07,21.520000457763672,21.739999771118164,20.110000610351562,20.139999389648438,41055700
2022-02-08,22.549999237060547,22.579999923706055,21.469999313354492,21.719999313354492,41620200
2022-02-09,23.190000534057617,23.360000610351562,22.760000228881836,22.829999923706055,39322700
2022-02-10,23.1200008392334,23.860000610351562,22.600000381469727,22.8700008392334,42465600
2022-02-11,22.040000915527344,23.639999389648438,21.989999771118164,23.18000030517578,51041700
2022-02-14,21.360000610351562,22.520000457763672,21.270000457763672,22.0,36570700
2022-02-15,22.780000686645508,22.8700008392334,22.049999237060547,22.219999313354492,31683800
2022-02-16,23.309999465942383,23.639999389648438,22.6200008392334,22.780000686645508,40609500
2022-02-17,22.420000076293945,23.18000030517578,22.270000457763672,22.899999618530273,25412100
2022-02-18,22.170000076293945,22.770000457763672,21.959999084472656,22.420000076293945,29897300
2022-02-22,21.510000228881836,22.190000534057617,21.350000381469727,21.549999237060547,34908600
2022-02-23,20.209999084472656,22.0,20.190000534057617,21.8799991607666,36958200
2022-02-24,20.6299991607666,20.709999084472656,18.649999618530273,18.84000015258789,49931700
2022-02-25,21.100000381469727,21.399999618530273,20.290000915527344,20.700000762939453,34048000
2022-02-28,20.329999923706055,20.790000915527344,19.81999969482422,20.6299991607666,48343800
2022-03-01,18.860000610351562,20.030000686645508,18.610000610351562,19.969999313354492,55954900
2022-03-02,19.020000457763672,19.59000015258789,18.690000534057617,19.1200008392334,41781800
2022-03-03,18.270000457763672,19.709999084472656,18.110000610351562,19.260000228881836,40969400
2022-03-04,17.229999542236328,18.06999969482422,17.020000457763672,17.850000381469727,56989800
2022-03-07,15.529999732971191,17.479999542236328,15.520000457763672,17.299999237060547,67688600
2022-03-08,15.880000114440918,16.549999237060547,14.9399995803833,15.680000305175781,68269000
2022-03-09,17.270000457763672,17.780000686645508,16.850000381469727,16.90999984741211,58123200
2022-03-10,17.649999618530273,18.229999542236328,16.709999084472656,16.81999969482422,42701100
2022-03-11,17.209999084472656,18.0,17.18000030517578,17.93000030517578,28443500
2022-03-14,17.1200008392334,17.8799991607666,16.84000015258789,17.299999237060547,31014800
2022-03-15,18.040000915527344,18.190000534057617,17.34000015258789,17.43000030517578,40891100
2022-03-16,19.329999923706055,19.440000534057617,18.09000015258789,18.280000686645508,51372500
2022-03-17,19.149999618530273,19.15999984741211,18.219999313354492,18.719999313354492,38740600
2022-03-18,19.459999084472656,19.540000915527344,18.68000030517578,18.770000457763672,32136300
2022-03-21,18.950000762939453,19.209999084472656,18.59000015258789,19.209999084472656,32803500
2022-03-22,18.93000030517578,19.299999237060547,18.3700008392334,18.639999389648438,43514800
2022-03-23,18.299999237060547,18.899999618530273,18.239999771118164,18.709999084472656,27832900
2022-03-24,18.489999771118164,18.520000457763672,17.829999923706055,18.309999465942383,31280500
2022-03-25,18.389999389648438,18.75,18.229999542236328,18.440000534057617,25947400
2022-03-28,19.399999618530273,19.43000030517578,18.520000457763672,18.59000015258789,32494500
2022-03-29,19.93000030517578,20.399999618530273,19.670000076293945,19.959999084472656,40091600
2022-03-30,19.600000381469727,19.920000076293945,19.450000762939453,19.579999923706055,24681700
2022-03-31,20.219999313354492,20.540000915527344,19.510000228881836,19.6299991607666,42409900
2022-04-01,20.049999237060547,20.459999084472656,19.68000030517578,20.350000381469727,27871800
2022-04-04,19.739999771118164,19.940000534057617,19.350000381469727,19.920000076293945,25523400
2022-04-05,20.219999313354492,21.5,20.139999389648438,20.690000534057617,68213000
2022-04-06,18.93000030517578,19.889999389648438,18.860000610351562,19.829999923706055,44802800
2022-04-07,18.739999771118164,18.920000076293945,18.059999465942383,18.889999389648438,42475400
2022-04-08,18.34000015258789,18.729999542236328,18.040000915527344,18.600000381469727,28731700
2022-04-11,18.540000915527344,19.020000457763672,17.989999771118164,18.1299991607666,27851900
2022-04-12,18.510000228881836,18.950000762939453,18.360000610351562,18.770000457763672,23404200
2022-04-13,19.510000228881836,19.639999389648438,18.780000686645508,18.799999237060547,35391100
2022-04-14,19.559999465942383,20.09000015258789,19.450000762939453,19.709999084472656,25316700
2022-04-18,19.040000915527344,19.59000015258789,18.969999313354492,19.440000534057617,18700700
2022-04-19,19.90999984741211,20.079999923706055,19.110000610351562,19.110000610351562,28760200
2022-04-20,19.6200008392334,20.329999923706055,19.6200008392334,19.959999084472656,21267000
2022-04-21,19.510000228881836,20.6299991607666,19.389999389648438,20.479999542236328,37800100
2022-04-22,18.84000015258789,19.68000030517578,18.75,19.469999313354492,25671500
2022-04-25,18.8799991607666,18.889999389648438,18.34000015258789,18.729999542236328,27164700
2022-04-26,17.5,18.8799991607666,17.43000030517578,18.84000015258789,44476200
2022-04-27,17.40999984741211,17.899999618530273,17.149999618530273,17.600000381469727,35893100
2022-04-28,17.829999923706055,18.0,17.1200008392334,17.729999542236328,30952100
2022-04-29,17.299999237060547,18.200000762939453,17.239999771118164,17.760000228881836,22197100
2022-05-02,17.350000381469727,17.479999542236328,16.729999542236328,17.309999465942383,34360800
2022-05-03,17.489999771118164,17.829999923706055,17.110000610351562,17.6299991607666,28177600
2022-05-04,17.729999542236328,17.729999542236328,16.690000534057617,17.420000076293945,37917900
2022-05-05,16.540000915527344,17.540000915527344,16.360000610351562,17.299999237060547,44517800
2022-05-06,15.920000076293945,16.559999465942383,15.59000015258789,16.420000076293945,43828900
2022-05-09,14.140000343322754,15.619999885559082,14.050000190734863,15.550000190734863,55563200
2022-05-10,14.1899995803833,15.029999732971191,13.819999694824219,14.8100004196167,46996200
2022-05-11,13.550000190734863,14.739999771118164,13.520000457763672,14.25,40917100
2022-05-12,13.260000228881836,13.859999656677246,12.720000267028809,13.260000228881836,53708800
2022-05-13,14.279999732971191,14.5,13.550000190734863,13.550000190734863,40862000
2022-05-16,14.09000015258789,14.529999732971191,14.029999732971191,14.270000457763672,29771800
2022-05-17,14.869999885559082,14.960000038146973,14.319999694824219,14.510000228881836,29133500
2022-05-18,13.84000015258789,14.829999923706055,13.699999809265137,14.609999656677246,36536400
2022-05-19,13.579999923706055,13.9399995803833,13.489999771118164,13.670000076293945,37716400
2022-05-20,13.130000114440918,13.960000038146973,12.699999809265137,13.8100004196167,45620600
2022-05-23,13.109999656677246,13.1899995803833,12.539999961853027,13.119999885559082,41410400
2022-05-24,11.760000228881836,12.869999885559082,11.5600004196167,12.84000015258789,63216500
2022-05-25,12.180000305175781,12.3100004196167,11.609999656677246,11.649999618530273,38049800
2022-05-26,13.210000038146973,13.470000267028809,12.300000190734863,12.300000190734863,49498400
2022-05-27,13.970000267028809,13.970000267028809,13.329999923706055,13.350000381469727,35625500
2022-05-31,13.880000114440918,14.170000076293945,13.720000267028809,13.859999656677246,38118300
2022-06-01,13.470000267028809,14.199999809265137,13.149999618530273,14.039999961853027,33402900
2022-06-02,14.0600004196167,14.0600004196167,13.390000343322754,13.489999771118164,34067200
2022-06-03,13.510000228881836,13.890000343322754,13.34000015258789,13.649999618530273,27169400
2022-06-06,13.609999656677246,13.800000190734863,13.34000015258789,13.670000076293945,26843100
2022-06-07,13.779999732971191,13.8100004196167,13.210000038146973,13.300000190734863,23383200
2022-06-08,12.930000305175781,13.5600004196167,12.920000076293945,13.350000381469727,43179100
2022-06-09,11.729999542236328,12.850000381469727,11.729999542236328,12.819999694824219,63169100
2022-06-10,11.050000190734863,12.069999694824219,11.039999961853027,11.5600004196167,67279900
2022-06-13,9.90999984741211,10.539999961853027,9.770000457763672,10.529999732971191,71269000
2022-06-14,9.520000457763672,10.170000076293945,9.40999984741211,10.010000228881836,59250200
2022-06-15,9.84000015258789,10.020000457763672,9.510000228881836,9.640000343322754,67274100
2022-06-16,8.75,9.489999771118164,8.699999809265137,9.430000305175781,76859100
2022-06-17,9.600000381469727,9.640000343322754,8.75,8.90999984741211,69584400
2022-06-21,9.569999694824219,9.789999961853027,9.430000305175781,9.6899995803833,49067200
2022-06-22,9.619999885559082,9.829999923706055,9.279999732971191,9.359999656677246,38634600
2022-06-23,9.649999618530273,9.739999771118164,9.220000267028809,9.619999885559082,48309600
2022-06-24,10.850000381469727,10.880000114440918,9.479999542236328,9.720000267028809,85277300
2022-06-27,10.550000190734863,10.8100004196167,10.180000305175781,10.729999542236328,52876800
2022-06-28,10.329999923706055,11.050000190734863,10.3100004196167,10.489999771118164,46295200
2022-06-29,8.869999885559082,9.600000381469727,8.65999984741211,9.489999771118164,109730900
2022-06-30,8.649999618530273,8.8100004196167,8.100000381469727,8.65999984741211,74706500
2022-07-01,8.819999694824219,8.970000267028809,8.529999732971191,8.609999656677246,51985500
2022-07-05,9.380000114440918,9.40999984741211,8.149999618530273,8.539999961853027,69309900
2022-07-06,8.739999771118164,9.529999732971191,8.699999809265137,9.25,52642200
2022-07-07,9.329999923706055,9.449999809265137,8.930000305175781,8.949999809265137,46116100
2022-07-08,9.010000228881836,9.430000305175781,8.9399995803833,9.210000038146973,45688300
2022-07-11,8.489999771118164,8.970000267028809,8.460000038146973,8.960000038146973,40155700
2022-07-12,9.130000114440918,9.270000457763672,8.430000305175781,8.479999542236328,65626100
2022-07-13,9.0,9.130000114440918,8.649999618530273,8.729999542236328,41433700
2022-07-14,8.710000038146973,9.0,8.649999618530273,8.819999694824219,40652900
2022-07-15,9.180000305175781,9.1899995803833,8.710000038146973,8.880000114440918,44346700
2022-07-18,9.649999618530273,10.119999885559082,9.430000305175781,9.430000305175781,66343700
2022-07-19,10.359999656677246,10.40999984741211,9.989999771118164,10.020000457763672,60355900
2022-07-20,11.09000015258789,11.100000381469727,10.279999732971191,10.34000015258789,69920800
2022-07-21,9.850000381469727,9.899999618530273,9.420000076293945,9.670000076293945,144225000
2022-07-22,9.260000228881836,9.989999771118164,9.149999618530273,9.899999618530273,100507900
2022-07-25,9.180000305175781,9.289999961853027,8.84000015258789,9.260000228881836,54848200
2022-07-26,8.5,9.100000381469727,8.460000038146973,9.069999694824219,68820200
2022-07-27,8.850000381469727,8.890000343322754,8.470000267028809,8.789999961853027,66105600
2022-07-28,9.100000381469727,9.380000114440918,8.569999694824219,8.970000267028809,58406700
2022-07-29,9.0600004196167,9.180000305175781,8.770000457763672,9.010000228881836,40901800
2022-08-01,8.920000076293945,8.979999542236328,8.569999694824219,8.899999618530273,54740900
2022-08-02,9.350000381469727,9.640000343322754,8.670000076293945,8.770000457763672,56616000
2022-08-03,9.789999961853027,9.8100004196167,9.470000267028809,9.5,45506500
2022-08-04,9.75,9.9399995803833,9.600000381469727,9.770000457763672,40094000
2022-08-05,9.819999694824219,10.050000190734863,9.479999542236328,9.529999732971191,42444200
2022-08-08,10.010000228881836,10.489999771118164,9.779999732971191,10.039999961853027,67345200
2022-08-09,9.470000267028809,9.760000228881836,9.260000228881836,9.710000038146973,51552800
2022-08-10,10.34000015258789,10.609999656677246,9.819999694824219,9.890000343322754,71504000
2022-08-11,10.539999961853027,10.949999809265137,10.4399995803833,10.84000015258789,50079000
2022-08-12,10.720000267028809,10.789999961853027,10.449999809265137,10.710000038146973,39632900
2022-08-15,10.710000038146973,10.789999961853027,10.420000076293945,10.5600004196167,34057500
2022-08-16,11.1899995803833,11.380000114440918,10.40999984741211,10.630000114440918,59639300
2022-08-17,10.5600004196167,10.970000267028809,10.399999618530273,10.970000267028809,53063700
2022-08-18,10.449999809265137,10.569999694824219,10.199999809265137,10.5600004196167,47229500
2022-08-19,9.869999885559082,10.239999771118164,9.699999809265137,10.140000343322754,50379400
2022-08-22,9.390000343322754,9.630000114440918,9.350000381469727,9.539999961853027,35610400
2022-08-23,9.539999961853027,9.739999771118164,9.449999809265137,9.479999542236328,37301800
2022-08-24,10.050000190734863,10.949999809265137,9.489999771118164,9.510000228881836,37870300
2022-08-25,10.539999961853027,10.6899995803833,10.210000038146973,10.239999771118164,47824200
2022-08-26,9.970000267028809,10.859999656677246,9.970000267028809,10.619999885559082,46325500
2022-08-29,9.829999923706055,10.039999961853027,9.640000343322754,9.760000228881836,31611600
2022-08-30,9.770000457763672,10.329999923706055,9.569999694824219,10.069999694824219,41537700
2022-08-31,9.460000038146973,9.960000038146973,9.449999809265137,9.90999984741211,43196800
2022-09-01,9.350000381469727,9.359999656677246,8.9399995803833,9.289999961853027,43701600
2022-09-02,9.369999885559082,9.710000038146973,9.270000457763672,9.59000015258789,39677800
2022-09-06,9.4399995803833,9.720000267028809,9.149999618530273,9.550000190734863,35375100
2022-09-07,9.819999694824219,9.869999885559082,9.390000343322754,9.390000343322754,38557200
2022-09-08,10.079999923706055,10.100000381469727,9.539999961853027,9.569999694824219,41765200
2022-09-09,10.399999618530273,10.520000457763672,10.210000038146973,10.229999542236328,47276400
2022-09-12,10.600000381469727,10.789999961853027,10.399999618530273,10.539999961853027,34324800
2022-09-13,10.239999771118164,10.460000038146973,9.960000038146973,10.069999694824219,41934000
2022-09-14,10.569999694824219,10.59000015258789,9.930000305175781,10.140000343322754,38845700
2022-09-15,10.920000076293945,11.1899995803833,10.449999809265137,10.460000038146973,59124100
2022-09-16,10.760000228881836,10.8100004196167,10.460000038146973,10.710000038146973,47810800
2022-09-19,10.779999732971191,11.140000343322754,10.619999885559082,10.65999984741211,37564600
2022-09-20,10.420000076293945,10.989999771118164,10.399999618530273,10.880000114440918,47008400
2022-09-21,9.710000038146973,10.359999656677246,9.699999809265137,10.319999694824219,67793100
2022-09-22,9.640000343322754,9.930000305175781,9.399999618530273,9.739999771118164,62079500
2022-09-23,8.949999809265137,9.34000015258789,8.739999771118164,9.229999542236328,79394400
2022-09-26,8.899999618530273,9.359999656677246,8.880000114440918,8.989999771118164,56042300
2022-09-27,9.220000267028809,9.550000190734863,9.020000457763672,9.199999809265137,64007800
2022-09-28,9.829999923706055,9.850000381469727,9.130000114440918,9.199999809265137,65649300
2022-09-29,9.15999984741211,9.65999984741211,9.020000457763672,9.609999656677246,57340600
2022-09-30,7.03000020980835,8.510000228881836,7.010000228881836,8.449999809265137,237674800
2022-10-03,6.849999904632568,7.190000057220459,6.579999923706055,7.170000076293945,104262100
2022-10-04,7.760000228881836,7.820000171661377,7.079999923706055,7.099999904632568,117870500
2022-10-05,7.429999828338623,7.570000171661377,7.170000076293945,7.46999979019165,82831500
2022-10-06,6.980000019073486,7.610000133514404,6.96999979019165,7.369999885559082,86819900
2022-10-07,6.760000228881836,6.989999771118164,6.570000171661377,6.900000095367432,82260200
2022-10-10,6.380000114440918,6.820000171661377,6.150000095367432,6.730000019073486,82505700
2022-10-11,6.639999866485596,6.739999771118164,6.110000133514404,6.420000076293945,73379000
2022-10-12,7.309999942779541,7.389999866485596,6.550000190734863,6.639999866485596,97735700
2022-10-13,7.099999904632568,7.320000171661377,6.849999904632568,6.989999771118164,81275600
2022-10-14,7.130000114440918,7.429999828338623,7.010000228881836,7.269999980926514,63672500
2022-10-17,7.269999980926514,7.46999979019165,7.170000076293945,7.380000114440918,52393700
2022-10-18,8.079999923706055,8.239999771118164,7.679999828338623,7.699999809265137,116496300
2022-10-19,7.679999828338623,8.140000343322754,7.619999885559082,8.020000457763672,70897600
2022-10-20,8.0,8.289999961853027,7.710000038146973,7.71999979019165,59658500
2022-10-21,8.199999809265137,8.220000267028809,7.789999961853027,7.929999828338623,57281000
2022-10-24,8.220000267028809,8.279999732971191,7.920000076293945,8.109999656677246,51101500
2022-10-25,8.619999885559082,8.680000305175781,8.210000038146973,8.270000457763672,52082000
2022-10-26,8.670000076293945,9.130000114440918,8.569999694824219,8.59000015258789,58695700
2022-10-27,8.649999618530273,8.960000038146973,8.640000343322754,8.800000190734863,48689900
2022-10-28,8.9399995803833,8.949999809265137,8.479999542236328,8.5600004196167,42739400
2022-10-31,9.0600004196167,9.149999618530273,8.800000190734863,9.020000457763672,49289000
2022-11-01,9.050000190734863,9.489999771118164,9.039999961853027,9.390000343322754,52041000
2022-11-02,8.6899995803833,9.260000228881836,8.649999618530273,9.010000228881836,52525000
2022-11-03,8.829999923706055,9.069999694824219,8.25,8.34000015258789,63837000
2022-11-04,9.0,9.319999694824219,8.84000015258789,9.119999885559082,51717100
2022-11-07,8.760000228881836,9.079999923706055,8.569999694824219,9.069999694824219,46375900
2022-11-08,9.100000381469727,9.229999542236328,8.829999923706055,8.90999984741211,53290100
2022-11-09,8.5600004196167,9.020000457763672,8.520000457763672,9.0,41664900
2022-11-10,9.779999732971191,9.8100004196167,9.079999923706055,9.119999885559082,84559500
2022-11-11,10.350000381469727,10.449999809265137,9.760000228881836,10.170000076293945,69889400
2022-11-14,10.600000381469727,10.75,10.220000267028809,10.40999984741211,70950200
2022-11-15,11.15999984741211,11.489999771118164,10.960000038146973,10.989999771118164,106425900
2022-11-16,9.630000114440918,9.819999694824219,9.489999771118164,9.779999732971191,124544100
2022-11-17,9.510000228881836,9.569999694824219,9.149999618530273,9.369999885559082,45732600
2022-11-18,9.470000267028809,9.729999542236328,9.390000343322754,9.699999809265137,38882000
2022-11-21,9.319999694824219,9.529999732971191,9.130000114440918,9.460000038146973,38776300
2022-11-22,9.470000267028809,9.5600004196167,9.180000305175781,9.359999656677246,36685900
2022-11-23,9.729999542236328,9.779999732971191,9.390000343322754,9.489999771118164,44422600
2022-11-25,9.729999542236328,9.930000305175781,9.640000343322754,9.699999809265137,23780800
2022-11-28,9.319999694824219,9.729999542236328,9.270000457763672,9.579999923706055,32078200
2022-11-29,9.75,9.789999961853027,9.319999694824219,9.359999656677246,46085800
2022-11-30,9.930000305175781,9.9399995803833,9.40999984741211,9.8100004196167,65648500
2022-12-01,9.970000267028809,10.289999961853027,9.899999618530273,9.960000038146973,52863100
2022-12-02,10.0,10.039999961853027,9.449999809265137,9.729999542236328,48326900
2022-12-05,9.680000305175781,10.270000457763672,9.630000114440918,9.890000343322754,52424100
2022-12-06,9.300000190734863,9.760000228881836,9.170000076293945,9.699999809265137,50508400
2022-12-07,8.890000343322754,9.350000381469727,8.859999656677246,9.220000267028809,52196200
2022-12-08,9.029999732971191,9.239999771118164,8.9399995803833,9.0,37881700
2022-12-09,8.869999885559082,9.130000114440918,8.850000381469727,9.020000457763672,37684100
2022-12-12,9.010000228881836,9.010000228881836,8.569999694824219,8.770000457763672,44353700
2022-12-13,8.90999984741211,9.670000076293945,8.720000267028809,9.600000381469727,62156900
2022-12-14,8.930000305175781,9.109999656677246,8.710000038146973,8.880000114440918,57877700
2022-12-15,8.630000114440918,8.949999809265137,8.470000267028809,8.720000267028809,52117200
2022-12-16,8.449999809265137,8.699999809265137,8.350000381469727,8.489999771118164,43358200
2022-12-19,8.09000015258789,8.489999771118164,8.020000457763672,8.479999542236328,41998400
2022-12-20,8.100000381469727,8.270000457763672,7.929999828338623,7.949999809265137,49501000
2022-12-21,8.479999542236328,8.789999961853027,7.78000020980835,7.880000114440918,77709700
2022-12-22,7.880000114440918,8.5,7.630000114440918,8.470000267028809,64849100
2022-12-23,7.809999942779541,7.940000057220459,7.53000020980835,7.860000133514404,39623700
2022-12-27,7.670000076293945,7.900000095367432,7.550000190734863,7.78000020980835,37674800
2022-12-28,7.670000076293945,7.909999847412109,7.630000114440918,7.710000038146973,34112400
2022-12-29,8.079999923706055,8.100000381469727,7.699999809265137,7.730000019073486,38092700
2022-12-30,8.0600004196167,8.220000267028809,7.929999828338623,7.980000019073486,30690600
2023-01-03,7.96999979019165,8.319999694824219,7.920000076293945,8.239999771118164,33965200
2023-01-04,8.739999771118164,8.760000228881836,7.980000019073486,8.069999694824219,52046600
2023-01-05,8.949999809265137,8.989999771118164,8.470000267028809,8.569999694824219,35689900
2023-01-06,9.199999809265137,9.229999542236328,8.829999923706055,9.0,40099600
2023-01-09,9.470000267028809,9.640000343322754,9.210000038146973,9.260000228881836,44454500
2023-01-10,9.680000305175781,9.710000038146973,9.260000228881836,9.420000076293945,38995500
2023-01-11,9.859999656677246,9.899999618530273,9.65999984741211,9.75,33668900
2023-01-12,10.279999732971191,10.289999961853027,9.859999656677246,10.0600004196167,48425800
2023-01-13,10.510000228881836,10.609999656677246,10.140000343322754,10.149999618530273,41626900
2023-01-17,10.880000114440918,10.9399995803833,10.430000305175781,10.609999656677246,48197800
2023-01-18,10.430000305175781,11.170000076293945,10.34000015258789,11.09000015258789,57513800
2023-01-19,10.119999885559082,10.239999771118164,9.920000076293945,10.130000114440918,44119300
2023-01-20,10.470000267028809,10.619999885559082,10.15999984741211,10.279999732971191,39941600
2023-01-23,10.720000267028809,10.829999923706055,10.529999732971191,10.640000343322754,34611400
2023-01-24,10.680000305175781,10.960000038146973,10.399999618530273,10.720000267028809,33317400
2023-01-25,10.880000114440918,10.899999618530273,10.380000114440918,10.489999771118164,29042400
2023-01-26,10.630000114440918,11.09000015258789,10.569999694824219,11.0,32096200
2023-01-27,11.020000457763672,11.25,10.760000228881836,10.779999732971191,50631600
2023-01-30,10.640000343322754,11.220000267028809,10.609999656677246,10.829999923706055,35766600
2023-01-31,10.819999694824219,10.829999923706055,10.579999923706055,10.779999732971191,30246300
2023-02-01,11.34000015258789,11.420000076293945,10.619999885559082,10.819999694824219,47240000
2023-02-02,12.039999961853027,12.260000228881836,11.470000267028809,11.720000267028809,61194400
2023-02-03,11.800000190734863,12.149999618530273,11.680000305175781,11.789999961853027,35978400
2023-02-06,11.869999885559082,11.899999618530273,11.550000190734863,11.600000381469727,33494900
2023-02-07,12.1899995803833,12.619999885559082,11.699999809265137,12.149999618530273,70218900
2023-02-08,11.869999885559082,12.399999618530273,11.84000015258789,12.319999694824219,38275600
2023-02-09,11.529999732971191,12.130000114440918,11.359999656677246,11.949999809265137,34305000
2023-02-10,11.15999984741211,11.449999809265137,11.010000228881836,11.369999885559082,39694500
2023-02-13,11.640000343322754,11.710000038146973,11.130000114440918,11.220000267028809,28988700
2023-02-14,11.880000114440918,11.960000038146973,11.390000343322754,11.550000190734863,34073000
2023-02-15,12.1899995803833,12.210000038146973,11.630000114440918,11.819999694824219,34244000
2023-02-16,11.600000381469727,12.0,11.569999694824219,12.0,30227800
2023-02-17,11.289999961853027,11.569999694824219,11.15999984741211,11.510000228881836,31103300
2023-02-21,11.130000114440918,11.279999732971191,11.029999732971191,11.119999885559082,20923500
2023-02-22,11.039999961853027,11.34000015258789,10.880000114440918,11.069999694824219,25605800
2023-02-23,10.890000343322754,11.220000267028809,10.670000076293945,11.15999984741211,28657500
2023-02-24,10.59000015258789,10.760000228881836,10.380000114440918,10.680000305175781,32077800
2023-02-27,10.829999923706055,10.989999771118164,10.760000228881836,10.819999694824219,23336700
2023-02-28,10.619999885559082,10.699999809265137,10.25,10.5600004196167,39800000
2023-03-01,10.59000015258789,10.760000228881836,10.510000228881836,10.619999885559082,26906600
2023-03-02,10.760000228881836,10.800000190734863,10.350000381469727,10.4399995803833,22463300
2023-03-03,11.109999656677246,11.199999809265137,10.850000381469727,10.989999771118164,29919900
2023-03-06,11.069999694824219,11.529999732971191,11.069999694824219,11.1899995803833,32128800
2023-03-07,10.869999885559082,11.199999809265137,10.859999656677246,11.0600004196167,24794000
2023-03-08,10.529999732971191,10.970000267028809,10.449999809265137,10.850000381469727,29901000
2023-03-09,9.989999771118164,10.59000015258789,9.9399995803833,10.510000228881836,37505400
2023-03-10,9.6899995803833,10.069999694824219,9.520000457763672,9.960000038146973,46525200
2023-03-13,9.239999771118164,9.5600004196167,9.109999656677246,9.4399995803833,50015700
2023-03-14,9.069999694824219,9.5600004196167,9.010000228881836,9.470000267028809,45033700
2023-03-15,8.729999542236328,8.890000343322754,8.369999885559082,8.720000267028809,54438600
2023-03-16,9.029999732971191,9.15999984741211,8.489999771118164,8.550000190734863,51497900
2023-03-17,8.550000190734863,8.979999542236328,8.550000190734863,8.890000343322754,53049200
2023-03-20,8.609999656677246,8.890000343322754,8.520000457763672,8.579999923706055,45019800
2023-03-21,9.119999885559082,9.210000038146973,8.949999809265137,8.949999809265137,43641300
2023-03-22,8.989999771118164,9.460000038146973,8.970000267028809,9.149999618530273,47728500
2023-03-23,9.220000267028809,9.5600004196167,8.989999771118164,9.050000190734863,57700900
2023-03-24,9.229999542236328,9.270000457763672,8.960000038146973,9.079999923706055,45523800
2023-03-27,8.789999961853027,9.720000267028809,8.680000305175781,9.529999732971191,93540200
2023-03-28,9.329999923706055,9.479999542236328,8.9399995803833,8.9399995803833,72930100
2023-03-29,9.890000343322754,9.960000038146973,9.569999694824219,9.670000076293945,55593500
2023-03-30,10.15999984741211,10.300000190734863,10.0600004196167,10.119999885559082,46584200
2023-03-31,10.149999618530273,10.350000381469727,10.0600004196167,10.279999732971191,37314300
2023-04-03,9.970000267028809,10.069999694824219,9.819999694824219,9.979999542236328,39031900
2023-04-04,9.850000381469727,10.119999885559082,9.550000190734863,10.069999694824219,38016300
2023-04-05,9.65999984741211,9.890000343322754,9.609999656677246,9.779999732971191,25510600
2023-04-06,9.729999542236328,9.880000114440918,9.539999961853027,9.720000267028809,28095400
2023-04-10,9.869999885559082,9.890000343322754,9.5600004196167,9.600000381469727,24047400
2023-04-11,10.039999961853027,10.140000343322754,9.789999961853027,9.90999984741211,26263500
2023-04-12,9.619999885559082,10.229999542236328,9.600000381469727,10.1899995803833,34149900
2023-04-13,9.770000457763672,9.850000381469727,9.699999809265137,9.720000267028809,21807900
2023-04-14,9.600000381469727,9.869999885559082,9.550000190734863,9.819999694824219,21640200
2023-04-17,9.75,9.800000190734863,9.510000228881836,9.619999885559082,24539000
2023-04-18,9.84000015258789,9.859999656677246,9.65999984741211,9.760000228881836,22055200
2023-04-19,9.800000190734863,9.850000381469727,9.520000457763672,9.699999809265137,25981000
2023-04-20,9.329999923706055,9.65999984741211,9.300000190734863,9.630000114440918,38877300
2023-04-21,9.380000114440918,9.380000114440918,9.069999694824219,9.300000190734863,28720300
2023-04-24,9.279999732971191,9.4399995803833,9.140000343322754,9.319999694824219,23084800
2023-04-25,8.960000038146973,9.270000457763672,8.90999984741211,9.270000457763672,27625300
2023-04-26,8.760000228881836,9.079999923706055,8.699999809265137,9.029999732971191,33804600
2023-04-27,8.899999618530273,8.960000038146973,8.720000267028809,8.90999984741211,25196300
2023-04-28,9.210000038146973,9.300000190734863,8.829999923706055,8.84000015258789,34200500
2023-05-01,9.489999771118164,9.630000114440918,9.210000038146973,9.270000457763672,43945100
2023-05-02,9.449999809265137,9.539999961853027,9.170000076293945,9.380000114440918,33396200
2023-05-03,9.430000305175781,9.699999809265137,9.40999984741211,9.460000038146973,28997800
2023-05-04,9.390000343322754,9.84000015258789,9.210000038146973,9.779999732971191,51862300
2023-05-05,10.010000228881836,10.09000015258789,9.529999732971191,9.539999961853027,52156100
2023-05-08,10.609999656677246,10.65999984741211,10.039999961853027,10.149999618530273,44199800
2023-05-09,10.649999618530273,10.710000038146973,10.380000114440918,10.489999771118164,26602000
2023-05-10,10.489999771118164,10.890000343322754,10.34000015258789,10.800000190734863,29655000
2023-05-11,10.239999771118164,10.489999771118164,10.15999984741211,10.369999885559082,25870000
2023-05-12,9.829999923706055,10.260000228881836,9.680000305175781,10.25,29797400
2023-05-15,10.3100004196167,10.380000114440918,9.819999694824219,9.859999656677246,27705900
2023-05-16,10.359999656677246,10.640000343322754,10.069999694824219,10.260000228881836,30032700
2023-05-17,11.039999961853027,11.180000305175781,10.399999618530273,10.40999984741211,53763700
2023-05-18,11.279999732971191,11.319999694824219,10.970000267028809,10.970000267028809,33835000
2023-05-19,10.9399995803833,11.220000267028809,10.8100004196167,11.170000076293945,28822700
2023-05-22,11.220000267028809,11.279999732971191,10.829999923706055,11.069999694824219,24221100
2023-05-23,11.039999961853027,11.529999732971191,11.020000457763672,11.119999885559082,31999100
2023-05-24,10.670000076293945,10.859999656677246,10.380000114440918,10.84000015258789,34266800
2023-05-25,11.0,11.220000267028809,10.869999885559082,11.0,40944700
2023-05-26,11.279999732971191,11.369999885559082,11.149999618530273,11.149999618530273,30569800
2023-05-30,11.380000114440918,11.84000015258789,11.199999809265137,11.5,32709100
2023-05-31,11.229999542236328,11.449999809265137,10.9399995803833,11.399999618530273,32724100
2023-06-01,11.850000381469727,11.930000305175781,11.199999809265137,11.319999694824219,39965900
2023-06-02,12.180000305175781,12.279999732971191,11.899999618530273,12.039999961853027,36332300
2023-06-05,12.300000190734863,12.380000114440918,12.079999923706055,12.170000076293945,26125500
2023-06-06,12.770000457763672,12.84000015258789,12.199999809265137,12.229999542236328,32243400
2023-06-07,13.029999732971191,13.180000305175781,12.8100004196167,12.869999885559082,38518700
2023-06-08,12.75,12.970000267028809,12.699999809265137,12.850000381469727,31998400
2023-06-09,13.09000015258789,13.390000343322754,12.850000381469727,12.880000114440918,34064600
2023-06-12,14.720000267028809,15.100000381469727,13.84000015258789,13.9399995803833,126582800
2023-06-13,15.34000015258789,15.369999885559082,14.739999771118164,15.0600004196167,68046100
2023-06-14,15.600000381469727,15.779999732971191,15.1899995803833,15.510000228881836,59729300
2023-06-15,16.1200008392334,16.15999984741211,15.40999984741211,15.449999809265137,64037400
2023-06-16,15.800000190734863,16.399999618530273,15.6899995803833,16.299999237060547,51111900
2023-06-20,15.899999618530273,16.059999465942383,15.699999809265137,15.989999771118164,37891000
2023-06-21,15.890000343322754,16.18000030517578,15.449999809265137,15.880000114440918,37155600
2023-06-22,15.760000228881836,15.960000038146973,15.59000015258789,15.739999771118164,23564100
2023-06-23,15.800000190734863,16.0,15.430000305175781,15.489999771118164,39855000
2023-06-26,14.600000381469727,15.039999961853027,13.899999618530273,14.979999542236328,107033000
2023-06-27,15.890000343322754,15.90999984741211,14.699999809265137,14.75,62431700
2023-06-28,17.290000915527344,17.489999771118164,15.880000114440918,15.9399995803833,96977000
2023-06-29,17.15999984741211,17.75,16.8799991607666,17.25,60301600
2023-06-30,18.829999923706055,18.8799991607666,17.6200008392334,17.799999237060547,115111200
2023-07-03,18.959999084472656,19.190000534057617,18.43000030517578,18.549999237060547,44829000
2023-07-05,19.209999084472656,19.549999237060547,18.799999237060547,18.93000030517578,55764800
2023-07-06,18.860000610351562,19.040000915527344,18.149999618530273,18.829999923706055,56532200
2023-07-07,19.040000915527344,19.459999084472656,18.81999969482422,18.81999969482422,44380200
2023-07-10,19.299999237060547,19.389999389648438,18.969999313354492,19.030000686645508,39739700
2023-07-11,18.899999618530273,19.3799991607666,18.65999984741211,19.309999465942383,43404900
2023-07-12,18.219999313354492,19.15999984741211,18.190000534057617,19.15999984741211,55581800
2023-07-13,17.75,18.479999542236328,17.719999313354492,18.299999237060547,49645400
2023-07-14,17.229999542236328,17.940000534057617,17.100000381469727,17.739999771118164,41398100
2023-07-17,17.709999084472656,17.979999542236328,17.34000015258789,17.350000381469727,35689400
2023-07-18,18.25,18.579999923706055,17.850000381469727,17.889999389648438,39141300
2023-07-19,18.149999618530273,18.5,17.889999389648438,18.489999771118164,35920000
2023-07-20,17.649999618530273,18.15999984741211,17.610000610351562,18.0,32239300
2023-07-21,17.8799991607666,17.899999618530273,17.56999969482422,17.600000381469727,27228300
2023-07-24,17.850000381469727,18.010000228881836,17.219999313354492,17.8799991607666,28805300
2023-07-25,17.450000762939453,17.780000686645508,17.34000015258789,17.709999084472656,26368800
2023-07-26,17.649999618530273,17.739999771118164,17.329999923706055,17.5,23856600
2023-07-27,18.219999313354492,18.809999465942383,18.09000015258789,18.6200008392334,50553800
2023-07-28,18.489999771118164,18.719999313354492,18.360000610351562,18.360000610351562,24508400
2023-07-31,18.84000015258789,18.860000610351562,18.5,18.760000228881836,27014200
2023-08-01,17.989999771118164,18.40999984741211,17.479999542236328,18.15999984741211,42573300
2023-08-02,17.719999313354492,17.940000534057617,17.549999237060547,17.6200008392334,25360500
2023-08-03,17.559999465942383,17.899999618530273,17.389999389648438,17.56999969482422,22112300
2023-08-04,17.15999984741211,17.649999618530273,17.079999923706055,17.6200008392334,26799300
2023-08-07,18.040000915527344,18.049999237060547,17.389999389648438,17.389999389648438,29955200
2023-08-08,17.920000076293945,17.950000762939453,17.510000228881836,17.760000228881836,21033700
2023-08-09,17.270000457763672,18.1299991607666,17.260000228881836,17.989999771118164,24718700
2023-08-10,17.360000610351562,17.709999084472656,17.18000030517578,17.459999084472656,22120800
2023-08-11,16.790000915527344,17.149999618530273,16.68000030517578,17.1200008392334,26491300
2023-08-14,16.829999923706055,16.850000381469727,16.479999542236328,16.600000381469727,20464000
2023-08-15,16.610000610351562,16.829999923706055,16.489999771118164,16.649999618530273,17912200
2023-08-16,16.18000030517578,16.610000610351562,16.15999984741211,16.479999542236328,22550600
2023-08-17,15.800000190734863,16.290000915527344,15.800000190734863,16.260000228881836,27220500
2023-08-18,15.59000015258789,15.84000015258789,15.390000343322754,15.4399995803833,25707700
2023-08-21,15.710000038146973,15.850000381469727,15.5,15.770000457763672,18829000
2023-08-22,15.65999984741211,15.859999656677246,15.430000305175781,15.789999961853027,20250500
2023-08-23,16.25,16.389999389648438,15.489999771118164,15.699999809265137,29806800
2023-08-24,15.710000038146973,16.329999923706055,15.699999809265137,16.170000076293945,21392500
2023-08-25,15.899999618530273,15.989999771118164,15.550000190734863,15.720000267028809,19060500
2023-08-28,15.710000038146973,16.09000015258789,15.680000305175781,15.920000076293945,19018100
2023-08-29,16.040000915527344,16.1200008392334,15.430000305175781,15.59000015258789,17645000
2023-08-30,15.869999885559082,16.239999771118164,15.829999923706055,16.170000076293945,18121700
2023-08-31,15.819999694824219,16.040000915527344,15.6899995803833,15.850000381469727,21797600
2023-09-01,15.729999542236328,16.059999465942383,15.579999923706055,15.829999923706055,16767300
2023-09-05,15.369999885559082,15.569999694824219,14.920000076293945,15.569999694824219,31023200
2023-09-06,15.430000305175781,15.489999771118164,15.039999961853027,15.109999656677246,19238600
2023-09-07,15.300000190734863,15.359999656677246,14.989999771118164,15.25,18761400
2023-09-08,15.300000190734863,15.520000457763672,15.09000015258789,15.210000038146973,13695000
2023-09-11,15.479999542236328,15.600000381469727,14.949999809265137,15.5600004196167,18092800
2023-09-12,15.460000038146973,15.640000343322754,15.229999542236328,15.319999694824219,15495000
2023-09-13,15.020000457763672,15.270000457763672,14.920000076293945,15.15999984741211,23991200
2023-09-14,15.630000114440918,15.779999732971191,15.260000228881836,15.350000381469727,24656700
2023-09-15,15.1899995803833,15.619999885559082,15.109999656677246,15.539999961853027,24302500
2023-09-18,15.039999961853027,15.210000038146973,14.979999542236328,15.140000343322754,19251100
2023-09-19,15.09000015258789,15.579999923706055,15.0,15.0600004196167,23552300
2023-09-20,14.649999618530273,15.300000190734863,14.640000343322754,15.239999771118164,22637100
2023-09-21,14.449999809265137,14.6899995803833,14.270000457763672,14.449999809265137,22663700
2023-09-22,14.050000190734863,14.670000076293945,14.010000228881836,14.65999984741211,21291500
2023-09-25,13.899999618530273,14.050000190734863,13.380000114440918,13.550000190734863,29506500
2023-09-26,13.760000228881836,13.970000267028809,13.649999618530273,13.670000076293945,26210700
2023-09-27,13.979999542236328,14.180000305175781,13.720000267028809,13.890000343322754,25160200
2023-09-28,14.4399995803833,14.640000343322754,13.640000343322754,13.65999984741211,45202200
2023-09-29,13.720000267028809,15.239999771118164,13.239999771118164,14.649999618530273,91954900
2023-10-02,13.640000343322754,14.170000076293945,13.420000076293945,13.5,38918600
2023-10-03,12.739999771118164,13.510000228881836,12.649999618530273,13.369999885559082,53693600
2023-10-04,13.09000015258789,13.229999542236328,12.819999694824219,12.84000015258789,35704600
2023-10-05,13.300000190734863,13.649999618530273,13.100000381469727,13.270000457763672,24169100
2023-10-06,13.260000228881836,13.470000267028809,12.989999771118164,13.069999694824219,26188700
2023-10-09,12.6899995803833,12.760000228881836,12.279999732971191,12.65999984741211,37982300
2023-10-10,12.899999618530273,13.289999961853027,12.800000190734863,12.819999694824219,26502400
2023-10-11,12.649999618530273,13.010000228881836,12.489999771118164,12.920000076293945,25157700
2023-10-12,12.600000381469727,12.920000076293945,12.34000015258789,12.6899995803833,28842100
2023-10-13,12.260000228881836,12.520000457763672,12.149999618530273,12.380000114440918,25958500
2023-10-16,12.359999656677246,12.529999732971191,12.239999771118164,12.470000267028809,28778300
2023-10-17,12.5,12.65999984741211,12.229999542236328,12.270000457763672,22430900
2023-10-18,11.6899995803833,12.34000015258789,11.670000076293945,12.300000190734863,37759500
2023-10-19,11.390000343322754,11.720000267028809,11.34000015258789,11.59000015258789,36476100
2023-10-20,11.029999732971191,11.390000343322754,11.020000457763672,11.239999771118164,33490700
2023-10-23,11.380000114440918,11.640000343322754,10.84000015258789,10.979999542236328,41028400
2023-10-24,11.449999809265137,11.729999542236328,11.399999618530273,11.510000228881836,23219100
2023-10-25,11.270000457763672,11.470000267028809,11.239999771118164,11.319999694824219,22471300
2023-10-26,11.369999885559082,11.739999771118164,10.949999809265137,11.640000343322754,38025200
2023-10-27,11.130000114440918,11.579999923706055,11.010000228881836,11.5600004196167,25951000
2023-10-30,11.399999618530273,11.5,11.1899995803833,11.359999656677246,28263900
2023-10-31,11.460000038146973,11.479999542236328,11.100000381469727,11.430000305175781,25679000
2023-11-01,11.300000190734863,11.569999694824219,11.119999885559082,11.449999809265137,26672000
2023-11-02,11.899999618530273,12.039999961853027,11.609999656677246,11.619999885559082,30172100
2023-11-03,12.550000190734863,12.819999694824219,12.15999984741211,12.1899995803833,43517900
2023-11-06,12.260000228881836,12.739999771118164,12.020000457763672,12.649999618530273,30665400
2023-11-07,12.5600004196167,12.569999694824219,12.15999984741211,12.25,22553000
2023-11-08,12.789999961853027,12.970000267028809,12.510000228881836,12.609999656677246,30333400
2023-11-09,12.3100004196167,12.920000076293945,12.25,12.800000190734863,22164800
2023-11-10,12.760000228881836,12.8100004196167,12.229999542236328,12.300000190734863,21955600
2023-11-13,12.779999732971191,12.829999923706055,12.449999809265137,12.630000114440918,19364700
2023-11-14,13.890000343322754,14.119999885559082,13.329999923706055,13.579999923706055,46888800
2023-11-15,14.569999694824219,14.649999618530273,14.149999618530273,14.1899995803833,45858300
2023-11-16,14.8100004196167,14.829999923706055,14.40999984741211,14.489999771118164,31253700
2023-11-17,14.789999961853027,15.010000228881836,14.640000343322754,14.920000076293945,25665200
2023-11-20,14.569999694824219,15.0,14.550000190734863,14.75,23870500
2023-11-21,14.199999809265137,14.359999656677246,13.880000114440918,14.319999694824219,26656000
2023-11-22,14.470000267028809,14.84000015258789,14.40999984741211,14.5,26064700
2023-11-24,14.40999984741211,14.460000038146973,14.119999885559082,14.270000457763672,8927300
2023-11-27,14.619999885559082,14.739999771118164,14.359999656677246,14.380000114440918,21496800
2023-11-28,14.630000114440918,14.779999732971191,14.479999542236328,14.680000305175781,18419200
2023-11-29,14.90999984741211,15.300000190734863,14.760000228881836,14.8100004196167,27451400
2023-11-30,15.0600004196167,15.1899995803833,14.829999923706055,15.09000015258789,30451000
2023-12-01,15.760000228881836,15.770000457763672,15.029999732971191,15.119999885559082,31943600
2023-12-04,16.350000381469727,16.40999984741211,15.75,15.75,36854500
2023-12-05,16.5,16.6200008392334,16.149999618530273,16.200000762939453,27681700
2023-12-06,17.479999542236328,17.81999969482422,16.799999237060547,16.81999969482422,43374500
2023-12-07,17.93000030517578,18.040000915527344,17.43000030517578,17.549999237060547,33502900
2023-12-08,18.110000610351562,18.139999389648438,17.84000015258789,17.920000076293945,32727000
2023-12-11,17.6299991607666,18.059999465942383,17.459999084472656,18.010000228881836,34179200
2023-12-12,17.81999969482422,18.049999237060547,17.610000610351562,17.639999389648438,22240600
2023-12-13,18.270000457763672,18.299999237060547,17.6200008392334,17.75,38465400
2023-12-14,18.780000686645508,19.229999542236328,18.479999542236328,18.5,41074500
2023-12-15,18.610000610351562,18.950000762939453,18.549999237060547,18.68000030517578,36118100
2023-12-18,18.360000610351562,18.719999313354492,18.209999084472656,18.530000686645508,26063300
2023-12-19,18.709999084472656,18.860000610351562,18.399999618530273,18.450000762939453,27102200
2023-12-20,18.06999969482422,18.799999237060547,18.059999465942383,18.639999389648438,34109700
2023-12-21,19.190000534057617,19.5,18.329999923706055,18.5,63822500
2023-12-22,18.93000030517578,19.739999771118164,18.700000762939453,19.139999389648438,38240400
2023-12-26,18.610000610351562,18.860000610351562,18.360000610351562,18.790000915527344,26668600
2023-12-27,18.540000915527344,18.610000610351562,18.200000762939453,18.399999618530273,25594200
2023-12-28,18.670000076293945,18.760000228881836,18.540000915527344,18.6200008392334,17540700
2023-12-29,18.540000915527344,18.8799991607666,18.530000686645508,18.639999389648438,25436700
2024-01-02,17.290000915527344,18.34000015258789,17.209999084472656,18.309999465942383,36400200
2024-01-03,16.350000381469727,16.899999618530273,16.260000228881836,16.760000228881836,43978500
2024-01-04,16.850000381469727,17.100000381469727,16.299999237060547,16.350000381469727,33978600
2024-01-05,17.329999923706055,17.559999465942383,16.850000381469727,16.899999618530273,34785400
2024-01-08,17.350000381469727,17.579999923706055,17.040000915527344,17.40999984741211,26151600
2024-01-09,17.3799991607666,17.559999465942383,17.049999237060547,17.049999237060547,21013000
2024-01-10,17.780000686645508,17.829999923706055,17.190000534057617,17.260000228881836,24717400
2024-01-11,17.530000686645508,17.780000686645508,17.15999984741211,17.739999771118164,23338900
2024-01-12,16.959999084472656,17.530000686645508,16.739999771118164,17.530000686645508,24801400
2024-01-16,17.030000686645508,17.100000381469727,16.530000686645508,16.649999618530273,24477200
2024-01-17,16.860000610351562,16.979999542236328,16.56999969482422,16.56999969482422,15919000
2024-01-18,17.280000686645508,17.649999618530273,16.84000015258789,17.1200008392334,31558400
2024-01-19,17.329999923706055,17.350000381469727,16.81999969482422,17.219999313354492,21539400
2024-01-22,16.639999389648438,17.549999237060547,16.389999389648438,17.5,54155000
2024-01-23,16.25,16.780000686645508,16.209999084472656,16.510000228881836,40097200
2024-01-24,16.079999923706055,16.75,16.059999465942383,16.5,35602600
2024-01-25,16.469999313354492,16.5,16.209999084472656,16.280000686645508,40046700
2024-01-26,15.829999923706055,16.510000228881836,15.8100004196167,16.5,39896600
2024-01-29,16.549999237060547,16.549999237060547,15.6899995803833,15.699999809265137,37138300
2024-01-30,16.469999313354492,17.200000762939453,16.389999389648438,16.809999465942383,42567900
2024-01-31,16.579999923706055,17.18000030517578,16.350000381469727,16.399999618530273,37512800
2024-02-01,16.799999237060547,17.239999771118164,16.219999313354492,17.09000015258789,41876600
2024-02-02,16.440000534057617,16.65999984741211,16.139999389648438,16.6299991607666,32332100
2024-02-05,15.829999923706055,16.25,15.640000343322754,16.209999084472656,32575500
2024-02-06,15.970000267028809,16.1299991607666,15.5600004196167,15.760000228881836,22660700
2024-02-07,15.720000267028809,16.030000686645508,15.609999656677246,16.0,27082300
2024-02-08,15.6899995803833,15.789999961853027,15.420000076293945,15.640000343322754,25545000
2024-02-09,15.3100004196167,15.739999771118164,14.960000038146973,15.680000305175781,45686600
2024-02-12,15.489999771118164,15.640000343322754,15.279999732971191,15.329999923706055,28026400
2024-02-13,15.119999885559082,15.239999771118164,14.899999618530273,15.029999732971191,26733700
2024-02-14,15.270000457763672,15.359999656677246,14.84000015258789,15.260000228881836,25927100
2024-02-15,15.220000267028809,15.609999656677246,15.140000343322754,15.359999656677246,26700100
2024-02-16,14.800000190734863,15.119999885559082,14.770000457763672,15.020000457763672,24237600
2024-02-20,14.760000228881836,14.829999923706055,14.4399995803833,14.75,24917100
2024-02-21,14.710000038146973,14.75,14.539999961853027,14.619999885559082,18529500
2024-02-22,15.210000038146973,15.609999656677246,15.100000381469727,15.550000190734863,39773500
2024-02-23,15.229999542236328,15.460000038146973,14.949999809265137,15.039999961853027,26825200
2024-02-26,14.779999732971191,15.25,14.770000457763672,15.149999618530273,25467300
2024-02-27,15.90999984741211,16.209999084472656,15.489999771118164,16.010000228881836,56116000
2024-02-28,15.470000267028809,16.1200008392334,15.430000305175781,15.720000267028809,28772600
2024-02-29,15.859999656677246,15.9399995803833,15.4399995803833,15.520000457763672,34166800
2024-03-01,16.0,16.110000610351562,15.649999618530273,15.899999618530273,22562800
2024-03-04,16.06999969482422,16.40999984741211,16.020000457763672,16.059999465942383,26876000
2024-03-05,15.890000343322754,16.15999984741211,15.760000228881836,15.920000076293945,26446500
2024-03-06,16.010000228881836,16.329999923706055,15.880000114440918,16.149999618530273,21260400
2024-03-07,15.65999984741211,16.229999542236328,15.609999656677246,16.15999984741211,26335600
2024-03-08,16.3700008392334,16.780000686645508,15.680000305175781,15.960000038146973,44025100
2024-03-11,16.229999542236328,16.3799991607666,16.06999969482422,16.360000610351562,24125300
2024-03-12,16.239999771118164,16.25,15.90999984741211,16.239999771118164,22403600
2024-03-13,16.649999618530273,16.940000534057617,16.350000381469727,16.399999618530273,32798700
2024-03-14,16.200000762939453,16.6200008392334,16.139999389648438,16.540000915527344,23985100
2024-03-15,16.260000228881836,16.3799991607666,16.079999923706055,16.190000534057617,24012900
2024-03-18,16.190000534057617,16.649999618530273,16.1200008392334,16.360000610351562,25799400
2024-03-19,16.079999923706055,16.200000762939453,15.890000343322754,16.110000610351562,21516100
2024-03-20,16.850000381469727,16.850000381469727,16.040000915527344,16.079999923706055,29629800
2024-03-21,17.020000457763672,17.280000686645508,16.8700008392334,17.06999969482422,31116800
2024-03-22,17.079999923706055,17.18000030517578,16.959999084472656,17.06999969482422,18601300
2024-03-25,17.110000610351562,17.670000076293945,17.09000015258789,17.34000015258789,41079600
2024-03-26,17.030000686645508,17.6200008392334,16.790000915527344,17.450000762939453,65639200
2024-03-27,17.190000534057617,17.68000030517578,16.170000076293945,16.610000610351562,112964400
2024-03-28,16.34000015258789,17.1299991607666,16.309999465942383,17.0,60284300
2024-04-01,16.260000228881836,16.670000076293945,16.059999465942383,16.479999542236328,33043900
2024-04-02,15.479999542236328,15.880000114440918,15.40999984741211,15.84000015258789,35824500
2024-04-03,15.34000015258789,15.600000381469727,15.25,15.350000381469727,26613300
2024-04-04,15.0600004196167,15.800000190734863,14.979999542236328,15.59000015258789,35613200
2024-04-05,15.119999885559082,15.15999984741211,14.84000015258789,15.010000228881836,29861000
2024-04-08,15.65999984741211,15.680000305175781,15.239999771118164,15.25,26731500
2024-04-09,15.5,15.710000038146973,15.149999618530273,15.619999885559082,25736000
2024-04-10,14.949999809265137,15.34000015258789,14.789999961853027,15.149999618530273,33185600
2024-04-11,14.970000267028809,15.029999732971191,14.59000015258789,14.880000114440918,26083900
2024-04-12,14.359999656677246,14.739999771118164,14.229999542236328,14.710000038146973,34056700
2024-04-15,14.0600004196167,14.760000228881836,13.920000076293945,14.65999984741211,30780000
2024-04-16,13.899999618530273,14.079999923706055,13.800000190734863,14.020000457763672,27095100
2024-04-17,14.119999885559082,14.300000190734863,14.010000228881836,14.1899995803833,22639800
2024-04-18,14.180000305175781,14.5600004196167,14.15999984741211,14.210000038146973,23061100
2024-04-19,14.119999885559082,14.3100004196167,14.050000190734863,14.100000381469727,29493400
2024-04-22,14.279999732971191,14.40999984741211,14.069999694824219,14.350000381469727,24348300
2024-04-23,14.789999961853027,14.9399995803833,14.329999923706055,14.399999618530273,25455300
2024-04-24,15.010000228881836,15.050000190734863,14.770000457763672,14.829999923706055,24536500
2024-04-25,15.180000305175781,15.199999809265137,14.800000190734863,15.0600004196167,29288000
2024-04-26,15.079999923706055,15.229999542236328,14.90999984741211,15.180000305175781,20459000
2024-04-29,15.130000114440918,15.279999732971191,14.850000381469727,15.079999923706055,19562500
2024-04-30,14.819999694824219,15.140000343322754,14.770000457763672,14.949999809265137,22986100
2024-05-01,14.470000267028809,14.800000190734863,14.210000038146973,14.630000114440918,33933600
2024-05-02,14.460000038146973,14.680000305175781,14.359999656677246,14.609999656677246,19596400
2024-05-03,14.4399995803833,14.869999885559082,14.369999885559082,14.760000228881836,23570400
2024-05-06,14.600000381469727,14.710000038146973,14.4399995803833,14.59000015258789,29357200
2024-05-07,14.119999885559082,14.59000015258789,14.119999885559082,14.529999732971191,25935000
2024-05-08,14.300000190734863,14.329999923706055,13.979999542236328,14.020000457763672,23651400
2024-05-09,14.5600004196167,14.699999809265137,14.270000457763672,14.3100004196167,24245800
2024-05-10,14.430000305175781,14.630000114440918,14.34000015258789,14.630000114440918,16374000
2024-05-13,14.5600004196167,14.6899995803833,14.449999809265137,14.460000038146973,24898100
2024-05-14,14.520000457763672,14.760000228881836,14.40999984741211,14.680000305175781,24220000
2024-05-15,14.859999656677246,15.020000457763672,14.579999923706055,14.609999656677246,35205300
2024-05-16,14.899999618530273,15.079999923706055,14.819999694824219,14.9399995803833,29313600
2024-05-17,15.0,15.119999885559082,14.930000305175781,14.989999771118164,22775900
2024-05-20,16.09000015258789,16.239999771118164,15.3100004196167,15.390000343322754,53286300
2024-05-21,16.200000762939453,16.200000762939453,15.850000381469727,15.960000038146973,29685600
2024-05-22,15.649999618530273,16.190000534057617,15.59000015258789,16.139999389648438,29002500
2024-05-23,14.779999732971191,15.739999771118164,14.770000457763672,15.649999618530273,33957700
2024-05-24,15.130000114440918,15.140000343322754,14.800000190734863,14.8100004196167,21930800
2024-05-28,15.649999618530273,15.699999809265137,15.180000305175781,15.199999809265137,27374300
2024-05-29,15.220000267028809,15.300000190734863,14.739999771118164,15.210000038146973,37684800
2024-05-30,15.199999809265137,15.449999809265137,15.079999923706055,15.229999542236328,27430100
2024-05-31,15.079999923706055,15.430000305175781,14.960000038146973,15.300000190734863,27997800
2024-06-03,16.010000228881836,16.040000915527344,15.199999809265137,15.210000038146973,43854800
2024-06-04,16.940000534057617,16.959999084472656,16.139999389648438,16.170000076293945,51622200
2024-06-05,16.950000762939453,17.059999465942383,16.559999465942383,17.0,29171100
2024-06-06,16.6200008392334,17.06999969482422,16.56999969482422,16.889999389648438,23698600
2024-06-07,16.700000762939453,16.75,16.40999984741211,16.440000534057617,17319800
2024-06-10,16.530000686645508,16.84000015258789,16.360000610351562,16.59000015258789,16632000
2024-06-11,16.34000015258789,16.5,16.229999542236328,16.489999771118164,13762600
2024-06-12,16.739999771118164,17.030000686645508,16.700000762939453,16.75,25555900
2024-06-13,16.510000228881836,16.700000762939453,16.270000457763672,16.68000030517578,21689200
2024-06-14,15.34000015258789,16.229999542236328,15.039999961853027,16.170000076293945,56577700
2024-06-17,15.6899995803833,15.779999732971191,14.979999542236328,15.260000228881836,25057400
2024-06-18,15.949999809265137,16.270000457763672,15.8100004196167,16.100000381469727,28003700
2024-06-20,16.059999465942383,16.149999618530273,15.699999809265137,15.75,21089900
2024-06-21,16.06999969482422,16.100000381469727,15.770000457763672,15.9399995803833,24785100
2024-06-24,16.389999389648438,16.5,16.0,16.290000915527344,38154600
2024-06-25,17.81999969482422,18.010000228881836,16.65999984741211,17.020000457763672,105894500
2024-06-26,18.3700008392334,18.5,17.790000915527344,17.899999618530273,55127800
2024-06-27,18.610000610351562,18.65999984741211,18.1299991607666,18.489999771118164,38085600
2024-06-28,18.719999313354492,18.920000076293945,18.56999969482422,18.6299991607666,34277000
2024-07-01,17.709999084472656,18.739999771118164,17.459999084472656,18.649999618530273,41781100
2024-07-02,17.559999465942383,17.989999771118164,17.510000228881836,17.670000076293945,24523800
2024-07-03,17.450000762939453,17.59000015258789,17.31999969482422,17.559999465942383,14095400
2024-07-05,17.209999084472656,17.540000915527344,17.010000228881836,17.530000686645508,25550000
2024-07-08,17.559999465942383,17.8799991607666,17.329999923706055,17.329999923706055,29603500
2024-07-09,17.899999618530273,18.110000610351562,17.5,17.510000228881836,26254200
2024-07-10,17.739999771118164,18.170000076293945,17.729999542236328,18.1200008392334,22307800
2024-07-11,18.1200008392334,18.149999618530273,17.309999465942383,17.68000030517578,30702600
2024-07-12,18.229999542236328,18.56999969482422,18.149999618530273,18.149999618530273,22504500
2024-07-15,18.31999969482422,18.34000015258789,17.790000915527344,18.299999237060547,25269100
2024-07-16,19.18000030517578,19.239999771118164,18.3799991607666,18.399999618530273,28752600
2024-07-17,18.399999618530273,19.1200008392334,18.399999618530273,18.68000030517578,30846600
2024-07-18,18.25,18.700000762939453,18.100000381469727,18.459999084472656,20659600
2024-07-19,18.43000030517578,18.5,18.15999984741211,18.290000915527344,13619900
2024-07-22,18.420000076293945,18.739999771118164,18.200000762939453,18.399999618530273,21676000
2024-07-23,19.06999969482422,19.479999542236328,18.459999084472656,18.510000228881836,35636000
2024-07-24,18.190000534057617,19.030000686645508,18.18000030517578,18.8700008392334,28171400
2024-07-25,17.100000381469727,18.15999984741211,17.079999923706055,18.15999984741211,34773400
2024-07-26,17.270000457763672,17.510000228881836,17.1200008392334,17.3799991607666,20816900
2024-07-29,17.25,17.540000915527344,17.030000686645508,17.34000015258789,16795900
2024-07-30,17.1200008392334,17.399999618530273,17.06999969482422,17.329999923706055,20316800
2024-07-31,16.65999984741211,17.530000686645508,16.649999618530273,17.43000030517578,38380700
2024-08-01,15.760000228881836,16.860000610351562,15.479999542236328,16.790000915527344,41570900
2024-08-02,14.800000190734863,15.199999809265137,14.630000114440918,15.15999984741211,44420000
2024-08-05,14.399999618530273,14.710000038146973,13.779999732971191,13.869999885559082,35572300
2024-08-06,14.539999961853027,15.039999961853027,14.4399995803833,14.449999809265137,32738600
2024-08-07,14.010000228881836,14.84000015258789,13.949999809265137,14.800000190734863,29573300
2024-08-08,14.489999771118164,14.550000190734863,14.079999923706055,14.109999656677246,24132100
2024-08-09,14.770000457763672,14.850000381469727,14.489999771118164,14.489999771118164,26030000
2024-08-12,14.600000381469727,14.850000381469727,14.489999771118164,14.789999961853027,19250800
2024-08-13,14.869999885559082,14.90999984741211,14.5600004196167,14.800000190734863,18842800
2024-08-14,14.760000228881836,15.079999923706055,14.529999732971191,14.899999618530273,23097000
2024-08-15,15.739999771118164,15.789999961853027,15.039999961853027,15.0600004196167,32425400
2024-08-16,15.460000038146973,15.670000076293945,15.3100004196167,15.649999618530273,23514000
2024-08-19,15.600000381469727,15.670000076293945,15.420000076293945,15.489999771118164,17931300
2024-08-20,15.319999694824219,15.529999732971191,15.279999732971191,15.529999732971191,20241900
2024-08-21,15.489999771118164,15.609999656677246,15.300000190734863,15.40999984741211,13809500
2024-08-22,15.449999809265137,15.670000076293945,15.319999694824219,15.65999984741211,18683600
2024-08-23,16.610000610351562,16.75,15.470000267028809,15.520000457763672,42378900
2024-08-26,16.600000381469727,16.709999084472656,16.40999984741211,16.600000381469727,21673600
2024-08-27,17.040000915527344,17.3700008392334,16.510000228881836,16.549999237060547,30136600
2024-08-28,16.6299991607666,17.020000457763672,16.489999771118164,16.93000030517578,24878400
2024-08-29,16.540000915527344,16.8700008392334,16.510000228881836,16.790000915527344,22800000
2024-08-30,16.5,16.790000915527344,16.25,16.6200008392334,20664200
2024-09-03,16.34000015258789,16.790000915527344,16.200000762939453,16.299999237060547,23606100
2024-09-04,16.149999618530273,16.520000457763672,15.989999771118164,16.229999542236328,18999300
2024-09-05,16.149999618530273,16.59000015258789,16.06999969482422,16.299999237060547,15078900
2024-09-06,15.670000076293945,16.459999084472656,15.5,16.209999084472656,24505600
2024-09-09,16.030000686645508,16.200000762939453,15.850000381469727,15.880000114440918,21478400
2024-09-10,16.139999389648438,16.170000076293945,15.489999771118164,16.1299991607666,17919700
2024-09-11,16.540000915527344,16.549999237060547,15.880000114440918,16.110000610351562,31864300
2024-09-12,16.920000076293945,17.170000076293945,16.610000610351562,16.639999389648438,27585200
2024-09-13,17.260000228881836,17.489999771118164,17.0,17.010000228881836,23340800
2024-09-16,17.829999923706055,17.940000534057617,17.270000457763672,17.3700008392334,27539900
2024-09-17,18.030000686645508,18.18000030517578,17.8700008392334,18.040000915527344,24716400
2024-09-18,18.360000610351562,18.739999771118164,18.1299991607666,18.1299991607666,30907100
2024-09-19,18.760000228881836,18.989999771118164,18.6200008392334,18.93000030517578,25872300
2024-09-20,19.0,19.09000015258789,18.549999237060547,18.700000762939453,36581200
2024-09-23,18.969999313354492,19.020000457763672,18.709999084472656,19.0,27346800
2024-09-24,18.729999542236328,19.010000228881836,18.3700008392334,19.0,32022100
2024-09-25,18.040000915527344,18.68000030517578,17.989999771118164,18.670000076293945,32886900
2024-09-26,18.68000030517578,18.899999618530273,18.3799991607666,18.43000030517578,31889000
2024-09-27,18.540000915527344,18.8700008392334,18.479999542236328,18.799999237060547,34530800
2024-09-30,18.479999542236328,18.719999313354492,17.329999923706055,18.670000076293945,68527300
2024-10-01,18.020000457763672,18.81999969482422,17.6200008392334,18.700000762939453,45154300
2024-10-02,17.709999084472656,17.860000610351562,17.479999542236328,17.709999084472656,29643700
2024-10-03,17.34000015258789,17.700000762939453,17.110000610351562,17.43000030517578,31611000
2024-10-04,18.020000457763672,18.149999618530273,17.549999237060547,17.68000030517578,31705200
2024-10-07,18.010000228881836,18.420000076293945,17.829999923706055,17.989999771118164,31436400
2024-10-08,18.8700008392334,18.989999771118164,18.06999969482422,18.079999923706055,35723400
2024-10-09,20.200000762939453,20.450000762939453,19.09000015258789,19.149999618530273,70901700
2024-10-10,20.389999389648438,20.5,19.719999313354492,19.860000610351562,38703100
2024-10-11,20.43000030517578,20.809999465942383,20.360000610351562,20.459999084472656,28855400
2024-10-14,20.209999084472656,20.43000030517578,19.969999313354492,20.329999923706055,27465900
2024-10-15,21.549999237060547,21.799999237060547,20.760000228881836,20.780000686645508,46916700
2024-10-16,21.399999618530273,21.670000076293945,21.290000915527344,21.56999969482422,22859800
2024-10-17,21.40999984741211,21.780000686645508,21.229999542236328,21.6200008392334,20065300
2024-10-18,21.31999969482422,21.420000076293945,21.049999237060547,21.360000610351562,17996300
2024-10-21,21.280000686645508,21.3799991607666,21.030000686645508,21.25,17595600
2024-10-22,21.450000762939453,21.559999465942383,20.780000686645508,21.170000076293945,19644100
2024-10-23,21.0,21.399999618530273,20.81999969482422,21.280000686645508,15934800
2024-10-24,20.90999984741211,21.25,20.610000610351562,21.049999237060547,15605400
2024-10-25,20.90999984741211,21.059999465942383,20.739999771118164,20.979999542236328,16284000
2024-10-28,21.920000076293945,22.389999389648438,21.549999237060547,21.719999313354492,32073400
2024-10-29,22.100000381469727,22.350000381469727,21.43000030517578,21.469999313354492,27969800
2024-10-30,22.15999984741211,22.299999237060547,21.719999313354492,21.920000076293945,23747300
2024-10-31,22.0,23.049999237060547,21.90999984741211,22.489999771118164,32433300
2024-11-01,21.899999618530273,22.149999618530273,21.75,22.0,23499000
2024-11-04,21.90999984741211,22.209999084472656,21.549999237060547,21.799999237060547,16784900
2024-11-05,22.450000762939453,22.670000076293945,21.940000534057617,21.940000534057617,17652300
2024-11-06,24.229999542236328,24.34000015258789,23.510000228881836,23.6299991607666,48011000
2024-11-07,23.68000030517578,24.190000534057617,23.68000030517578,23.829999923706055,24617800
2024-11-08,24.06999969482422,24.40999984741211,23.670000076293945,23.700000762939453,18979500
2024-11-11,24.600000381469727,24.729999542236328,24.010000228881836,24.5,20466800
2024-11-12,24.59000015258789,24.780000686645508,24.209999084472656,24.219999313354492,18197400
2024-11-13,24.549999237060547,24.829999923706055,24.31999969482422,24.579999923706055,17563900
2024-11-14,24.309999465942383,24.989999771118164,24.260000228881836,24.56999969482422,20945300
2024-11-15,24.309999465942383,24.40999984741211,23.920000076293945,24.010000228881836,18241900
2024-11-18,24.510000228881836,24.639999389648438,23.950000762939453,24.219999313354492,24142300
2024-11-19,25.1299991607666,25.219999313354492,23.860000610351562,24.0,27670700
2024-11-20,25.079999923706055,25.450000762939453,24.889999389648438,25.18000030517578,14496000
2024-11-21,25.350000381469727,25.600000381469727,25.0,25.1299991607666,19109500
2024-11-22,24.899999618530273,25.579999923706055,24.850000381469727,25.350000381469727,32540400
2024-11-25,25.190000534057617,25.440000534057617,25.049999237060547,25.200000762939453,24680900
2024-11-26,25.34000015258789,25.799999237060547,24.969999313354492,25.079999923706055,20993100
2024-11-27,25.139999389648438,25.520000457763672,25.139999389648438,25.350000381469727,9131300
2024-11-29,25.43000030517578,25.579999923706055,25.260000228881836,25.270000457763672,8047700
2024-12-02,25.989999771118164,26.65999984741211,25.6299991607666,25.670000076293945,21179700
2024-12-03,26.110000610351562,26.56999969482422,25.93000030517578,26.09000015258789,19172800
2024-12-04,26.780000686645508,26.790000915527344,26.260000228881836,26.260000228881836,19191500
2024-12-05,26.450000762939453,27.170000076293945,26.420000076293945,26.989999771118164,21657700
2024-12-06,26.610000610351562,26.649999618530273,25.889999389648438,26.489999771118164,18633200
2024-12-09,25.389999389648438,26.600000381469727,25.329999923706055,26.559999465942383,19616000
2024-12-10,25.829999923706055,26.360000610351562,25.639999389648438,25.959999084472656,18652700
2024-12-11,26.610000610351562,26.6200008392334,25.93000030517578,25.93000030517578,15172100
2024-12-12,26.18000030517578,26.780000686645508,26.18000030517578,26.5,15743800
2024-12-13,25.899999618530273,26.40999984741211,25.780000686645508,26.290000915527344,13799100
2024-12-16,25.90999984741211,26.459999084472656,25.850000381469727,26.280000686645508,15710900
2024-12-17,25.719999313354492,25.989999771118164,25.399999618530273,25.8700008392334,17328000
2024-12-18,24.81999969482422,26.190000534057617,24.549999237060547,26.110000610351562,21896700
2024-12-19,25.18000030517578,25.450000762939453,24.770000457763672,25.0,21381700
2024-12-20,26.799999237060547,27.139999389648438,25.440000534057617,25.780000686645508,61015000
2024-12-23,25.729999542236328,26.540000915527344,25.260000228881836,26.520000457763672,35169600
2024-12-24,25.790000915527344,26.049999237060547,25.420000076293945,26.0,10234900
2024-12-26,25.65999984741211,25.829999923706055,25.3700008392334,25.479999542236328,12363700
2024-12-27,25.079999923706055,25.540000915527344,24.889999389648438,25.40999984741211,14967400
2024-12-30,25.049999237060547,25.350000381469727,24.309999465942383,24.540000915527344,15497600
2024-12-31,24.920000076293945,25.3799991607666,24.860000610351562,24.860000610351562,10363500
2025-01-02,25.010000228881836,25.399999618530273,24.600000381469727,25.1299991607666,26418700
2025-01-03,24.3799991607666,25.100000381469727,23.93000030517578,25.030000686645508,20575500
2025-01-06,24.1299991607666,24.739999771118164,24.059999465942383,24.649999618530273,20057300
2025-01-07,23.84000015258789,24.170000076293945,23.270000457763672,24.079999923706055,23142500
2025-01-08,24.18000030517578,24.270000457763672,23.399999618530273,23.510000228881836,18531000
2025-01-10,24.270000457763672,24.520000457763672,23.34000015258789,23.549999237060547,20698600
2025-01-13,23.889999389648438,24.18000030517578,23.559999465942383,23.729999542236328,16174100
2025-01-14,24.510000228881836,24.59000015258789,23.829999923706055,24.079999923706055,16470100
2025-01-15,24.940000534057617,25.280000686645508,24.670000076293945,25.219999313354492,27603600
2025-01-16,25.049999237060547,25.110000610351562,24.59000015258789,24.90999984741211,14694700
2025-01-17,25.850000381469727,26.110000610351562,25.170000076293945,25.200000762939453,21345400
2025-01-21,25.600000381469727,26.770000457763672,25.530000686645508,26.440000534057617,30257400
2025-01-22,25.25,25.920000076293945,25.110000610351562,25.8700008392334,16706300
2025-01-23,25.610000610351562,25.649999618530273,24.950000762939453,25.25,15381900
2025-01-24,25.420000076293945,25.739999771118164,25.350000381469727,25.520000457763672,17631700
2025-01-27,25.68000030517578,25.8700008392334,24.8799991607666,25.010000228881836,17600300
2025-01-28,27.770000457763672,27.81999969482422,25.760000228881836,25.790000915527344,37778500
2025-01-29,27.90999984741211,28.1200008392334,27.3700008392334,27.770000457763672,39258100
2025-01-30,28.489999771118164,28.5,28.010000228881836,28.15999984741211,19956000
2025-01-31,27.670000076293945,28.719999313354492,27.600000381469727,28.530000686645508,18005900
2025-02-03,27.049999237060547,27.530000686645508,26.270000457763672,26.520000457763672,18261600
2025-02-04,27.09000015258789,27.34000015258789,26.610000610351562,27.18000030517578,18287100
2025-02-05,27.190000534057617,27.59000015258789,26.739999771118164,27.290000915527344,13072200
2025-02-06,27.440000534057617,27.56999969482422,26.940000534057617,27.280000686645508,14071200
2025-02-07,26.75,27.81999969482422,26.670000076293945,27.540000915527344,15149200
2025-02-10,26.100000381469727,26.93000030517578,26.010000228881836,26.75,14713100
2025-02-11,25.610000610351562,25.850000381469727,25.329999923706055,25.799999237060547,14040800
2025-02-12,25.889999389648438,25.899999618530273,25.059999465942383,25.200000762939453,13942600
2025-02-13,25.860000610351562,26.34000015258789,25.3799991607666,25.989999771118164,14560100
2025-02-14,26.229999542236328,26.25,25.479999542236328,25.979999542236328,12164800
2025-02-18,25.729999542236328,26.389999389648438,25.3799991607666,26.149999618530273,22472200
2025-02-19,26.09000015258789,26.100000381469727,25.200000762939453,25.530000686645508,13325400
2025-02-20,24.559999465942383,25.68000030517578,23.420000076293945,25.59000015258789,52245800
2025-02-21,23.219999313354492,24.700000762939453,22.81999969482422,24.700000762939453,31226400
2025-02-24,23.6299991607666,24.049999237060547,23.260000228881836,23.719999313354492,21830700
2025-02-25,23.739999771118164,24.110000610351562,23.309999465942383,24.079999923706055,19622200
2025-02-26,24.1200008392334,24.600000381469727,23.81999969482422,24.079999923706055,12983300
2025-02-27,23.5,24.56999969482422,23.229999542236328,24.40999984741211,18890600
2025-02-28,23.93000030517578,23.950000762939453,23.280000686645508,23.549999237060547,16216900
2025-03-03,23.260000228881836,24.469999313354492,23.020000457763672,23.81999969482422,18349000
2025-03-04,21.90999984741211,22.649999618530273,21.440000534057617,22.530000686645508,44502500
2025-03-05,22.34000015258789,22.3700008392334,21.729999542236328,22.049999237060547,28569300
2025-03-06,20.8700008392334,21.8700008392334,20.799999237060547,21.559999465942383,26983500
2025-03-07,20.639999389648438,20.860000610351562,19.829999923706055,20.860000610351562,34604900
2025-03-10,19.079999923706055,20.0,18.65999984741211,19.959999084472656,41514100
2025-03-11,19.100000381469727,19.200000762939453,18.15999984741211,18.889999389648438,46610200
2025-03-12,19.5,19.950000762939453,19.219999313354492,19.440000534057617,30901500
2025-03-13,19.1200008392334,19.790000915527344,18.780000686645508,19.520000457763672,28369700
2025-03-14,19.920000076293945,19.940000534057617,19.25,19.40999984741211,22467900
2025-03-17,20.889999389648438,21.020000457763672,20.25,20.270000457763672,27688100
2025-03-18,20.1200008392334,20.739999771118164,19.860000610351562,20.59000015258789,26922300
2025-03-19,21.049999237060547,21.3700008392334,20.270000457763672,20.299999237060547,31084000
2025-03-20,21.200000762939453,21.559999465942383,20.729999542236328,20.739999771118164,29910600
2025-03-21,20.940000534057617,21.530000686645508,19.81999969482422,20.389999389648438,59554700
2025-03-24,21.440000534057617,21.75,21.049999237060547,21.530000686645508,21696800
2025-03-25,21.260000228881836,21.780000686645508,21.049999237060547,21.56999969482422,18816800
2025-03-26,20.93000030517578,21.389999389648438,20.75,21.170000076293945,15994700
2025-03-27,20.780000686645508,21.170000076293945,20.530000686645508,20.75,14326900
2025-03-28,19.8700008392334,20.700000762939453,19.65999984741211,20.700000762939453,18880900
2025-03-31,19.530000686645508,19.68000030517578,18.770000457763672,19.15999984741211,25028400
2025-04-01,19.389999389648438,19.670000076293945,18.860000610351562,19.600000381469727,20870100
2025-04-02,20.020000457763672,20.049999237060547,19.030000686645508,19.030000686645508,20897000
2025-04-03,17.280000686645508,18.450000762939453,17.25,18.40999984741211,46293300
2025-04-04,16.5,16.739999771118164,15.609999656677246,16.489999771118164,39839300
2025-04-07,16.43000030517578,17.450000762939453,15.069999694824219,15.329999923706055,41421800
2025-04-08,16.690000534057617,18.0,16.34000015258789,17.780000686645508,42041100
2025-04-09,19.610000610351562,19.979999542236328,16.610000610351562,16.770000457763672,66939000
2025-04-10,17.600000381469727,18.600000381469727,17.079999923706055,18.31999969482422,47116900
2025-04-11,17.639999389648438,17.81999969482422,17.100000381469727,17.520000457763672,18749000
2025-04-14,17.81999969482422,18.3799991607666,17.420000076293945,18.280000686645508,21774700
2025-04-15,18.0,18.030000686645508,17.59000015258789,17.920000076293945,22760900
2025-04-16,17.8700008392334,18.25,17.520000457763672,17.850000381469727,21109300
2025-04-17,17.989999771118164,18.219999313354492,17.690000534057617,17.889999389648438,17701900
2025-04-21,17.239999771118164,17.84000015258789,17.049999237060547,17.59000015258789,18735400
2025-04-22,17.979999542236328,17.989999771118164,17.469999313354492,17.549999237060547,18510400
2025-04-23,18.479999542236328,19.520000457763672,18.399999618530273,18.8799991607666,21605300
2025-04-24,18.700000762939453,18.799999237060547,18.309999465942383,18.43000030517578,17254700
2025-04-25,18.600000381469727,18.8799991607666,18.389999389648438,18.700000762939453,14859300
2025-04-28,18.860000610351562,19.329999923706055,18.729999542236328,18.84000015258789,18025400
2025-04-29,18.709999084472656,19.219999313354492,18.309999465942383,19.170000076293945,30363300
2025-04-30,18.34000015258789,18.350000381469727,17.329999923706055,17.790000915527344,31787800
2025-05-01,18.6299991607666,18.799999237060547,18.510000228881836,18.68000030517578,20649000
2025-05-02,19.56999969482422,19.639999389648438,19.020000457763672,19.040000915527344,27621700
2025-05-05,19.559999465942383,19.889999389648438,19.059999465942383,19.1200008392334,16771300
2025-05-06,19.530000686645508,19.719999313354492,19.219999313354492,19.219999313354492,15400400
2025-05-07,19.690000534057617,20.010000228881836,19.440000534057617,19.709999084472656,23037000
2025-05-08,20.25,20.5,19.899999618530273,19.979999542236328,30449300
2025-05-09,20.190000534057617,20.3700008392334,19.920000076293945,20.229999542236328,17379300
2025-05-12,22.1299991607666,22.360000610351562,21.549999237060547,21.59000015258789,43025800
2025-05-13,22.739999771118164,22.780000686645508,21.979999542236328,22.219999313354492,27784500
2025-05-14,22.989999771118164,23.229999542236328,22.700000762939453,22.719999313354492,28264100
2025-05-15,23.0,23.110000610351562,22.5,22.75,25853400
2025-05-16,23.389999389648438,23.459999084472656,23.049999237060547,23.260000228881836,18741000
2025-05-19,23.389999389648438,23.40999984741211,22.75,22.979999542236328,19197100
2025-05-20,22.899999618530273,23.09000015258789,22.600000381469727,22.969999313354492,18785200
2025-05-21,22.040000915527344,22.600000381469727,21.84000015258789,22.530000686645508,22318800
2025-05-22,22.43000030517578,22.540000915527344,22.030000686645508,22.049999237060547,15231000
2025-05-23,22.25,22.299999237060547,21.6200008392334,21.729999542236328,15876600
2025-05-27,23.600000381469727,23.670000076293945,22.59000015258789,22.59000015258789,27592600
2025-05-28,23.0,23.450000762939453,22.959999084472656,23.440000534057617,18060800
2025-05-29,23.15999984741211,23.34000015258789,22.920000076293945,23.049999237060547,14925700
2025-05-30,23.219999313354492,23.34000015258789,22.899999618530273,23.049999237060547,22350600
2025-06-02,23.540000915527344,23.59000015258789,22.899999618530273,23.06999969482422,19914900
2025-06-03,23.93000030517578,24.030000686645508,23.479999542236328,23.610000610351562,21199700
2025-06-04,23.829999923706055,24.010000228881836,23.59000015258789,23.920000076293945,21135600
2025-06-05,24.020000457763672,24.399999618530273,23.68000030517578,23.770000457763672,23975700
2025-06-06,24.280000686645508,24.31999969482422,24.0,24.290000915527344,16655100
2025-06-09,24.209999084472656,24.65999984741211,24.15999984741211,24.459999084472656,17924500
2025-06-10,24.510000228881836,24.520000457763672,24.1200008392334,24.260000228881836,14021800
2025-06-11,23.8700008392334,24.6299991607666,23.780000686645508,24.610000610351562,21334500
2025-06-12,23.56999969482422,23.739999771118164,23.239999771118164,23.579999923706055,22811700
2025-06-13,22.40999984741211,22.829999923706055,22.110000610351562,22.280000686645508,36875900
2025-06-16,23.84000015258789,23.850000381469727,22.889999389648438,23.110000610351562,32993500
2025-06-17,23.280000686645508,23.950000762939453,23.200000762939453,23.639999389648438,25124100
2025-06-18,23.610000610351562,23.809999465942383,23.190000534057617,23.190000534057617,19275500
2025-06-20,23.770000457763672,23.899999618530273,23.6299991607666,23.780000686645508,23641100
2025-06-23,24.040000915527344,24.100000381469727,22.579999923706055,23.350000381469727,43972100
2025-06-24,25.700000762939453,26.530000686645508,24.950000762939453,25.06999969482422,70082400
2025-06-25,25.479999542236328,25.799999237060547,25.229999542236328,25.780000686645508,27543700
2025-06-26,26.170000076293945,26.270000457763672,25.530000686645508,25.709999084472656,29096500
2025-06-27,27.260000228881836,27.350000381469727,26.209999084472656,26.360000610351562,46846200
2025-06-30,28.1200008392334,28.18000030517578,27.18000030517578,27.360000610351562,32239400
2025-07-01,28.639999389648438,28.829999923706055,28.06999969482422,28.079999923706055,35589200
2025-07-02,29.649999618530273,29.719999313354492,28.6200008392334,28.6299991607666,33758000
2025-07-03,29.959999084472656,30.239999771118164,29.65999984741211,29.790000915527344,20052800
2025-07-07,29.309999465942383,30.459999084472656,28.959999084472656,29.780000686645508,45731600
2025-07-08,28.84000015258789,29.739999771118164,28.799999237060547,29.6200008392334,26835500
2025-07-09,28.829999923706055,29.290000915527344,28.729999542236328,29.200000762939453,23875300
2025-07-10,29.100000381469727,29.40999984741211,28.940000534057617,29.059999465942383,22868400
2025-07-11,28.65999984741211,29.190000534057617,28.649999618530273,29.059999465942383,14579200
2025-07-14,29.31999969482422,29.3799991607666,28.59000015258789,28.65999984741211,16150000
2025-07-15,28.969999313354492,29.290000915527344,28.610000610351562,29.229999542236328,18347500
2025-07-16,29.040000915527344,29.510000228881836,28.829999923706055,29.270000457763672,17907800
2025-07-17,29.450000762939453,29.510000228881836,28.8799991607666,29.350000381469727,18769900
2025-07-18,29.549999237060547,29.639999389648438,29.260000228881836,29.549999237060547,17147500
2025-07-21,29.790000915527344,30.229999542236328,29.65999984741211,29.719999313354492,17523800
2025-07-22,29.889999389648438,30.06999969482422,29.25,29.959999084472656,12900600
2025-07-23,30.739999771118164,31.010000228881836,30.290000915527344,30.299999237060547,22087400
2025-07-24,29.780000686645508,30.520000457763672,29.739999771118164,30.450000762939453,16342100
2025-07-25,29.75,29.959999084472656,29.3799991607666,29.899999618530273,13068100
2025-07-28,29.729999542236328,29.8799991607666,29.479999542236328,29.829999923706055,15433000
2025-07-29,29.700000762939453,29.889999389648438,29.0,29.520000457763672,22569600
2025-07-30,30.139999389648438,30.43000030517578,29.670000076293945,29.940000534057617,25730700
2025-07-31,29.770000457763672,30.920000076293945,29.709999084472656,30.639999389648438,23139600
2025-08-01,29.06999969482422,29.190000534057617,28.06999969482422,29.040000915527344,26986600
2025-08-04,29.719999313354492,29.8700008392334,29.360000610351562,29.459999084472656,15609400
2025-08-05,29.280000686645508,30.0,28.93000030517578,29.979999542236328,12020000
2025-08-06,29.239999771118164,29.459999084472656,29.079999923706055,29.43000030517578,11524300
2025-08-07,29.010000228881836,29.709999084472656,28.639999389648438,29.610000610351562,15559200
2025-08-08,28.3700008392334,29.139999389648438,28.31999969482422,29.100000381469727,18063000
2025-08-11,28.610000610351562,28.850000381469727,28.1200008392334,28.200000762939453,13503900
2025-08-12,29.639999389648438,29.649999618530273,28.860000610351562,28.989999771118164,14826800
2025-08-13,30.639999389648438,30.65999984741211,29.700000762939453,29.719999313354492,22097800
2025-08-14,30.25,30.299999237060547,29.850000381469727,30.25,15950600
2025-08-15,29.760000228881836,30.290000915527344,29.579999923706055,30.270000457763672,10998200
2025-08-18,29.969999313354492,30.1200008392334,29.239999771118164,29.600000381469727,18898100
2025-08-19,29.56999969482422,29.920000076293945,29.399999618530273,29.920000076293945,13672900
2025-08-20,29.260000228881836,29.3799991607666,28.649999618530273,29.299999237060547,12257300
2025-08-21,29.270000457763672,29.479999542236328,28.8799991607666,29.100000381469727,10453200
2025-08-22,31.299999237060547,31.3799991607666,29.389999389648438,29.5,27206100
2025-08-25,31.25,31.3799991607666,30.969999313354492,31.110000610351562,15569700
2025-08-26,31.8700008392334,31.90999984741211,31.110000610351562,31.190000534057617,17354700
2025-08-27,32.34000015258789,32.400001525878906,31.770000457763672,31.770000457763672,21174600
2025-08-28,32.4900016784668,32.77000045776367,32.279998779296875,32.459999084472656,13455100
2025-08-29,31.889999389648438,32.619998931884766,31.75,32.290000915527344,14832500
2025-09-02,31.15999984741211,31.200000762939453,30.540000915527344,30.700000762939453,15255600
2025-09-03,31.329999923706055,31.75,31.0,31.219999313354492,12020500
2025-09-04,31.760000228881836,31.920000076293945,31.18000030517578,31.40999984741211,10765900
2025-09-05,31.56999969482422,32.2400016784668,31.360000610351562,32.0,12091700
2025-09-08,31.559999465942383,32.09000015258789,31.5,31.700000762939453,20390300
2025-09-09,31.56999969482422,32.06999969482422,31.079999923706055,31.459999084472656,13089300
2025-09-10,31.360000610351562,31.8799991607666,30.559999465942383,31.56999969482422,19089800
2025-09-11,32.470001220703125,32.79999923706055,31.489999771118164,31.510000228881836,22241400
2025-09-12,31.510000228881836,32.41999816894531,31.510000228881836,32.400001525878906,13004100
2025-09-15,31.239999771118164,31.540000915527344,30.709999084472656,31.520000457763672,25356700
2025-09-16,31.200000762939453,31.25,30.549999237060547,31.25,19976900
2025-09-17,31.190000534057617,31.579999923706055,30.760000228881836,31.389999389648438,18048300
2025-09-18,31.450000762939453,31.59000015258789,31.040000915527344,31.360000610351562,15543800
2025-09-19,30.520000457763672,31.719999313354492,30.280000686645508,31.610000610351562,33360000
2025-09-22,30.709999084472656,30.889999389648438,30.360000610351562,30.56999969482422,17155200
2025-09-23,30.709999084472656,31.670000076293945,30.600000381469727,31.309999465942383,21772600
2025-09-24,30.3700008392334,30.850000381469727,30.18000030517578,30.709999084472656,15228900
2025-09-25,30.479999542236328,30.729999542236328,29.920000076293945,30.06999969482422,24816900
2025-09-26,30.6200008392334,30.75,30.239999771118164,30.549999237060547,22456400
2025-09-29,29.399999618530273,32.5,28.81999969482422,32.209999084472656,102357500
2025-09-30,28.90999984741211,30.149999618530273,28.59000015258789,29.780000686645508,38967500
2025-10-01,28.360000610351562,29.110000610351562,28.31999969482422,28.8799991607666,29096900
2025-10-02,28.850000381469727,29.0,28.34000015258789,28.5,20949000
2025-10-03,28.56999969482422,29.239999771118164,28.469999313354492,29.0,23869100
2025-10-06,29.09000015258789,29.149999618530273,28.020000457763672,28.65999984741211,21702900
2025-10-07,28.709999084472656,29.030000686645508,27.940000534057617,29.020000457763672,24053600
2025-10-08,28.920000076293945,29.260000228881836,28.469999313354492,28.790000915527344,15208900
2025-10-09,28.450000762939453,29.229999542236328,28.309999465942383,29.170000076293945,13514400
2025-10-10,27.690000534057617,28.790000915527344,27.610000610351562,28.399999618530273,17265700
2025-10-13,28.09000015258789,28.520000457763672,27.8700008392334,28.209999084472656,13933500
2025-10-14,28.959999084472656,29.270000457763672,27.469999313354492,27.639999389648438,18603400
2025-10-15,28.84000015258789,29.399999618530273,28.729999542236328,29.1299991607666,13077100
2025-10-16,28.209999084472656,29.1200008392334,28.030000686645508,28.950000762939453,18101200
2025-10-17,28.309999465942383,28.56999969482422,27.719999313354492,27.979999542236328,16897400
2025-10-20,28.860000610351562,29.059999465942383,28.40999984741211,28.450000762939453,15392300
2025-10-21,29.969999313354492,30.020000457763672,28.809999465942383,28.989999771118164,19411400
2025-10-22,30.0,30.3700008392334,29.6299991607666,30.0,19819600
2025-10-23,29.440000534057617,30.100000381469727,29.25,29.760000228881836,19081400
2025-10-24,29.399999618530273,30.149999618530273,29.3700008392334,29.889999389648438,19776100
2025-10-27,29.420000076293945,29.889999389648438,29.049999237060547,29.700000762939453,19687500
2025-10-28,27.860000610351562,28.489999771118164,27.780000686645508,28.3700008392334,36340400
2025-10-29,27.8700008392334,28.40999984741211,27.65999984741211,27.799999237060547,32133800
2025-10-30,28.329999923706055,28.93000030517578,27.549999237060547,27.6200008392334,23362400
2025-10-31,28.829999923706055,28.979999542236328,28.020000457763672,28.25,44832700
2025-11-03,28.709999084472656,28.959999084472656,28.1299991607666,28.809999465942383,21219900
2025-11-04,26.110000610351562,27.309999465942383,25.90999984741211,27.0,39919000
2025-11-05,26.899999618530273,27.280000686645508,26.510000228881836,26.530000686645508,21405900
2025-11-06,26.3700008392334,27.030000686645508,26.290000915527344,26.68000030517578,16602400
2025-11-07,26.729999542236328,27.1299991607666,26.010000228881836,26.1299991607666,18927700
2025-11-10,26.889999389648438,27.43000030517578,26.670000076293945,27.09000015258789,21167200
2025-11-11,26.790000915527344,27.190000534057617,26.690000534057617,26.739999771118164,16090300
2025-11-12,27.1299991607666,27.81999969482422,26.8799991607666,26.920000076293945,17427300
2025-11-13,26.139999389648438,27.40999984741211,25.969999313354492,27.110000610351562,18128500
2025-11-14,26.020000457763672,26.170000076293945,25.290000915527344,25.719999313354492,14243700
2025-11-17,25.360000610351562,26.059999465942383,25.1200008392334,25.940000534057617,16530000
2025-11-18,25.760000228881836,26.010000228881836,25.299999237060547,25.3799991607666,17925300
2025-11-19,26.079999923706055,26.389999389648438,25.850000381469727,26.100000381469727,12727100
2025-11-20,25.31999969482422,26.6299991607666,25.290000915527344,26.360000610351562,21939900
2025-11-21,26.559999465942383,26.81999969482422,25.579999923706055,25.790000915527344,18027600
2025-11-24,24.760000228881836,26.860000610351562,24.600000381469727,26.729999542236328,42975800
2025-11-25,25.719999313354492,26.360000610351562,24.649999618530273,24.690000534057617,32096800
2025-11-26,25.43000030517578,25.950000762939453,25.43000030517578,25.93000030517578,30084200
2025-11-28,25.780000686645508,26.010000228881836,25.510000228881836,25.670000076293945,12260700
2025-12-01,25.93000030517578,25.979999542236328,25.40999984741211,25.639999389648438,17335300
2025-12-02,25.84000015258789,26.149999618530273,25.40999984741211,26.1200008392334,17932900
2025-12-03,26.040000915527344,26.149999618530273,25.530000686645508,25.829999923706055,20048800
2025-12-04,25.81999969482422,26.06999969482422,25.600000381469727,26.0,15680500
2025-12-05,25.8700008392334,26.040000915527344,25.65999984741211,25.93000030517578,10879900
2025-12-08,26.010000228881836,26.149999618530273,25.549999237060547,25.93000030517578,15756300
2025-12-09,25.510000228881836,25.860000610351562,25.270000457763672,25.68000030517578,17038500
2025-12-10,26.280000686645508,26.559999465942383,25.549999237060547,25.790000915527344,17622000
2025-12-11,27.84000015258789,28.09000015258789,26.3700008392334,26.3700008392334,24096700
2025-12-12,27.6200008392334,28.15999984741211,27.610000610351562,28.059999465942383,16421300
2025-12-15,28.600000381469727,28.809999465942383,27.920000076293945,28.110000610351562,21363700
2025-12-16,28.200000762939453,29.040000915527344,28.170000076293945,28.670000076293945,22716600
2025-12-17,28.030000686645508,28.899999618530273,28.010000228881836,28.260000228881836,18753700
2025-12-18,28.34000015258789,28.510000228881836,27.979999542236328,28.389999389648438,22533800
2025-12-19,31.1200008392334,31.489999771118164,27.959999084472656,28.549999237060547,84281000
2025-12-22,32.20000076293945,32.36000061035156,31.020000457763672,31.25,29981700
2025-12-23,31.65999984741211,32.88999938964844,31.31999969482422,32.52000045776367,24490100
2025-12-24,31.25,31.6200008392334,31.1200008392334,31.479999542236328,7559200
2025-12-26,30.700000762939453,31.450000762939453,30.610000610351562,31.25,10287000
2025-12-29,30.719999313354492,30.719999313354492,30.270000457763672,30.440000534057617,14914700
2025-12-30,30.81999969482422,31.010000228881836,30.700000762939453,30.719999313354492,9327600
2025-12-31,30.540000915527344,30.899999618530273,30.530000686645508,30.81999969482422,8289900
2026-01-02,30.920000076293945,31.219999313354492,30.3700008392334,30.690000534057617,15892000
2026-01-05,31.489999771118164,31.790000915527344,30.40999984741211,30.510000228881836,21182300
2026-01-06,32.29999923706055,32.79999923706055,31.469999313354492,31.600000381469727,23312500
2026-01-07,32.11000061035156,32.189998626708984,31.479999542236328,31.479999542236328,18236300
2026-01-08,31.690000534057617,32.470001220703125,31.489999771118164,32.09000015258789,20601600
2026-01-09,32.130001068115234,32.18000030517578,31.350000381469727,31.770000457763672,14978600
2026-01-12,31.610000610351562,32.0,31.399999618530273,31.899999618530273,14816100
2026-01-13,30.989999771118164,31.530000686645508,30.309999465942383,31.290000915527344,19716400
2026-01-14,30.18000030517578,30.760000228881836,29.59000015258789,30.739999771118164,23791600
2026-01-15,29.440000534057617,30.559999465942383,29.3700008392334,30.459999084472656,19752000
2026-01-16,28.920000076293945,29.489999771118164,28.799999237060547,29.440000534057617,16310400
2026-01-20,28.020000457763672,28.690000534057617,27.760000228881836,27.940000534057617,20008700
2026-01-21,28.25,28.530000686645508,28.030000686645508,28.329999923706055,15394100
2026-01-22,28.489999771118164,28.969999313354492,28.40999984741211,28.8700008392334,16454800
2026-01-23,28.549999237060547,28.8700008392334,28.190000534057617,28.350000381469727,18889900
2026-01-26,28.670000076293945,28.889999389648438,28.31999969482422,28.40999984741211,15455200
2026-01-27,28.690000534057617,28.719999313354492,28.34000015258789,28.670000076293945,10045400
2026-01-28,28.719999313354492,29.309999465942383,28.6200008392334,28.75,19948900
2026-01-29,31.149999618530273,31.440000534057617,29.229999542236328,29.290000915527344,40745500
2026-01-30,30.020000457763672,31.0,29.579999923706055,31.0,22778800
2026-02-02,32.45000076293945,32.689998626708984,30.1200008392334,30.18000030517578,30352500
2026-02-03,31.940000534057617,33.150001525878906,31.639999389648438,31.93000030517578,29019700
2026-02-04,32.09000015258789,32.43000030517578,31.139999389648438,32.43000030517578,23860000
2026-02-05,31.450000762939453,32.61000061035156,31.25,31.84000015258789,17165700
2026-02-06,33.9900016784668,34.029998779296875,31.729999542236328,31.809999465942383,27375400
2026-02-09,32.810001373291016,33.619998931884766,32.779998779296875,33.470001220703125,18347600
2026-02-10,33.349998474121094,33.650001525878906,32.5,32.54999923706055,21443400
2026-02-11,33.09000015258789,33.560001373291016,32.540000915527344,33.279998779296875,18968700
2026-02-12,32.599998474121094,33.75,32.11000061035156,33.33000183105469,21246400
2026-02-13,31.770000457763672,32.380001068115234,31.360000610351562,32.2599983215332,18274800
2026-02-17,32.68000030517578,33.209999084472656,32.130001068115234,32.599998474121094,21158200
2026-02-18,32.540000915527344,33.16999816894531,31.84000015258789,32.15999984741211,17421100
2026-02-19,31.549999237060547,32.689998626708984,31.469999313354492,32.20000076293945,23590700
2026-02-20,31.989999771118164,32.36000061035156,31.399999618530273,31.549999237060547,18134900
2026-02-23,30.420000076293945,32.369998931884766,29.959999084472656,31.920000076293945,24145900
2026-02-24,31.610000610351562,31.639999389648438,30.079999923706055,30.31999969482422,15667800
2026-02-25,31.700000762939453,31.940000534057617,31.190000534057617,31.780000686645508,13818900
2026-02-26,32.70000076293945,32.9900016784668,32.02000045776367,32.20000076293945,15711500
2026-02-27,31.549999237060547,31.959999084472656,31.219999313354492,31.3799991607666,19943500
2026-03-02,29.139999389648438,29.75,27.899999618530273,28.850000381469727,38114600
2026-03-03,28.530000686645508,28.829999923706055,27.110000610351562,27.68000030517578,30039700
2026-03-04,28.010000228881836,28.950000762939453,27.8799991607666,28.600000381469727,21974000
2026-03-05,27.15999984741211,28.40999984741211,26.709999084472656,27.709999084472656,34668300
2026-03-06,25.790000915527344,25.969999313354492,25.440000534057617,25.84000015258789,36028000
2026-03-09,26.389999389648438,26.389999389648438,23.469999313354492,24.469999313354492,56154000
2026-03-10,26.209999084472656,26.959999084472656,25.280000686645508,25.899999618530273,35613600
2026-03-11,25.969999313354492,26.549999237060547,25.510000228881836,26.010000228881836,23368300
2026-03-12,23.920000076293945,25.239999771118164,23.8700008392334,25.09000015258789,38826500
2026-03-13,23.989999771118164,24.829999923706055,23.780000686645508,24.09000015258789,23093200
2026-03-16,24.719999313354492,25.09000015258789,24.40999984741211,24.43000030517578,24107700
2026-03-17,25.09000015258789,25.40999984741211,24.90999984741211,25.290000915527344,21006500
2026-03-18,24.15999984741211,25.040000915527344,24.15999984741211,24.739999771118164,26305600
2026-03-19,24.940000534057617,25.040000915527344,23.959999084472656,24.020000457763672,30118800
2026-03-20,24.1200008392334,24.760000228881836,23.90999984741211,24.56999969482422,48721700
2026-03-23,25.450000762939453,26.219999313354492,25.3700008392334,25.649999618530273,34796900
2026-03-24,25.469999313354492,25.690000534057617,24.709999084472656,24.760000228881836,24791300
2026-03-25,25.729999542236328,26.389999389648438,25.520000457763672,26.219999313354492,24569000
2026-03-26,25.280000686645508,25.8799991607666,25.15999984741211,25.389999389648438,22463500
2026-03-27,24.190000534057617,25.459999084472656,23.65999984741211,24.56999969482422,43089900
2026-03-30,23.959999084472656,24.84000015258789,23.790000915527344,24.389999389648438,26741400
2026-03-31,25.8799991607666,25.93000030517578,24.5,24.739999771118164,41039100
2026-04-01,26.579999923706055,26.739999771118164,26.030000686645508,26.489999771118164,27439500
2026-04-02,25.639999389648438,26.059999465942383,24.940000534057617,25.34000015258789,26943800
