Function,"Symbol, Signal, Signal Date/Price[$]",Interval,Exit Signal Date/Price[$],Target for which Price has achieved over 90 percent of gain %,Backtested Target Exit Date,Next Two Target Price % from Latest Trading Price,"% Gain, Holding Period (days)","Current Trading Date/Price[$], Current Price vs Signal",Remaining Potential Exit Prices [$],Remaining Potential Exit Dates,Support (Recent Extrema/Horizontal/F-Stack 1/F-Stack 2/F-Track 1/F-Track 2/EMA 200) [$],"Win Rate [%], History Tested, Number of Trades","Sigmashell, Success Rate of Past Analysis [%]","Divergence observed with, Signal Type",Maxima Broken Date/Price[$],"Track Level/Price($), Price on Latest Trading day vs Track Level, Signal Type","Reference Upmove or Downmove start Date/Price($), end Date/Price($)",% Change in Price on Latest Trading day vs Price on Trendpulse Breakout day/Earliest Unconfirmed Signal day/Confirmed Signal day,Backtested Returns(Win Trades) [%] (Max/Min/Avg),"Backtested Max Loss [%], Backtested Min Single MTM during Hold Period [%]",Backtested Holding Period(Win Trades) (days) (Max/Min/Avg),Backtested Strategy CAGR [%],CAGR of Buy and Hold [%],CAGR difference (Strategy - Buy and Hold) [%],Backtested Strategy Sharpe Ratio,Sharpe Ratio of Buy and Hold,Latest Past 6 Months Performance[%]/No. of Analysed Trades/Avg Holding Period (days) (Across ALL Assets),Forward Testing Win Rate[%]/No. of Analysed Trades/Avg Holding Period (days) (Across ALL Assets)
FRACTAL TRACK,"FPH.NZ, Long, 2025-05-11 (Price: 35.95)",Weekly,No Exit Yet,39.1917 (Horizontal),No Date Target,1.47%/5.22%,"8.21%, 8.1 months","2026-01-08 (Price: 38.9), 8.21% above",39.4731 (Historic Rise or Fall to Pivot)/42.0723 (Avg % Gain of Historic Winning trades)/52.54 (Exit Rule)/40.9296 (F-Stack 1)/48.5677 (F-Stack 2)/43.1005 (Backtested Max)/41.4468 (Backtested Min),2029-07-01 (Max)/2026-12-05 (Avg),32.55/22.5167/30.9793/26.1935/No F-Track Level/No F-Track Level/No EMA 200 Support,"100.0%, Past 20 years, 11",No Information,No Information,No Information,"23.66% (Price: 32.958), 18.03% above, Upmove Bounce Back","2018-12-16 (Price: 11.85), 2025-01-26 (Price: 39.5)",No Information,19.89%/15.29%/17.03%,"-0.0%, 42.34%",2.9 years/3.3 months/1.1 year,9.13%,8.49%,0.64%,1.13,0.45,96.55%/87/1.1 year (Across ALL Assets),70.5%/139/7.1 months (Across ALL Assets)
FRACTAL TRACK,"FPH.NZ, Long, 2025-04-06 (Price: 34.58)",Weekly,No Exit Yet,39.1917 (Horizontal),No Date Target,2.49%/4.03%,"12.49%, 9.2 months","2026-01-08 (Price: 38.9), 12.49% above",40.469 (Avg % Gain of Historic Winning trades)/46.11 (Exit Rule)/40.9296 (F-Stack 1)/48.5677 (F-Stack 2)/41.458 (Backtested Max)/39.8673 (Backtested Min),2029-05-27 (Max)/2026-10-31 (Avg),32.55/22.5167/30.9793/26.1935/No F-Track Level/No F-Track Level/No EMA 200 Support,"100.0%, Past 20 years, 11",No Information,No Information,No Information,"38.2% (Price: 32.1618), 20.95% above, Upmove Bounce Back","2023-11-05 (Price: 20.29), 2025-01-26 (Price: 39.5)",No Information,19.89%/15.29%/17.03%,"-0.0%, 42.34%",2.9 years/3.3 months/1.1 year,9.13%,8.49%,0.64%,1.13,0.45,96.55%/87/1.1 year (Across ALL Assets),70.5%/139/7.1 months (Across ALL Assets)
FRACTAL TRACK,"FPH.NZ, Long, 2025-05-31 (Price: 36.5)",Monthly,No Exit Yet,38.8663 (Horizontal),No Date Target,5.22%/13.2%,"6.58%, 7.4 months","2026-01-08 (Price: 38.9), 6.58% above",45.4936 (Historic Rise or Fall to Pivot)/44.2782 (Avg % Gain of Historic Winning trades)/55.32 (Exit Rule)/40.9296 (F-Stack 1)/48.5677 (F-Stack 2)/44.7965 (Backtested Max)/44.0336 (Backtested Min),2034-07-20 (Max)/2030-02-14 (Avg),33.54/22.5167/30.9793/26.1935/No F-Track Level/No F-Track Level/No EMA 200 Support,"85.71%, Past 24 years, 7",No Information,No Information,No Information,"23.66% (Price: 32.0779), 21.27% above, Upmove Bounce Back","2016-11-30 (Price: 8.13), 2025-01-31 (Price: 39.5)",No Information,22.73%/20.64%/21.31%,"10.15%, 45.89%",6.4 years/4 months/3.3 years,4.68%,9.29%,-4.61%,0.75,0.49,88.57%/35/2.2 years (Across ALL Assets),60.29%/68/9.3 months (Across ALL Assets)
TRENDPULSE,"FPH.NZ, Long, 2025-09-05 (Price: 37.89)",Daily,No Exit Yet,38.98 (Exit Rule),No Date Target,0.75%/1.18%,"2.67%, 4.2 months","2026-01-08 (Price: 38.9), 2.67% above",39.9967 (Historic Rise or Fall to Pivot)/39.3601 (Avg % Gain of Historic Winning trades)/39.1917 (Horizontal)/40.9296 (F-Stack 1)/48.5677 (F-Stack 2)/42.0579 (Backtested Max),2026-02-04 (Max),36.6/22.5167/30.9793/26.1935/No F-Track Level/No F-Track Level/36.2,"84.09%, Past 4 years, 44",No Information,No Information,No Information,No Information,No Information,2.67% above/2.67% above/2.67% above,11.0%/0.47%/3.88%,"35.07%, 43.46%",3.5 months/7 days/1.2 month,-16.19%,6.47%,-22.66%,-0.13,0.33,91.01%/278/1.3 month (Across ALL Assets),82.21%/669/1.4 month (Across ALL Assets)
DELTADRIFT,"NFLX, Long, 2025-12-12 (Price: 95.19)",Daily,No Exit Yet,No Price Target,2026-01-07 (Max),7.66%/10.99%,"-4.9%, 27 days","2026-01-08 (Price: 90.53), 4.9% below",100.4826 (Historic Rise or Fall to Pivot)/101.3393 (Avg % Gain of Historic Winning trades)/100.91 (Exit Rule)/139.352 (F-Stack 1)/152.4292 (F-Stack 2)/113.28 (EMA 200)/107.0507 (Backtested Max)/97.465 (Backtested Min),No Next Date Target,92.71/34.8663/86.4764/77.567/No F-Track Level/No F-Track Level/No EMA 200 Support,"81.82%, Past 4 years, 11",No Information,No Information,No Information,No Information,No Information,No Information,12.46%/2.39%/6.46%,"20.18%, 20.74%",18 days/1 day/6 days,8.49%,10.45%,-1.96%,0.17,0.53,86.49%/111/12 days (Across ALL Assets),78.66%/478/16 days (Across ALL Assets)
TRENDPULSE,"NFLX, Long, 2025-12-29 (Price: 94.15)",Daily,No Exit Yet,No Price Target,2026-01-08 (Min),4.47%/6.34%,"-3.84%, 10 days","2026-01-08 (Price: 90.53), 3.84% below",96.2684 (Historic Rise or Fall to Pivot)/97.2758 (Avg % Gain of Historic Winning trades)/103.57 (Exit Rule)/139.352 (F-Stack 1)/152.4292 (F-Stack 2)/113.4 (EMA 200)/100.8817 (Backtested Max)/94.5737 (Backtested Min),2026-04-29 (Max)/2026-03-04 (Avg),93.23/34.8663/86.4764/77.567/No F-Track Level/No F-Track Level/No EMA 200 Support,"88.24%, Past 4 years, 17",No Information,No Information,No Information,No Information,No Information,4.17% below/3.84% below/3.84% below,7.15%/0.45%/3.32%,"0.57%, 20.2%",2.8 months/7 days/1.5 month,16.89%,16.03%,0.86%,1.0,0.73,91.01%/278/1.3 month (Across ALL Assets),82.21%/669/1.4 month (Across ALL Assets)
TRENDPULSE,"NFLX, Long, 2025-05-31 (Price: 120.723)",Monthly,No Exit Yet,No Price Target,2026-01-07 (Min),51.14%/53.93%,"-25.01%, 7.4 months","2026-01-08 (Price: 90.53), 25.01% below",191.5391 (Historic Rise or Fall to Pivot)/157.4228 (Avg % Gain of Historic Winning trades)/181.31 (Exit Rule)/139.352 (F-Stack 2)/178.5372 (Backtested Max)/136.8274 (Backtested Min),2027-07-22 (Max)/2026-06-30 (Avg),17.49/34.8663/100.8852/86.4764/No F-Track Level/No F-Track Level/89.19,"100.0%, Past 20 years, 16",No Information,No Information,No Information,No Information,No Information,20.01% below/20.48% below/25.01% below,47.89%/13.34%/30.4%,"-0.0%, 41.88%",1.5 year/5.1 months/9.1 months,18.72%,22.73%,-4.01%,1.4,0.91,95.24%/63/1 year (Across ALL Assets),74.68%/158/8.8 months (Across ALL Assets)
FRACTAL TRACK,"SJ.TO, Long, 2025-08-24 (Price: 78.13)",Weekly,No Exit Yet,86.9118 (Historic Rise or Fall to Pivot),No Date Target,3.39%/8.22%,"12.15%, 4.6 months","2026-01-08 (Price: 87.62), 12.15% above",90.5917 (Avg % Gain of Historic Winning trades)/136.68 (Exit Rule)/95.0177 (F-Stack 1)/123.2166 (F-Stack 2)/94.8264 (Backtested Max),2035-12-04 (Max)/2027-07-02 (Avg),76.98/38.015/66.807/60.0601/No F-Track Level/No F-Track Level/77.97,"92.31%, Past 20 years, 13",No Information,No Information,No Information,"23.66% (Price: 74.9138), 16.96% above, Upmove Bounce Back","1999-03-07 (Price: 0.425), 2024-07-28 (Price: 98.0)",No Information,21.37%/7.04%/15.95%,"14.17%, 49.7%",7.2 years/1.2 month/1.3 year,8.85%,12.31%,-3.46%,1.52,0.64,96.55%/87/1.1 year (Across ALL Assets),70.5%/139/7.1 months (Across ALL Assets)
FRACTAL TRACK,"SJ.TO, Long, 2025-07-06 (Price: 78.82)",Weekly,No Exit Yet,87.6794 (Historic Rise or Fall to Pivot),No Date Target,4.3%/8.44%,"11.16%, 6.2 months","2026-01-08 (Price: 87.62), 11.16% above",91.3918 (Avg % Gain of Historic Winning trades)/137.36 (Exit Rule)/95.0177 (F-Stack 1)/123.2166 (F-Stack 2)/95.6638 (Backtested Max),2035-10-16 (Max)/2027-05-14 (Avg),65.75/38.015/66.807/60.0601/No F-Track Level/No F-Track Level/77.97,"92.31%, Past 20 years, 13",No Information,No Information,No Information,"23.66% (Price: 74.9167), 16.96% above, Upmove Bounce Back","2002-02-03 (Price: 0.4375), 2024-07-28 (Price: 98.0)",No Information,21.37%/7.04%/15.95%,"14.17%, 49.7%",7.2 years/1.2 month/1.3 year,8.85%,12.31%,-3.46%,1.52,0.64,96.55%/87/1.1 year (Across ALL Assets),70.5%/139/7.1 months (Across ALL Assets)
TRENDPULSE,"SJ.TO, Long, 2025-11-09 (Price: 83.75)",Weekly,2026-01-08 (Price: 87.62) (Today),No Price Target,No Date Target,3.11%/6.19%,"4.62%, 2 months","2026-01-08 (Price: 87.62), 4.62% above",93.0463 (Historic Rise or Fall to Pivot)/90.3411 (Avg % Gain of Historic Winning trades)/95.0177 (F-Stack 1)/123.2166 (F-Stack 2)/103.7662 (Backtested Max),2027-04-14 (Max)/2026-03-01 (Avg),76.55/38.015/66.807/60.0601/No F-Track Level/No F-Track Level/74.69,"83.33%, Past 10 years, 24",No Information,No Information,No Information,No Information,No Information,4.62% above/7.04% above/4.62% above,23.9%/1.55%/7.87%,"6.63%, 46.57%",1 year/1.2 month/2.6 months,13.27%,11.85%,1.42%,0.6,0.66,91.25%/160/4.9 months (Across ALL Assets),82.63%/334/3.7 months (Across ALL Assets)
TRENDPULSE,"FBU.NZ, Long, 2025-12-07 (Price: 3.64)",Weekly,No Exit Yet,3.8165 (Avg % Gain of Historic Winning trades),No Date Target,0.79%/0.94%,"4.67%, 1.1 month","2026-01-08 (Price: 3.81), 4.67% above",3.84 (Exit Rule)/7.985 (Horizontal)/12.7156 (F-Stack 1)/14.3053 (F-Stack 2)/3.846 (Backtested Max),2027-07-03 (Max)/2026-05-08 (Min)/2027-02-14 (Avg),2.94/2.82/3.5015/3.1474/No F-Track Level/No F-Track Level/3.2,"88.89%, Past 10 years, 18",No Information,No Information,No Information,No Information,No Information,4.67% above/4.67% above/4.67% above,5.66%/3.22%/4.85%,"41.61%, 51.08%",1.1 year/3.5 months/10 months,-4.06%,-3.73%,-0.33%,-0.25,-0.19,91.25%/160/4.9 months (Across ALL Assets),82.63%/334/3.7 months (Across ALL Assets)
TRENDPULSE,"FBU.NZ, Long, 2025-11-16 (Price: 3.45)",Weekly,2026-01-04 (Price: 3.68),3.82 (Exit Rule),No Date Target,109.58%/233.74%,"10.43%, 1.8 month","2026-01-08 (Price: 3.81), 10.43% above",7.985 (Horizontal)/12.7156 (F-Stack 1)/14.3053 (F-Stack 2),2027-06-12 (Max)/2026-04-17 (Min)/2027-01-24 (Avg),2.94/2.82/3.1474/No support/No F-Track Level/No F-Track Level/3.17,"88.89%, Past 10 years, 18",No Information,No Information,No Information,No Information,No Information,9.17% above/10.43% above/10.43% above,5.66%/3.22%/4.85%,"41.61%, 51.08%",1.1 year/3.5 months/10 months,-4.06%,-3.73%,-0.33%,-0.25,-0.19,91.25%/160/4.9 months (Across ALL Assets),82.63%/334/3.7 months (Across ALL Assets)
TRENDPULSE,"FBU.NZ, Long, 2025-02-28 (Price: 3.39)",Monthly,No Exit Yet,3.77 (Backtested Min),No Date Target,3.96%/7.55%,"12.39%, 10.5 months","2026-01-08 (Price: 3.81), 12.39% above",3.9609 (Historic Rise or Fall to Pivot)/4.0978 (Avg % Gain of Historic Winning trades)/4.25 (Exit Rule)/7.985 (Horizontal)/12.7156 (F-Stack 1)/14.3053 (F-Stack 2)/4.3114 (Backtested Max),No Next Date Target,2.83/3.3133/3.1474/No support/No F-Track Level/No F-Track Level/3.02,"100.0%, Past 20 years, 10",No Information,No Information,No Information,No Information,No Information,33.68% above/16.51% above/12.39% above,27.18%/11.21%/20.88%,"-0.0%, 49.28%",6.1 months/5 months/5.3 months,5.5%,0.69%,4.81%,1.23,0.0,95.24%/63/1 year (Across ALL Assets),74.68%/158/8.8 months (Across ALL Assets)
DELTADRIFT,"PG, Long, 2025-12-28 (Price: 144.74)",Weekly,No Exit Yet,No Price Target,2026-01-07 (Min),5.5%/7.8%,"-2.22%, 11 days","2026-01-08 (Price: 141.53), 2.22% below",152.9468 (Historic Rise or Fall to Pivot)/152.5704 (Avg % Gain of Historic Winning trades)/152.76 (Exit Rule)/179.4533 (Horizontal)/186.6499 (F-Stack 1)/209.3631 (F-Stack 2)/155.45 (EMA 200)/158.6929 (Backtested Max)/149.3138 (Backtested Min),2026-10-19 (Max)/2026-03-24 (Avg),142.84/121.86/140.2317/117.5404/No F-Track Level/No F-Track Level/No EMA 200 Support,"100.0%, Past 15 years, 5",No Information,No Information,No Information,No Information,No Information,No Information,9.64%/3.16%/5.41%,"0%, 10.64%",6.8 months/7 days/2 months,7.35%,3.94%,3.41%,1.98,0.16,93.75%/16/3.4 months (Across ALL Assets),87.5%/104/2.3 months (Across ALL Assets)
SIGMASHELL,"PG, Long, 2025-10-02 (Price: 152.05)",Daily,No Exit Yet,No Price Target,2026-01-09 (Avg),8.34%/9.84%,"-6.92%, 3.3 months","2026-01-08 (Price: 141.53), 6.92% below",155.6384 (Historic Rise or Fall to Pivot)/162.6023 (Avg % Gain of Historic Winning trades)/186.6499 (Exit Rule)/179.4533 (Horizontal)/186.6499 (F-Stack 1)/209.3631 (F-Stack 2)/155.45 (EMA 200)/175.5873 (Backtested Max)/153.3272 (Backtested Min),2026-05-20 (Max)/2026-01-09 (Avg),150.47/121.86/140.2317/117.5404/No F-Track Level/No F-Track Level/No EMA 200 Support,"100.0%, Past 5 years, 13","-3.12, 83.93",No Information,No Information,No Information,No Information,No Information,15.48%/0.84%/6.94%,"-0.0%, 11.76%",5.3 months/1.2 month/2.3 months,17.9%,6.33%,11.57%,1.15,0.33,85.45%/55/4.2 months (Across ALL Assets),74.3%/214/3.9 months (Across ALL Assets)
TRENDPULSE,"HDB, Long, 2025-12-31 (Price: 36.54)",Daily,No Exit Yet,No Price Target,2026-01-08 (Min),10.27%/12.22%,"-8.62%, 8 days","2026-01-08 (Price: 33.39), 8.62% below",38.8968 (Historic Rise or Fall to Pivot)/37.8372 (Avg % Gain of Historic Winning trades)/37.47 (Exit Rule)/39.3812 (Horizontal)/40.717 (F-Stack 1)/47.4928 (F-Stack 2)/38.9626 (Backtested Max)/36.8177 (Backtested Min),2026-02-21 (Max)/2026-01-31 (Avg),35.13/25.6925/32.7076/21.1884/No F-Track Level/No F-Track Level/36.17,"85.71%, Past 4 years, 14",No Information,No Information,No Information,No Information,No Information,8.12% below/8.62% below/8.62% below,6.63%/0.76%/3.55%,"0.81%, 14.63%",1.2 month/6 days/22 days,14.01%,1.7%,12.31%,1.17,0.11,91.01%/278/1.3 month (Across ALL Assets),82.21%/669/1.4 month (Across ALL Assets)
TRENDPULSE,"HDB, Long, 2025-05-31 (Price: 37.695)",Monthly,No Exit Yet,No Price Target,2026-01-07 (Min),16.36%/20.91%,"-11.42%, 7.4 months","2026-01-08 (Price: 33.39), 11.42% below",40.5485 (Historic Rise or Fall to Pivot)/43.1834 (Avg % Gain of Historic Winning trades)/42.95 (Exit Rule)/38.8512 (Horizontal)/40.717 (F-Stack 1)/47.4928 (F-Stack 2)/45.0342 (Backtested Max)/40.3713 (Backtested Min),2027-12-25 (Max)/2027-04-08 (Avg),26.75/25.82/32.7076/21.1884/No F-Track Level/No F-Track Level/32.11,"100.0%, Past 20 years, 12",No Information,No Information,No Information,No Information,No Information,11.42% below/8.93% below/11.42% below,19.47%/7.1%/14.56%,"-0.0%, 63.31%",1.8 year/5.1 months/1.3 year,10.0%,11.88%,-1.88%,1.34,0.59,95.24%/63/1 year (Across ALL Assets),74.68%/158/8.8 months (Across ALL Assets)
FRACTAL TRACK,"MEL.NZ, Long, 2025-05-31 (Price: 5.49)",Monthly,No Exit Yet,No Price Target,2026-01-07 (Min),18.15%/19.4%,"3.28%, 7.4 months","2026-01-08 (Price: 5.67), 3.28% above",7.0036 (Avg % Gain of Historic Winning trades)/6.77 (Exit Rule)/6.825 (Horizontal)/7.4565 (F-Stack 1)/8.4564 (F-Stack 2)/7.3489 (Backtested Max)/6.6989 (Backtested Min),2029-09-11 (Max)/2028-02-15 (Avg),5.48/4.3875/4.8318/4.5145/No F-Track Level/No F-Track Level/No EMA 200 Support,"100.0%, Past 12 years, 5",No Information,No Information,No Information,"78.6% (Price: 5.2119), 8.79% above, Upmove Bounce Back","2023-10-31 (Price: 4.755), 2024-07-31 (Price: 6.89)",No Information,33.86%/22.02%/27.57%,"-0.0%, 18.2%",3 years/5.1 months/1.9 year,15.8%,7.62%,8.18%,1.15,0.44,88.57%/35/2.2 years (Across ALL Assets),60.29%/68/9.3 months (Across ALL Assets)
TRENDPULSE,"MEL.NZ, Long, 2025-09-03 (Price: 5.9)",Daily,No Exit Yet,No Price Target,2026-01-07 (Avg),7.72%/7.84%,"-3.9%, 4.2 months","2026-01-08 (Price: 5.67), 3.9% below",6.1077 (Historic Rise or Fall to Pivot)/6.1148 (Avg % Gain of Historic Winning trades)/6.825 (Horizontal)/7.4565 (F-Stack 1)/8.4564 (F-Stack 2)/6.3112 (Backtested Max),2026-08-29 (Max),5.42/4.3875/4.8318/4.5145/No F-Track Level/No F-Track Level/5.77,"93.94%, Past 4 years, 33",No Information,No Information,No Information,No Information,No Information,2.91% below/3.9% below/3.9% below,6.97%/1.45%/3.64%,"6.51%, 16.22%",8.3 months/20 days/2.9 months,15.17%,1.53%,13.64%,0.66,0.09,91.01%/278/1.3 month (Across ALL Assets),82.21%/669/1.4 month (Across ALL Assets)
FRACTAL TRACK,"XLU, Long, 2025-03-31 (Price: 39.425)",Monthly,2026-01-08 (Price: 41.99) (Today),No Price Target,No Date Target,7.53%/13.96%,"6.51%, 9.4 months","2026-01-08 (Price: 41.99), 6.51% above",45.1535 (Avg % Gain of Historic Winning trades)/51.42 (Exit Rule)/49.4858 (F-Stack 1)/72.2363 (F-Stack 2)/47.8501 (Backtested Max),2033-09-01 (Max)/2026-07-26 (Min)/2027-09-03 (Avg),29.46/29.76/35.4254/26.7354/No F-Track Level/No F-Track Level/No EMA 200 Support,"92.31%, Past 27 years, 13",No Information,No Information,No Information,"23.66% (Price: 36.9765), 13.56% above, Upmove Bounce Back","2020-03-31 (Price: 21.72), 2024-11-30 (Price: 41.705)",No Information,21.37%/2.75%/14.53%,"4.79%, 46.41%",5.9 years/11.1 months/1.7 year,5.35%,2.87%,2.48%,1.11,0.06,88.57%/35/2.2 years (Across ALL Assets),60.29%/68/9.3 months (Across ALL Assets)
OSCILLATOR DELTA,"XLU, Long, 2025-12-23 (Price: 42.62)",Daily,No Exit Yet,No Price Target,2026-01-06 (Min),6.59%/7.81%,"-1.48%, 16 days","2026-01-08 (Price: 41.99), 1.48% below",45.271 (Historic Rise or Fall to Pivot)/46.4984 (Avg % Gain of Historic Winning trades)/46.88 (Exit Rule)/49.4858 (F-Stack 1)/65.2454 (F-Stack 2)/54.1913 (Backtested Max)/44.7553 (Backtested Min),2026-11-22 (Max)/2026-04-14 (Avg),No Recent Minima/29.6267/35.4254/30.3912/No F-Track Level/No F-Track Level/42.09,"80.0%, Past 6 years, 15",No Information,No Information,No Information,No Information,No Information,No Information,27.15%/5.01%/9.1%,"11.19%, 14.07%",7.7 months/10 days/2.6 months,16.95%,4.29%,12.66%,0.47,0.2,88.52%/61/1.9 month (Across ALL Assets),68.58%/261/2.6 months (Across ALL Assets)
TRENDPULSE,"GOOG, Long, 2025-10-31 (Price: 281.82)",Monthly,No Exit Yet,322.8294 (F-Stack 2),No Date Target,5.45%/23.39%,"15.68%, 2.3 months","2026-01-08 (Price: 326.01), 15.68% above",343.764 (Historic Rise or Fall to Pivot)/412.669 (Avg % Gain of Historic Winning trades)/402.28 (Exit Rule)/459.4793 (Backtested Max),2027-01-17 (Max)/2026-06-09 (Min)/2026-07-27 (Avg),156.23/84.6567/240.3589/219.0619/No F-Track Level/No F-Track Level/194.01,"100.0%, Past 20 years, 11",No Information,No Information,No Information,No Information,No Information,33.86% above/29.52% above/15.68% above,63.04%/12.61%/46.43%,"-0.0%, 18.92%",10.2 months/5.1 months/6.2 months,13.15%,17.12%,-3.97%,1.16,0.87,95.24%/63/1 year (Across ALL Assets),74.68%/158/8.8 months (Across ALL Assets)
FRACTAL TRACK,"MSFT, Long, 2025-06-30 (Price: 497.41)",Monthly,2026-01-08 (Price: 478.11) (Today),No Price Target,No Date Target,10.93%/15.74%,"-3.88%, 6.4 months","2026-01-08 (Price: 478.11), 3.88% below",669.6133 (Historic Rise or Fall to Pivot)/608.4319 (Avg % Gain of Historic Winning trades)/650.36 (Exit Rule)/553.3726 (F-Stack 2)/636.0879 (Backtested Max)/530.3883 (Backtested Min),2045-10-07 (Max)/2028-01-24 (Avg),375.39/216.39/386.873/350.287/No F-Track Level/No F-Track Level/479.8,"92.31%, Past 39 years, 13",No Information,No Information,No Information,"50% (Price: 340.89), 40.25% above, Upmove Bounce Back","2022-11-30 (Price: 213.43), 2024-07-31 (Price: 468.35)",No Information,27.88%/6.63%/22.32%,"7.72%, 56.13%",14.2 years/3 months/1.8 year,7.9%,16.21%,-8.31%,1.65,0.79,88.57%/35/2.2 years (Across ALL Assets),60.29%/68/9.3 months (Across ALL Assets)
TRENDPULSE,"BTC-USD, Long, 2025-05-31 (Price: 104638.0938)",Monthly,No Exit Yet,No Price Target,2026-01-07 (Min),49.22%/70.14%,"-12.84%, 7.4 months","2026-01-08 (Price: 91206.0859), 12.84% below",360760.756 (Historic Rise or Fall to Pivot)/283025.1161 (Avg % Gain of Historic Winning trades)/161744.31 (Exit Rule)/136097.3501 (F-Stack 2)/404352.9859 (Backtested Max)/155178.2931 (Backtested Min),2026-02-20 (Max)/2026-02-07 (Avg),16547.5/18304.4229/88806.9363/81023.3741/No F-Track Level/No F-Track Level/94736.72,"100.0%, Past 20 years, 5",No Information,No Information,No Information,No Information,No Information,3.19% below/12.84% below/12.84% below,286.43%/48.3%/170.48%,"-0.0%, 15.0%",6.1 months/5.1 months/5.8 months,57.76%,40.52%,17.24%,0.93,1.37,95.24%/63/1 year (Across ALL Assets),74.68%/158/8.8 months (Across ALL Assets)
TRENDPULSE,"TSLA, Long, 2025-05-31 (Price: 346.46)",Monthly,2026-01-08 (Price: 435.8) (Today),No Price Target,No Date Target,12.47%/98.3%,"25.79%, 7.4 months","2026-01-08 (Price: 435.8), 25.79% above",864.2098 (Historic Rise or Fall to Pivot)/490.132 (F-Stack 2),2028-02-15 (Max)/2028-02-15 (Max)/2028-02-15 (Max),175.79/167.4534/330.0827/262.8246/No F-Track Level/No F-Track Level/302.39,"83.33%, Past 20 years, 6",No Information,No Information,No Information,No Information,No Information,54.45% above/53.01% above/25.79% above,7.79%/7.79%/7.79%,"2.38%, 35.95%",1.9 year/1.9 year/1.9 year,26.29%,28.82%,-2.53%,0.27,1.04,95.24%/63/1 year (Across ALL Assets),74.68%/158/8.8 months (Across ALL Assets)
TRENDPULSE,"BRK-B, Long, 2025-11-16 (Price: 508.94)",Weekly,No Exit Yet,No Price Target,2026-01-07 (Min),3.68%/4.14%,"-1.8%, 1.8 month","2026-01-08 (Price: 499.77), 1.8% below",542.0211 (Historic Rise or Fall to Pivot)/533.929 (Avg % Gain of Historic Winning trades)/518.18 (Exit Rule)/630.85 (F-Stack 1)/709.9376 (F-Stack 2)/567.977 (Backtested Max)/520.442 (Backtested Min),2027-01-15 (Max)/2026-02-28 (Avg),477.54/268.082/491.88/449.7662/No F-Track Level/No F-Track Level/496.0,"96.0%, Past 10 years, 25",No Information,No Information,No Information,No Information,No Information,1.8% below/0.52% below/1.8% below,11.6%/2.26%/4.91%,"13.62%, 25.57%",9.8 months/1.2 month/2.4 months,9.19%,8.89%,0.3%,0.7,0.57,91.25%/160/4.9 months (Across ALL Assets),82.63%/334/3.7 months (Across ALL Assets)
TRENDPULSE,"QQQ, Long, 2025-08-31 (Price: 570.4)",Monthly,2026-01-08 (Price: 620.47) (Today),No Price Target,No Date Target,3.21%/4.63%,"8.78%, 4.3 months","2026-01-08 (Price: 620.47), 8.78% above",649.1722 (Historic Rise or Fall to Pivot)/640.3881 (Avg % Gain of Historic Winning trades)/735.71 (Exit Rule)/836.2536 (F-Stack 2)/664.2308 (Backtested Max),2026-11-17 (Max)/2026-04-05 (Min)/2026-07-18 (Avg),468.92/256.995/563.3658/526.8888/No F-Track Level/No F-Track Level/518.49,"100.0%, Past 20 years, 14",No Information,No Information,No Information,No Information,No Information,8.78% above/8.78% above/8.78% above,16.45%/5.89%/12.27%,"-0.0%, 33.07%",10.2 months/5 months/7.4 months,8.4%,6.82%,1.58%,1.2,0.37,95.24%/63/1 year (Across ALL Assets),74.68%/158/8.8 months (Across ALL Assets)
FRACTAL TRACK,"MCD, Long, 2025-08-31 (Price: 313.54)",Monthly,No Exit Yet,No Price Target,2026-01-08 (Min),3.91%/4.25%,"-1.49%, 4.3 months","2026-01-08 (Price: 308.88), 1.49% below",383.2399 (Historic Rise or Fall to Pivot)/377.9411 (Avg % Gain of Historic Winning trades)/434.79 (Exit Rule)/322.0 (Horizontal)/370.0426 (F-Stack 1)/590.3302 (F-Stack 2)/405.0623 (Backtested Max)/320.9709 (Backtested Min),2035-03-25 (Max)/2027-10-22 (Avg),254.84/204.46/254.2758/233.8976/No F-Track Level/No F-Track Level/306.33,"81.48%, Past 60 years, 27",No Information,No Information,No Information,"23.66% (Price: 278.5055), 10.91% above, Upmove Bounce Back","2020-03-31 (Price: 124.23), 2025-03-31 (Price: 326.32)",No Information,29.19%/2.37%/20.54%,"23.84%, 62.0%",6.7 years/3 months/1.5 year,6.88%,8.79%,-1.91%,0.83,0.47,88.57%/35/2.2 years (Across ALL Assets),60.29%/68/9.3 months (Across ALL Assets)
TRENDPULSE,"HDFCBANK.NS, Long, 2025-11-28 (Price: 1007.6)",Daily,No Exit Yet,No Price Target,2026-01-10 (Avg),6.64%/7.71%,"-6.04%, 1.4 month","2026-01-08 (Price: 946.7), 6.04% below",1026.8452 (Historic Rise or Fall to Pivot)/1043.5713 (Avg % Gain of Historic Winning trades)/1024.94 (Exit Rule)/1009.6 (Horizontal)/1098.0619 (F-Stack 1)/1305.7899 (F-Stack 2)/1089.7194 (Backtested Max)/1019.6912 (Backtested Min),2026-04-07 (Max)/2026-01-10 (Avg),982.3/640.9/962.8007/765.1075/No F-Track Level/No F-Track Level/956.63,"100.0%, Past 4 years, 22",No Information,No Information,No Information,No Information,No Information,5.7% below/6.04% below/6.04% below,8.15%/1.2%/3.57%,"-0.0%, 11.99%",3 months/4 days/1 month,15.51%,5.46%,10.05%,1.19,0.28,91.01%/278/1.3 month (Across ALL Assets),82.21%/669/1.4 month (Across ALL Assets)
FRACTAL TRACK,"BN.TO, Long, 2025-11-20 (Price: 61.6)",Daily,2026-01-06 (Price: 67.9),No Price Target,No Date Target,3.33%/6.29%,"6.3%, 1.6 month","2026-01-08 (Price: 65.48), 6.3% above",67.6614 (Avg % Gain of Historic Winning trades)/86.61 (Exit Rule)/69.5978 (F-Stack 1)/79.2394 (F-Stack 2)/70.0146 (Backtested Max),2029-08-06 (Max)/2026-08-20 (Avg),60.2/26.2374/59.2857/53.7251/No F-Track Level/No F-Track Level/58.62,"95.65%, Past 2 years, 23",No Information,No Information,No Information,"23.66% (Price: 58.5318), 11.87% above, Upmove Bounce Back","2023-10-31 (Price: 26.7133), 2025-09-23 (Price: 68.3933)",No Information,13.66%/1.8%/9.84%,"1.86%, 36.05%",2.6 years/6 days/6.3 months,32.86%,12.33%,20.53%,1.73,0.66,94.15%/325/5.2 months (Across ALL Assets),62.26%/53/5.5 months (Across ALL Assets)
TRENDPULSE,"WPM.TO, Long, 2025-09-21 (Price: 148.53)",Weekly,2026-01-08 (Price: 171.59) (Today),No Price Target,2026-01-11 (Avg),3.79%/9.16%,"15.53%, 3.6 months","2026-01-08 (Price: 171.59), 15.53% above",187.3 (Exit Rule)/178.0989 (F-Stack 2)/188.7668 (Backtested Max),2026-03-31 (Max)/2026-01-11 (Avg),82.12/48.855/125.9496/92.3678/No F-Track Level/No F-Track Level/111.59,"86.67%, Past 10 years, 30",No Information,No Information,No Information,No Information,No Information,15.53% above/15.53% above/15.53% above,27.09%/5.0%/11.19%,"14.05%, 49.41%",4.4 months/1.2 month/2.6 months,3.49%,6.66%,-3.17%,0.68,0.35,91.25%/160/4.9 months (Across ALL Assets),82.63%/334/3.7 months (Across ALL Assets)
TRENDPULSE,"DIA, Long, 2025-10-26 (Price: 472.21)",Weekly,2025-12-28 (Price: 487.03),490.8623 (Historic Rise or Fall to Pivot),No Date Target,1.93%/9.26%,"4.3%, 2.5 months","2026-01-08 (Price: 492.53), 4.3% above",546.77 (Exit Rule)/538.1343 (F-Stack 1)/826.9871 (F-Stack 2)/502.0537 (Backtested Max),2026-12-25 (Max)/2026-06-04 (Avg),454.87/321.6725/359.6128/249.2814/No F-Track Level/No F-Track Level/435.91,"100.0%, Past 10 years, 21",No Information,No Information,No Information,No Information,No Information,6.66% above/4.3% above/4.3% above,6.32%/1.23%/3.68%,"-0.0%, 14.86%",9.8 months/1.6 month/5.1 months,6.77%,6.84%,-0.07%,2.38,0.43,91.25%/160/4.9 months (Across ALL Assets),82.63%/334/3.7 months (Across ALL Assets)
FRACTAL TRACK,"AIA.NZ, Long, 2025-04-27 (Price: 8.0)",Weekly,No Exit Yet,8.4528 (Historic Rise or Fall to Pivot),No Date Target,4.66%/6.71%,"6.25%, 8.5 months","2026-01-08 (Price: 8.5), 6.25% above",9.116 (Avg % Gain of Historic Winning trades)/9.07 (Exit Rule)/8.8962 (Horizontal)/11.1706 (F-Stack 1)/12.8535 (F-Stack 2)/9.6424 (Backtested Max),2028-03-04 (Max)/2026-09-21 (Avg),7.79/7.0017/7.3934/6.6643/No F-Track Level/No F-Track Level/7.86,"93.33%, Past 20 years, 15",No Information,No Information,No Information,"61.8% (Price: 7.75), 9.68% above, Upmove Bounce Back","2024-09-22 (Price: 7.07), 2025-02-09 (Price: 8.85)",No Information,20.53%/2.63%/13.95%,"4.23%, 15.35%",2 years/2.1 months/11.8 months,9.21%,4.75%,4.46%,0.88,0.23,96.55%/87/1.1 year (Across ALL Assets),70.5%/139/7.1 months (Across ALL Assets)
FRACTAL TRACK,"MX.TO, Long, 2025-08-31 (Price: 48.78)",Weekly,2026-01-08 (Price: 62.74) (Today),No Price Target,No Date Target,17.05%/39.85%,"28.62%, 4.3 months","2026-01-08 (Price: 62.74), 28.62% above",87.74 (Exit Rule)/73.435 (Horizontal)/104.8718 (F-Stack 1)/122.9238 (F-Stack 2),2030-03-26 (Max)/2026-11-08 (Avg),45.56/38.425/48.7635/45.8359/No F-Track Level/No F-Track Level/No EMA 200 Support,"94.44%, Past 20 years, 18",No Information,No Information,No Information,"50% (Price: 45.71), 37.26% above, Upmove Bounce Back","2020-03-29 (Price: 13.24), 2025-02-09 (Price: 78.18)",No Information,22.38%/3.19%/16.45%,"5.57%, 73.13%",3.2 years/28 days/10 months,13.05%,2.99%,10.06%,1.75,0.22,96.55%/87/1.1 year (Across ALL Assets),70.5%/139/7.1 months (Across ALL Assets)
DELTADRIFT,"INDY, Long, 2025-12-22 (Price: 49.33)",Daily,No Exit Yet,No Price Target,2026-01-06 (Avg),2.64%/4.5%,"-1.16%, 17 days","2026-01-08 (Price: 48.76), 1.16% below",51.0023 (Historic Rise or Fall to Pivot)/50.953 (Avg % Gain of Historic Winning trades)/50.98 (Exit Rule)/54.474 (Horizontal)/60.9145 (F-Stack 1)/68.1277 (F-Stack 2)/52.22 (EMA 200)/54.4801 (Backtested Max)/50.0453 (Backtested Min),2026-01-28 (Max),48.03/40.73/48.7816/37.969/No F-Track Level/No F-Track Level/No EMA 200 Support,"72.73%, Past 4 years, 11",No Information,No Information,No Information,No Information,No Information,No Information,10.44%/1.45%/3.29%,"3.67%, 4.22%",26 days/4 days/11 days,8.33%,2.61%,5.72%,0.34,0.03,86.49%/111/12 days (Across ALL Assets),78.66%/478/16 days (Across ALL Assets)
FRACTAL TRACK,"META, Short, 2025-11-30 (Price: 647.95)",Monthly,No Exit Yet,No Price Target,2026-01-09 (Min),-65.48%/-56.63%,"0.29%, 1.3 month","2026-01-08 (Price: 646.06), 0.29% below",559.6344 (Historic Rise or Fall to Pivot)/554.6452 (Avg % Gain of Historic Winning trades)/223.05 (Exit Rule)/280.19 (Horizontal)/556.264 (F-Stack 1),2026-04-13 (Max)/2026-01-09 (Min)/2026-02-11 (Avg),No support/280.19/556.264/No support/No F-Track Level/No F-Track Level/No support,"100.0%, Past 13 years, 4",No Information,No Information,No Information,"23.66% (Price: 628.6993), 2.76% above, Upmove Break Below","2022-11-30 (Price: 88.09), 2025-08-31 (Price: 796.25)",No Information,32.63%/3.19%/14.4%,"0.0%, 32.63%",3.1 months/28 days/1.7 month,10.6%,5.4%,5.2%,0.76,0.8,83.33%/6/1.2 month (Across ALL Assets),50.0%/14/1.7 month (Across ALL Assets)
FRACTAL TRACK,"NFLX, Short, 2025-12-31 (Price: 93.76)",Quarterly,2026-01-08 (Price: 90.53) (Today),No Price Target,No Date Target,-74.54%/-61.49%,"3.44%, 8 days","2026-01-08 (Price: 90.53), 3.44% below",66.1196 (Avg % Gain of Historic Winning trades)/23.05 (Exit Rule)/34.8663 (Horizontal)/86.4764 (F-Stack 1)/77.567 (F-Stack 2),2026-05-14 (Max)/2026-05-10 (Min)/2026-05-10 (Min),No support/34.8663/86.4764/77.567/No F-Track Level/No F-Track Level/No support,"100.0%, Past 23 years, 6",No Information,No Information,No Information,"23.66% (Price: 106.2331), 14.78% below, Upmove Break Below","2022-06-30 (Price: 16.271), 2025-06-30 (Price: 134.115)",No Information,53.32%/10.52%/29.48%,"0.0%, 53.32%",3.1 months/3 months/3 months,11.77%,5.5%,6.27%,1.3,0.88,100.0%/2/7.6 months (Across ALL Assets),63.64%/11/4.1 months (Across ALL Assets)
FRACTAL TRACK,"AMD, Short, 2025-12-30 (Price: 215.34)",Daily,2026-01-08 (Price: 204.68) (Today),No Price Target,2026-01-10 (Avg),-64.5%/-19.23%,"4.95%, 9 days","2026-01-08 (Price: 204.68), 4.95% below",184.85 (Exit Rule)/72.6533 (Horizontal)/187.3421 (F-Stack 1)/170.075 (F-Stack 2)/165.32 (EMA 200),2026-03-18 (Max)/2026-01-10 (Avg),No support/72.6533/187.3421/170.075/No F-Track Level/No F-Track Level/No EMA 200 Support,"85.0%, Past 5 years, 40",No Information,No Information,No Information,"38.2% (Price: 222.0896), 7.84% below, Upmove Break Below","2025-10-29 (Price: 257.4), 2025-11-25 (Price: 206.58)",No Information,8.59%/0.06%/4.31%,"24.21%, 11.06%",1.8 month/1 day/8 days,20.24%,5.1%,15.14%,0.39,0.6,42.86%/7/15 days (Across ALL Assets),28.57%/7/5 days (Across ALL Assets)
